[75230,58418,1.0,0.4532394724403282]
[70680,70671,1.0,0.9872021338195044]
[70680,70677,1.0,0.9863444106692562]
[70680,70674,1.0,0.617197051972741]
[70677,70671,1.0,0.991273886931284]
[70677,70674,1.0,0.6620182381449824]
[70674,70671,1.0,0.6620182381449824]
[70683,70680,1.0,0.9834274012821238]
[70683,70671,1.0,0.9936734116065394]
[70683,70677,1.0,0.9886002185014459]
[70683,70674,1.0,0.6255188870675098]
[58418,22362,1.0,0.5089741440512332]
[58418,40438,1.0,0.8578989961127726]
[93293,93284,1.0,0.9729007574322545]
[93293,93290,1.0,0.9729007574322545]
[93290,93284,1.0,0.9952227536000962]
[93290,27722,1.0,0.6160584591861663]
[90362,90359,1.0,0.994754850866769]
[90365,90362,1.0,0.9876111159047958]
[90365,90359,1.0,0.9919298296019287]
[74323,74320,1.0,0.993172515220938]
[123229,77424,1.0,0.4169232104636527]
[88838,88835,1.0,0.9952227536000962]
[94062,94059,1.0,0.9938647243311929]
[94071,94062,1.0,0.9737013123362656]
[94071,94068,1.0,0.9636324151022935]
[94071,94059,1.0,0.9877726362494229]
[94071,94065,1.0,0.8481537329955513]
[94068,94062,1.0,0.9610989662280002]
[94068,94059,1.0,0.9827553045644251]
[94068,94065,1.0,0.9172677575544406]
[88841,88838,1.0,0.9694943053382364]
[88841,88835,1.0,0.9694943053382364]
[16648,16645,1.0,0.8973718531978105]
[74329,74323,1.0,0.9520509430148256]
[74329,74320,1.0,0.9879864505635564]
[74329,74326,1.0,0.9371062032958875]
[94065,94062,1.0,0.8338154154980012]
[94065,94059,1.0,0.9113835666252442]
[16654,16648,1.0,0.8706685811275775]
[16654,16645,1.0,0.9877726362494229]
[77424,77421,1.0,0.9952227536000962]
[74326,74323,1.0,0.9793336946622435]
[74326,74320,1.0,0.9707750633830411]
[77427,77421,1.0,0.9933550320030448]
[77427,77424,1.0,0.9952227536000962]
[61147,39621,1.0,0.4662236411658632]
[61147,37289,1.0,0.5628883585974145]
[67480,67477,1.0,0.854408137986852]
[67480,67474,1.0,0.9580751365125239]
[103393,37289,1.0,0.5042429045232505]
[83865,83862,1.0,0.9952227536000962]
[83865,19067,1.0,0.5808362562370087]
[67477,67474,1.0,0.993318996418406]
[91907,19067,1.0,0.6248620362625524]
[39621,19067,1.0,0.5902296202884262]
[78233,19067,1.0,0.6466659372279284]
[101239,61147,1.0,0.41784216478755826]
[101239,231,1.0,0.44295070846370116]
[101239,31413,1.0,0.5413175508168195]
[101239,19067,1.0,0.5739965068046764]
[37289,19067,1.0,0.6739263599936637]
[15994,15991,1.0,0.9884976622176969]
[100135,37487,1.0,0.4164467972163124]
[100135,83564,1.0,0.5174099122223599]
[83564,37487,1.0,0.5109558580877575]
[123346,98985,1.0,0.5358752807546906]
[52679,52676,1.0,0.9952227536000962]
[11691,11688,1.0,0.994342093446844]
[11691,11685,1.0,0.9952227536000962]
[11688,11685,1.0,0.994342093446844]
[89316,89313,1.0,0.9935382116523259]
[98985,7999,1.0,0.49202327514178945]
[63876,63873,1.0,0.9915109344753413]
[52682,52679,1.0,0.9184925145669735]
[52682,52676,1.0,0.9184925145669735]
[52685,52679,1.0,0.9952227536000962]
[52685,52676,1.0,0.9952227536000962]
[52685,52682,1.0,0.8882691968123383]
[15036,15033,1.0,0.9952227536000962]
[68847,68841,1.0,0.9950711485237386]
[68847,68844,1.0,0.9854071672698695]
[15042,15036,1.0,0.9877726362494229]
[15042,15039,1.0,0.9663484505044586]
[15042,15033,1.0,0.9877726362494229]
[106345,23827,1.0,0.48378848024529597]
[106345,49912,1.0,0.427226290274015]
[15039,15036,1.0,0.9842365892721153]
[15039,15033,1.0,0.9842365892721153]
[68844,68841,1.0,0.9869505079914979]
[49912,14369,1.0,0.4704650205029951]
[8068,8059,1.0,0.9940437414908686]
[8068,8062,1.0,0.9940437414908686]
[8071,8059,1.0,0.9874006128260854]
[8071,8068,1.0,0.9844231807849724]
[8071,8062,1.0,0.9874006128260854]
[8062,8059,1.0,0.9952227536000962]
[62675,62672,1.0,0.9814195831118837]
[71807,32705,1.0,0.46180112380667715]
[71807,21575,1.0,0.6308295403229184]
[56647,56644,1.0,0.9952227536000962]
[7625,7619,1.0,0.9952227536000962]
[7625,7622,1.0,0.9187787630148765]
[63368,63359,1.0,0.9952227536000962]
[63368,63365,1.0,0.9946939993737459]
[109464,89888,1.0,0.5232744186753386]
[63365,63359,1.0,0.9809484613753684]
[59561,59558,1.0,0.8087768083926372]
[115485,115479,1.0,0.9866407509506427]
[115485,81643,1.0,0.4599600887784085]
[115485,115482,1.0,0.9822620023356022]
[65137,65134,1.0,0.9589607636927523]
[7628,7625,1.0,0.9842463203912916]
[7628,7619,1.0,0.9842463203912916]
[7628,7622,1.0,0.8035905716423003]
[115479,81643,1.0,0.4599600887784085]
[115488,115485,1.0,0.9002254092267232]
[115488,115479,1.0,0.9576986022797834]
[115488,81643,1.0,0.5428394693707421]
[115488,115482,1.0,0.9682038720021351]
[81643,81640,1.0,0.862997916039782]
[81643,71807,1.0,0.5234099348842451]
[81643,78157,1.0,0.43695012437177466]
[81643,63368,1.0,0.568407911195812]
[81643,30885,1.0,0.5675277022877797]
[81643,70411,1.0,0.8016641530067867]
[7622,7619,1.0,0.9282284638939726]
[115482,115479,1.0,0.9933245695359958]
[115482,81643,1.0,0.4599600887784085]
[63371,63359,1.0,0.9760599432753083]
[63371,63368,1.0,0.9760599432753083]
[63371,63365,1.0,0.9492042176032615]
[76070,76067,1.0,0.9909728179801929]
[76073,76067,1.0,0.9952227536000962]
[76073,76070,1.0,0.9945658731879131]
[98451,942,1.0,0.4828649276928211]
[98451,98442,1.0,0.9853020083620703]
[98451,98439,1.0,0.9853020083620703]
[34267,942,1.0,0.787932133066633]
[34267,28669,1.0,0.53212585473329]
[98442,942,1.0,0.5335807632252646]
[98442,98439,1.0,0.9952227536000962]
[127366,98451,1.0,0.40748338041113813]
[127366,942,1.0,0.4424811280765375]
[127366,98442,1.0,0.40748338041113813]
[127366,98439,1.0,0.40748338041113813]
[127366,82191,1.0,0.560639078744306]
[67039,67036,1.0,0.9896458009920125]
[98439,942,1.0,0.5335807632252646]
[82191,34267,1.0,0.7264991825918073]
[82191,36009,1.0,0.5582734604101879]
[82191,82188,1.0,0.9815719178739348]
[36009,942,1.0,0.5053201818322121]
[48148,942,1.0,0.45316641114408157]
[48148,34267,1.0,0.41007354552408654]
[102187,34267,1.0,0.6088710829404618]
[34364,25951,1.0,0.427632225026382]
[1449,1446,1.0,0.9688974638784572]
[130143,130137,1.0,0.8368553408157574]
[130143,130140,1.0,0.9052487625952074]
[130143,130134,1.0,0.958268382854342]
[49426,49420,1.0,0.9909728179801929]
[49426,49423,1.0,0.9878228694198509]
[92106,92103,1.0,0.9803723497193976]
[89064,89061,1.0,0.977654719923328]
[5936,5933,1.0,0.9845863119909801]
[130137,130134,1.0,0.9881749622591345]
[17866,17863,1.0,0.930338281239879]
[32863,32857,1.0,0.9930409068020026]
[89282,2331,1.0,0.5276639680644114]
[130140,130137,1.0,0.9568182348189791]
[130140,130134,1.0,0.9777855346500491]
[25516,25510,1.0,0.9854666649603437]
[25516,25504,1.0,0.9952227536000962]
[25516,25513,1.0,0.989769623084599]
[114444,49429,1.0,0.4021040278027218]
[124524,124521,1.0,0.9921471266607758]
[25510,25504,1.0,0.9854666649603437]
[49429,49426,1.0,0.9406609568992086]
[49429,49420,1.0,0.946080279499519]
[49429,49423,1.0,0.9358094665222756]
[90422,90419,1.0,0.9934197647450789]
[49423,49420,1.0,0.9935126676877665]
[5939,5936,1.0,0.9379286231426679]
[5939,5933,1.0,0.977654719923328]
[130146,130143,1.0,0.7065435428444623]
[130146,130137,1.0,0.7270061890889675]
[130146,130140,1.0,0.8460154554019699]
[130146,130134,1.0,0.7861138539744544]
[89067,89064,1.0,0.8563847618111657]
[89067,89061,1.0,0.9602478586217085]
[90428,90419,1.0,0.9952227536000962]
[90428,90422,1.0,0.9912498675642931]
[90428,42360,1.0,0.41504538005521235]
[32866,32857,1.0,0.9388066796022526]
[32866,32863,1.0,0.9537210263015622]
[25513,25510,1.0,0.9713114969313421]
[25513,25504,1.0,0.989769623084599]
[56371,56365,1.0,0.9492121621544173]
[56784,56781,1.0,0.9525493084443746]
[56787,56781,1.0,0.9944419907168713]
[56787,56784,1.0,0.9467321235963381]
[73033,57065,1.0,0.48888870891025227]
[73033,73030,1.0,0.9742206900346707]
[32357,32354,1.0,0.9914854004045704]
[77216,77213,1.0,0.9902552704562724]
[100389,73033,1.0,0.47583735044433534]
[100389,32357,1.0,0.6241344732966327]
[100389,57065,1.0,0.9013207432382895]
[100389,32354,1.0,0.5387866313920183]
[100389,73721,1.0,0.47163520999456576]
[100389,11582,1.0,0.4853272708517885]
[100389,51091,1.0,0.5347033663281612]
[100389,32363,1.0,0.5387866313920183]
[100389,23788,1.0,0.4605581645525271]
[100389,69749,1.0,0.5065044004657825]
[100389,11576,1.0,0.47388363570396164]
[100389,80397,1.0,0.5211069675194768]
[11582,11576,1.0,0.9916377959572225]
[11582,11579,1.0,0.9901782459143305]
[122827,57065,1.0,0.46501947973466157]
[122827,73721,1.0,0.4092638338718519]
[77360,77357,1.0,0.9858408878779444]
[32363,32357,1.0,0.9838422457755717]
[32363,32354,1.0,0.9905564682541387]
[69749,57065,1.0,0.6762707918265726]
[92816,92813,1.0,0.9912191412308747]
[80397,57065,1.0,0.4483944512775971]
[101052,69574,1.0,0.4440716092896201]
[11579,11576,1.0,0.9945081630075626]
[48320,14214,1.0,0.5245490586392774]
[103212,88355,1.0,0.4095643964995625]
[103212,4311,1.0,0.6287401396667425]
[51960,51957,1.0,0.9333080684042444]
[122646,103212,1.0,0.5861088762568748]
[122649,103212,1.0,0.5242980819737996]
[122649,122646,1.0,0.9797608061294161]
[89580,89574,1.0,0.9940528687790091]
[89580,89577,1.0,0.9258966125202995]
[89577,89574,1.0,0.9187787630148765]
[89583,89574,1.0,0.9463618514767461]
[89583,89580,1.0,0.9364828782915013]
[89583,89577,1.0,0.7189854705271789]
[121524,5485,1.0,0.41331618037393797]
[85250,85247,1.0,0.9935292479653834]
[114868,114862,1.0,0.9899899668414485]
[114868,114865,1.0,0.9952227536000962]
[79217,79214,1.0,0.7352029788661106]
[79217,79211,1.0,0.9831795960723586]
[79217,79208,1.0,0.9867593649390504]
[47104,47095,1.0,0.9070211231685509]
[47104,47101,1.0,0.8892274052495795]
[47104,47098,1.0,0.8089807140990828]
[132207,99216,1.0,0.4271098315653118]
[79214,79211,1.0,0.6591028128783515]
[79214,79208,1.0,0.7082275223496832]
[47101,47095,1.0,0.9939453078520322]
[47101,47098,1.0,0.983975223388003]
[114865,89643,1.0,0.4129653005845306]
[114865,85247,1.0,0.41806601183677683]
[114865,85250,1.0,0.41806601183677683]
[114865,114862,1.0,0.9952227536000962]
[114865,47095,1.0,0.6827452356110892]
[114865,47101,1.0,0.6827452356110892]
[114865,85253,1.0,0.4073610177678163]
[114865,47098,1.0,0.654873287625112]
[83892,83877,1.0,0.9568646951915091]
[83892,83886,1.0,0.9865528344173183]
[83892,83880,1.0,0.9854061780643094]
[83892,83883,1.0,0.9746228134817648]
[85253,85247,1.0,0.9914729588753374]
[85253,85250,1.0,0.9914729588753374]
[107863,107857,1.0,0.9879864505635564]
[107863,107860,1.0,0.9879864505635564]
[114871,114868,1.0,0.9709928932565469]
[114871,114862,1.0,0.9821119590451699]
[114871,47095,1.0,0.4140878301494744]
[114871,47101,1.0,0.4140878301494744]
[114871,114865,1.0,0.9891164748499857]
[107866,107857,1.0,0.9794987775591473]
[107866,107863,1.0,0.9541630645013889]
[107866,107860,1.0,0.9774318784589612]
[79220,79217,1.0,0.9889713688336504]
[79220,79214,1.0,0.7082275223496832]
[79220,79211,1.0,0.9889207124295469]
[79220,79208,1.0,0.9859369605433117]
[83886,83877,1.0,0.969987547452846]
[83886,83880,1.0,0.9902570385699506]
[83886,83883,1.0,0.9727602443159851]
[79211,79208,1.0,0.9783905741420951]
[37049,37046,1.0,0.9879556501237028]
[83880,83877,1.0,0.9832800042420236]
[47098,47095,1.0,0.9871639783197805]
[83883,83877,1.0,0.9905564682541387]
[83883,83880,1.0,0.9877018495394407]
[107860,107857,1.0,0.9917038292066669]
[97125,10930,1.0,0.5276476211503677]
[114793,114790,1.0,0.9873991422976188]
[10930,10701,1.0,0.7970986671673637]
[114796,114790,1.0,0.9927904021198166]
[114796,114793,1.0,0.9671727602736884]
[131503,131494,1.0,0.9952227536000962]
[131503,131500,1.0,0.9209901098673113]
[131500,131494,1.0,0.9209901098673113]
[113503,12042,1.0,0.511970963188088]
[27617,12042,1.0,0.4216235371497213]
[76386,41848,1.0,0.5880034881830183]
[42403,42400,1.0,0.9942129708818666]
[127641,97125,1.0,0.45051962295540604]
[127641,117228,1.0,0.4585603086496452]
[127641,14570,1.0,0.5210598133225818]
[127641,10701,1.0,0.4341663502772382]
[127641,76386,1.0,0.41758792821789364]
[16073,11164,1.0,0.524228465314441]
[102697,2918,1.0,0.4453364581160778]
[102697,9832,1.0,0.4073593371723248]
[111753,10930,1.0,0.4472114437306699]
[105220,54467,1.0,0.5844229183461366]
[102025,95125,1.0,0.4083826508816703]
[91104,91092,1.0,0.9929984661036967]
[91104,91101,1.0,0.980863841499735]
[91104,91095,1.0,0.988287278077456]
[91104,91098,1.0,0.9893404199886654]
[124230,95125,1.0,0.5951647348489311]
[124230,26719,1.0,0.44382335448258486]
[95125,77947,1.0,0.5558633937714857]
[95125,95122,1.0,0.9678041059642595]
[95125,59213,1.0,0.4352932085771068]
[95125,26958,1.0,0.4014132232773788]
[127932,51271,1.0,0.4342583829943188]
[59213,43894,1.0,0.5073087082770572]
[91101,91092,1.0,0.9626066891098518]
[91101,91095,1.0,0.9433019407027964]
[91101,91098,1.0,0.9618164154909993]
[91095,91092,1.0,0.9918818867765093]
[84890,84887,1.0,0.9676114044014619]
[91098,91092,1.0,0.9945658731879131]
[91098,91095,1.0,0.9908456002683191]
[127935,127932,1.0,0.9895864312524564]
[127935,51271,1.0,0.44257910051621563]
[41348,41345,1.0,0.4273271577925819]
[7472,7469,1.0,0.989593018723253]
[41351,41348,1.0,0.47595966973864384]
[41351,41345,1.0,0.9034583763718093]
[48481,48475,1.0,0.7514912650561123]
[48481,48478,1.0,0.8157742580521823]
[48481,48469,1.0,0.8341950423112858]
[48481,48472,1.0,0.6069852278656782]
[93671,93668,1.0,0.9225003494895431]
[48475,48469,1.0,0.9618695620644084]
[48475,48472,1.0,0.8974121689239771]
[93674,93671,1.0,0.8718853100489069]
[93674,93668,1.0,0.9783487862840237]
[48478,48475,1.0,0.8964771562710485]
[48478,48469,1.0,0.9387121602129391]
[48478,48472,1.0,0.8104840188176353]
[93677,93671,1.0,0.8795533777606063]
[93677,93668,1.0,0.9911955626349124]
[93677,93674,1.0,0.9632186861312181]
[48472,48469,1.0,0.9838290097066917]
[97297,97294,1.0,0.9792750698683986]
[23336,23333,1.0,0.9070211231685509]
[76289,76286,1.0,0.9867295976848404]
[23342,23336,1.0,0.8597519659210006]
[23342,23333,1.0,0.9918115700150956]
[23342,23339,1.0,0.9797672950910998]
[97300,97297,1.0,0.9299672792721978]
[97300,97294,1.0,0.9810021859290232]
[23339,23336,1.0,0.8716164246876371]
[23339,23333,1.0,0.9926680456172919]
[80539,80536,1.0,0.977654719923328]
[80542,80536,1.0,0.9270550280737274]
[80542,80539,1.0,0.7917049772455271]
[27701,27695,1.0,0.8897660294184171]
[27701,27692,1.0,0.9905564682541387]
[83321,62413,1.0,0.4130217997128433]
[11407,11401,1.0,0.9843184291444175]
[11407,11404,1.0,0.9843184291444175]
[27695,27692,1.0,0.9094464986928898]
[11404,11401,1.0,0.9952227536000962]
[62413,46250,1.0,0.41790059106788413]
[13016,13013,1.0,0.9675099244099358]
[49419,49416,1.0,0.9591292701647975]
[74366,1469,1.0,0.4252714681683385]
[13019,13013,1.0,0.9916463613352992]
[13019,13016,1.0,0.917892227169326]
[15032,15029,1.0,0.9937807051809457]
[99904,83321,1.0,0.5451392006003813]
[15035,15029,1.0,0.9899034217576608]
[15035,15032,1.0,0.977446452775398]
[105420,105417,1.0,0.8768413270919048]
[48425,48422,1.0,0.8990364921117687]
[48431,48425,1.0,0.894692433848971]
[48431,48428,1.0,0.8060849811951085]
[48431,48422,1.0,0.9329221753025769]
[85251,85245,1.0,0.9897328353191741]
[85251,85242,1.0,0.993833290446873]
[49881,49878,1.0,0.985597361581781]
[85245,85242,1.0,0.9919031889112758]
[85254,85251,1.0,0.6348911220920181]
[85254,85245,1.0,0.5700664983822213]
[85254,85242,1.0,0.6595707478453129]
[65023,65020,1.0,0.9536376918036572]
[88186,88183,1.0,0.993318996418406]
[65026,65020,1.0,0.9921053566973878]
[65026,65023,1.0,0.930183909010544]
[48428,48425,1.0,0.8684898196872388]
[48428,48422,1.0,0.9875726159185809]
[99033,99030,1.0,0.9763293238415088]
[99033,34689,1.0,0.4222921992433469]
[66957,66954,1.0,0.9934637941520884]
[48767,1075,1.0,0.5102677828193188]
[66966,66957,1.0,0.9615493568161336]
[66966,66954,1.0,0.9909017679143305]
[123981,1075,1.0,0.4191432962341434]
[47856,47853,1.0,0.994088103364722]
[47859,47856,1.0,0.9858039906835521]
[47859,47853,1.0,0.9883652126324259]
[20787,1075,1.0,0.5387393149225792]
[94996,41493,1.0,0.45122725947034215]
[94996,48083,1.0,0.43951175070406684]
[118096,116491,1.0,0.531010375424628]
[118096,118093,1.0,0.5926764544089284]
[118096,118090,1.0,0.8877723212684282]
[78916,78913,1.0,0.6074595757331226]
[78916,78910,1.0,0.9130400445451623]
[78916,78907,1.0,0.9470318492149944]
[78913,78910,1.0,0.8757900200463158]
[78913,78907,1.0,0.8010417627669714]
[78910,78907,1.0,0.9905564682541387]
[124800,16801,1.0,0.43589785254048913]
[124800,120052,1.0,0.4073043405926315]
[124800,11231,1.0,0.41533698073315584]
[124800,46900,1.0,0.6247296982693621]
[96604,96601,1.0,0.9908397224750475]
[42713,42710,1.0,0.9876549615488753]
[42716,42710,1.0,0.9909227332963818]
[42716,42713,1.0,0.9707964455252726]
[118093,94996,1.0,0.4341824909589649]
[118093,116491,1.0,0.4865021021121523]
[118093,118090,1.0,0.956961437229666]
[118090,116491,1.0,0.48914112751555044]
[61409,61403,1.0,0.992908095203753]
[61409,61406,1.0,0.9343889830715394]
[61412,61409,1.0,0.9330011487234487]
[61412,61403,1.0,0.9508589858485327]
[61412,61406,1.0,0.714389220407384]
[61406,61403,1.0,0.9520495146425096]
[46760,46757,1.0,0.9701438981505538]
[83060,83054,1.0,0.9800746225132377]
[124152,29475,1.0,0.47872600007027566]
[83063,83060,1.0,0.9821296437217932]
[83063,83054,1.0,0.9707904577271743]
[101799,101796,1.0,0.9100615344842683]
[22708,22702,1.0,0.9902913432757028]
[22711,22708,1.0,0.9897790518226997]
[22711,22702,1.0,0.9949181171750051]
[86087,35138,1.0,0.6116741908774596]
[35138,30584,1.0,0.4576440324377554]
[35138,11968,1.0,0.4468074637681793]
[35138,22476,1.0,0.43786950013745507]
[35138,4198,1.0,0.47136955214253934]
[47396,35138,1.0,0.643477743601226]
[102271,35138,1.0,0.4398479031177726]
[85193,35138,1.0,0.45162474827484156]
[55988,35138,1.0,0.5500032812346434]
[53350,35138,1.0,0.5331239096032068]
[78912,78909,1.0,0.9865100555301104]
[78912,78903,1.0,0.9865100555301104]
[78912,78906,1.0,0.9388816624022117]
[124246,92448,1.0,0.45249961920716214]
[91315,32635,1.0,0.41657905670717255]
[91315,78926,1.0,0.4255066315973786]
[98340,78926,1.0,0.4196342796225924]
[78909,78903,1.0,0.9952227536000962]
[78909,78906,1.0,0.977654719923328]
[83881,83878,1.0,0.9939115630013113]
[93423,78926,1.0,0.44437223787286123]
[73228,44894,1.0,0.42123292373422866]
[73228,32635,1.0,0.5360643040177522]
[43363,32635,1.0,0.5892007383768122]
[82862,78926,1.0,0.4292006532401406]
[82862,82859,1.0,0.9952227536000962]
[120802,78926,1.0,0.4253763878027044]
[21677,21674,1.0,0.8834526027065558]
[21677,21671,1.0,0.9624444948563923]
[108819,91849,1.0,0.4838046060662816]
[98140,78926,1.0,0.8498279941973558]
[83983,78926,1.0,0.4733051515869111]
[110242,110236,1.0,0.9692568691655603]
[110242,110239,1.0,0.9774295487741188]
[110242,110233,1.0,0.9822140029748381]
[34223,15946,1.0,0.406017136006432]
[83884,83881,1.0,0.6616115810224433]
[83884,83878,1.0,0.6616115810224433]
[88370,88364,1.0,0.40093159411723417]
[88370,88361,1.0,0.9900039705845446]
[88370,88367,1.0,0.9926278674655746]
[88370,88358,1.0,0.9926278674655746]
[83704,83701,1.0,0.9922234894189341]
[79288,78926,1.0,0.405506047327366]
[115461,115455,1.0,0.9952227536000962]
[115461,115458,1.0,0.5372341460256361]
[83887,83881,1.0,0.9446061937917841]
[83887,83884,1.0,0.8494906776599616]
[83887,78926,1.0,0.4277665202020498]
[83887,64891,1.0,0.46251626134586266]
[83887,78923,1.0,0.4277665202020498]
[83887,83878,1.0,0.953416621202827]
[83887,78932,1.0,0.4277665202020498]
[19342,19336,1.0,0.9952227536000962]
[78926,78912,1.0,0.40915901960802187]
[78926,2415,1.0,0.43981398628225193]
[78926,78908,1.0,0.4016505958480708]
[78926,17731,1.0,0.434563740597837]
[78926,27500,1.0,0.4185401665617133]
[78926,21677,1.0,0.42105056246446787]
[78926,42646,1.0,0.4004318752605958]
[78926,56745,1.0,0.5361352609772697]
[78926,76188,1.0,0.42998745490978446]
[78926,54210,1.0,0.5803549900121043]
[78926,71669,1.0,0.8769649732618349]
[78926,17919,1.0,0.5365032548435289]
[78926,20935,1.0,0.5264044896907423]
[78926,78923,1.0,0.9952227536000962]
[78926,33801,1.0,0.7276324126702667]
[78926,24142,1.0,0.514361322083987]
[78926,24323,1.0,0.6982744010610296]
[78926,47445,1.0,0.45951454542921083]
[78926,2784,1.0,0.4464871978212687]
[78926,21671,1.0,0.40185941859026103]
[78926,58688,1.0,0.776307221939446]
[78926,34647,1.0,0.6623466852478324]
[92448,43363,1.0,0.5602935443077515]
[92448,91366,1.0,0.4952080236001626]
[105721,78926,1.0,0.715762995588529]
[88364,88358,1.0,0.40911639970555436]
[88361,88358,1.0,0.9933550320030448]
[84027,78926,1.0,0.4832586401227376]
[88367,88364,1.0,0.40911639970555436]
[88367,88361,1.0,0.9933550320030448]
[88367,88358,1.0,0.9952227536000962]
[91361,59604,1.0,0.6019654620543653]
[81512,81509,1.0,0.9929984661036967]
[110236,110233,1.0,0.9849119212551347]
[129775,78926,1.0,0.4131572624061597]
[110239,110236,1.0,0.9854777865780232]
[110239,110233,1.0,0.9921319581968403]
[78932,78926,1.0,0.9905564682541387]
[78932,78923,1.0,0.9905564682541387]
[82865,82862,1.0,0.9762807068674978]
[82865,82859,1.0,0.9762807068674978]
[21674,21671,1.0,0.9792808156791193]
[59604,59601,1.0,0.9952227536000962]
[96090,78926,1.0,0.41508272484544223]
[78906,78903,1.0,0.977654719923328]
[89434,78926,1.0,0.6905372119698459]
[89434,34647,1.0,0.4810387798876546]
[101977,43363,1.0,0.47007345954023705]
[101977,78926,1.0,0.4609666248644351]
[101977,92448,1.0,0.6381134091318977]
[117205,17731,1.0,0.6344729796948543]
[117205,82862,1.0,0.574677674229714]
[117205,82859,1.0,0.5128530879332717]
[114430,78926,1.0,0.585437536600828]
[83707,83704,1.0,0.9839229849703981]
[83707,83701,1.0,0.9852952983157007]
[68761,44326,1.0,0.47627175932682747]
[122307,88082,1.0,0.4011504412873142]
[122307,44326,1.0,0.781067984685625]
[122307,15487,1.0,0.520159096038493]
[122307,15787,1.0,0.669013977649199]
[122307,37715,1.0,0.433190251573378]
[122307,102060,1.0,0.5617744292811323]
[105489,44326,1.0,0.40488140011160584]
[112959,44326,1.0,0.4532219575903825]
[80650,44326,1.0,0.4417700984905431]
[80650,80647,1.0,0.9810719429273466]
[80650,15787,1.0,0.5337349047806483]
[88082,44326,1.0,0.40408345697935094]
[88082,15487,1.0,0.4068469852285498]
[88082,15478,1.0,0.4068469852285498]
[88082,88079,1.0,0.9952227536000962]
[88082,77599,1.0,0.5129041525236803]
[70469,44326,1.0,0.4351638750111474]
[70469,15787,1.0,0.5043056631712131]
[44326,3764,1.0,0.7031010646176185]
[44326,22497,1.0,0.5551882243838554]
[44326,15487,1.0,0.4886383682920519]
[44326,34319,1.0,0.4784425530965331]
[44326,15478,1.0,0.4886383682920519]
[44326,29061,1.0,0.5919152035766069]
[44326,15481,1.0,0.4532551123737005]
[44326,21368,1.0,0.4619672432703462]
[44326,32282,1.0,0.47170340673147454]
[44326,792,1.0,0.48891906992215595]
[44326,1662,1.0,0.5176499634858138]
[44326,15787,1.0,0.46457408775132997]
[44326,8500,1.0,0.42280551031398333]
[44326,15484,1.0,0.5370167497145162]
[44326,12989,1.0,0.5434798315885179]
[44326,32139,1.0,0.40375678985686675]
[58143,58140,1.0,0.9877812743869288]
[9275,9269,1.0,0.9883652126324259]
[9275,9272,1.0,0.9500080799622397]
[58140,44326,1.0,0.4283994171678842]
[62118,44326,1.0,0.5412236743009426]
[15487,15478,1.0,0.9952227536000962]
[15487,15481,1.0,0.9840372084940835]
[15487,15484,1.0,0.940424133227056]
[80347,44326,1.0,0.5010900828345263]
[80347,22497,1.0,0.4310714028634875]
[80347,32282,1.0,0.7886077682082383]
[80347,57189,1.0,0.4094409239833244]
[86356,44326,1.0,0.4387583297182796]
[68870,44326,1.0,0.5555143868787954]
[68870,37715,1.0,0.5404407210520925]
[80647,44326,1.0,0.52191323787545]
[80647,15787,1.0,0.4765256353753905]
[82257,44326,1.0,0.5953922352192954]
[80653,80650,1.0,0.969449815960003]
[80653,44326,1.0,0.52191323787545]
[80653,80647,1.0,0.9916214240537309]
[80653,15787,1.0,0.43627181803571125]
[88079,44326,1.0,0.40408345697935094]
[88079,15487,1.0,0.4068469852285498]
[72047,44326,1.0,0.4063234705175317]
[15481,15478,1.0,0.9840372084940835]
[47546,44326,1.0,0.5591840432119279]
[72100,44326,1.0,0.4711498296717293]
[122310,68761,1.0,0.6502165497743436]
[122310,122307,1.0,0.9914906989098394]
[122310,44326,1.0,0.7642516246337643]
[122310,3764,1.0,0.40883613698888777]
[122310,55998,1.0,0.5708504708786064]
[122310,15487,1.0,0.4395256819134456]
[122310,68870,1.0,0.5562104621807159]
[122310,80647,1.0,0.43376660444516135]
[122310,15478,1.0,0.4395256819134456]
[122310,80653,1.0,0.43376660444516135]
[122310,15481,1.0,0.4064376927715916]
[122310,47546,1.0,0.4008311919580522]
[122310,72100,1.0,0.5570880259571499]
[122310,49999,1.0,0.7905031989091447]
[122310,1662,1.0,0.6241775991495238]
[122310,15787,1.0,0.5724621308578075]
[122310,8500,1.0,0.4274942487753044]
[122310,15484,1.0,0.4358285672900639]
[122310,80656,1.0,0.43376660444516135]
[122310,37715,1.0,0.43050603046200786]
[122310,102060,1.0,0.6595033032529237]
[122310,82218,1.0,0.7513369410427454]
[49999,44326,1.0,0.4543916387067628]
[69491,44326,1.0,0.4172501452924323]
[132453,44326,1.0,0.47344829801551447]
[132453,15787,1.0,0.49747679137414164]
[132453,80656,1.0,0.5690308727997023]
[72628,44326,1.0,0.6009775189178573]
[50150,44326,1.0,0.5549648106328754]
[9272,9269,1.0,0.9666784758349796]
[52870,44326,1.0,0.5972048690108304]
[15484,15478,1.0,0.9580307850286071]
[15484,15481,1.0,0.8929963494605129]
[80656,80650,1.0,0.9877726362494229]
[80656,44326,1.0,0.52191323787545]
[80656,80647,1.0,0.9952227536000962]
[80656,80653,1.0,0.9937859304388856]
[80656,15787,1.0,0.4765256353753905]
[88085,88082,1.0,0.9870662298793342]
[88085,88079,1.0,0.9790609692875308]
[61248,44326,1.0,0.515499841628601]
[120243,44326,1.0,0.5448640933596904]
[102060,44326,1.0,0.4245233851895153]
[102060,49999,1.0,0.6106945151517711]
[102060,82218,1.0,0.5635415514743048]
[113041,44326,1.0,0.4302744542318235]
[113041,80656,1.0,0.4313915428340457]
[77599,44326,1.0,0.47860239755035255]
[77599,15487,1.0,0.42679087665799503]
[86049,44326,1.0,0.5354408136331509]
[117384,44326,1.0,0.5924874224520635]
[104334,44326,1.0,0.5042679385619703]
[95776,44326,1.0,0.5786307351334653]
[82218,44326,1.0,0.42839354668726315]
[82218,80347,1.0,0.517017665851505]
[82218,15787,1.0,0.4316658508891552]
[82218,52870,1.0,0.5451396194442151]
[82218,80656,1.0,0.5183045653437769]
[82218,37715,1.0,0.4305772506708437]
[58145,44326,1.0,0.5589912878893489]
[66557,66554,1.0,0.49289129999821446]
[113473,113464,1.0,0.9908024501717184]
[113473,112267,1.0,0.4310080930856177]
[113473,113470,1.0,0.6025335015629746]
[113473,113467,1.0,0.9887694169062812]
[113464,112267,1.0,0.4310080930856177]
[112267,49596,1.0,0.41380693714560624]
[112267,93181,1.0,0.46747509407123716]
[113470,113464,1.0,0.699771004647776]
[113470,113467,1.0,0.699771004647776]
[123588,92658,1.0,0.4438598411056526]
[96138,96135,1.0,0.9933607062578763]
[113467,113464,1.0,0.9919180930178195]
[113467,112267,1.0,0.4310080930856177]
[106291,106285,1.0,0.9950492062368131]
[102769,92658,1.0,0.43250469451088264]
[102769,30415,1.0,0.5080856297654854]
[88257,88254,1.0,0.9822141118700841]
[33717,33714,1.0,0.9946149626479851]
[33720,33717,1.0,0.9833514052893394]
[33720,33714,1.0,0.9833514052893394]
[120456,63660,1.0,0.4278382357411437]
[56504,28823,1.0,0.5929760415909291]
[56504,56498,1.0,0.9649686174049533]
[56504,46267,1.0,0.47621516628735483]
[56504,3778,1.0,0.7283405506818104]
[56504,56501,1.0,0.9588029397100397]
[56504,42002,1.0,0.626363254191202]
[28823,12595,1.0,0.8405624540319571]
[80708,56504,1.0,0.668524707581658]
[80708,12595,1.0,0.6872097991732912]
[56501,56498,1.0,0.993833290446873]
[12595,3778,1.0,0.4604216855813654]
[63660,56504,1.0,0.6372406346448231]
[63660,12595,1.0,0.7792834689972667]
[63660,32910,1.0,0.48266403631603194]
[42002,12595,1.0,0.490730047577766]
[42002,16738,1.0,0.5787620594065089]
[53197,674,1.0,0.5725864769953171]
[103224,674,1.0,0.4353361918120955]
[116767,116764,1.0,0.9952227536000962]
[116767,83177,1.0,0.5474751763370415]
[116764,83177,1.0,0.5474751763370415]
[53880,53868,1.0,0.9873322021366725]
[53880,53877,1.0,0.9412674092735209]
[53880,53871,1.0,0.9035173129644154]
[53880,53874,1.0,0.9462675348248631]
[53880,53865,1.0,0.9905564682541387]
[47924,47921,1.0,0.992623863284103]
[47924,47918,1.0,0.9933550320030448]
[14093,14087,1.0,0.9911955626349124]
[14093,14090,1.0,0.9887374587194677]
[53868,53865,1.0,0.9822823109963214]
[67064,52261,1.0,0.43721805799661473]
[67064,59096,1.0,0.4739515114496357]
[99597,99591,1.0,0.980928156899403]
[99597,99594,1.0,0.9881049256374457]
[48231,48228,1.0,0.9805443313024199]
[48237,48231,1.0,0.9667728985535509]
[48237,48228,1.0,0.9952227536000962]
[53877,53868,1.0,0.9588405792045985]
[53877,53871,1.0,0.9475110325869752]
[53877,53874,1.0,0.9558561368870878]
[53877,53865,1.0,0.9684693193719629]
[53871,53868,1.0,0.8967023030431475]
[53871,53865,1.0,0.918265914975273]
[59251,59248,1.0,0.982522491387645]
[99594,99591,1.0,0.9909424776519933]
[14090,14087,1.0,0.9768916509073718]
[62214,8264,1.0,0.40465760388117805]
[47921,47918,1.0,0.9919839916101322]
[102885,38318,1.0,0.4209301684618969]
[102885,67064,1.0,0.4283299949436357]
[102885,59248,1.0,0.6613993397416433]
[102885,59251,1.0,0.6613993397416433]
[102885,86311,1.0,0.416549623895586]
[102885,26311,1.0,0.44518676487948333]
[102885,59254,1.0,0.6613993397416433]
[125182,102885,1.0,0.8924626199989963]
[85643,67064,1.0,0.6375579228135643]
[53874,53868,1.0,0.9519917918424436]
[53874,53871,1.0,0.8952200822862878]
[53874,53865,1.0,0.962820245826617]
[90578,90572,1.0,0.9905564682541387]
[90578,90575,1.0,0.9733929531497222]
[59254,59248,1.0,0.9944660782509854]
[59254,59251,1.0,0.9846394011829473]
[90575,90572,1.0,0.9836023482922865]
[69563,69557,1.0,0.9952227536000962]
[69563,69560,1.0,0.9943305873712188]
[52965,52962,1.0,0.9902635345418109]
[69323,69320,1.0,0.9725350930238095]
[51416,51410,1.0,0.9844362283459932]
[69560,69557,1.0,0.9921136341340895]
[29290,1530,1.0,0.4608988062729437]
[2694,2685,1.0,0.9750503101898181]
[2694,2682,1.0,0.9945658729539499]
[2694,2688,1.0,0.9877576688806073]
[2694,2691,1.0,0.9945658729539499]
[2694,2679,1.0,0.9945658729539499]
[2685,2682,1.0,0.9520320950592376]
[2685,2679,1.0,0.977654719923328]
[2682,2679,1.0,0.9877726362494229]
[33143,33140,1.0,0.9375267379506187]
[39897,39891,1.0,0.9860657572202711]
[39897,39894,1.0,0.9677391930231243]
[106288,15158,1.0,0.5021728821644731]
[106288,51940,1.0,0.6309769010322609]
[2688,2685,1.0,0.9536183896797457]
[2688,2682,1.0,0.9753644462004469]
[2688,2679,1.0,0.9891356835907431]
[33146,33140,1.0,0.9884804582663416]
[33146,33143,1.0,0.9046287595696565]
[2691,2685,1.0,0.977654719923328]
[2691,2682,1.0,0.9877726362494229]
[2691,2688,1.0,0.9891356835907431]
[2691,2679,1.0,0.9952227536000962]
[39894,39891,1.0,0.9875478803503387]
[90615,90612,1.0,0.9906502948474527]
[111390,16702,1.0,0.4528286998859039]
[48565,48559,1.0,0.980010867288969]
[48565,48562,1.0,0.6381042969198774]
[48568,48565,1.0,0.6283104439968756]
[48568,48559,1.0,0.9203260441665192]
[48562,48559,1.0,0.7456836132264438]
[30800,30797,1.0,0.977654719923328]
[120288,54653,1.0,0.5705886822253542]
[120288,116268,1.0,0.40182554908321705]
[120288,116271,1.0,0.4874385788342337]
[84048,64022,1.0,0.5129413632068526]
[83457,49996,1.0,0.4071571020954702]
[83457,64760,1.0,0.43357625542944916]
[83457,57047,1.0,0.4184544085839494]
[83457,57044,1.0,0.440575714227753]
[83457,62564,1.0,0.43738556598301304]
[83457,36920,1.0,0.528533449306205]
[83457,70578,1.0,0.5154964645128743]
[104223,68544,1.0,0.4212917883797252]
[104223,104220,1.0,0.9691229568078298]
[104223,22469,1.0,0.46545307714203954]
[105667,80459,1.0,0.4924309333168486]
[80459,76276,1.0,0.515433747884399]
[64760,55744,1.0,0.4289699257665169]
[68544,44200,1.0,0.40016866305893495]
[57047,57044,1.0,0.9790463390695038]
[115239,80459,1.0,0.4220508294146738]
[113718,83457,1.0,0.4369670788784611]
[113718,57404,1.0,0.5349249931700376]
[104226,104223,1.0,0.8733684364736947]
[104226,104220,1.0,0.9706671348747733]
[85484,57404,1.0,0.5081209387036578]
[76011,57404,1.0,0.5487672944068783]
[111919,64760,1.0,0.4830036519340815]
[116271,3786,1.0,0.44794945197370506]
[116271,116268,1.0,0.9914334430780534]
[116271,8228,1.0,0.42694918028496603]
[116271,62564,1.0,0.4373398018711433]
[116271,102285,1.0,0.4651186310934284]
[98155,20015,1.0,0.43946637314590875]
[98155,68544,1.0,0.4861268835499865]
[98155,98152,1.0,0.9909196098134082]
[98155,98149,1.0,0.9909196098134082]
[55744,37663,1.0,0.4406091727429136]
[55744,11349,1.0,0.4282994477737366]
[98152,20015,1.0,0.43769953522092625]
[98152,68544,1.0,0.4017948998756553]
[98152,98149,1.0,0.9943950391570788]
[98149,20015,1.0,0.4557592772305829]
[98149,68544,1.0,0.4069015450780703]
[70578,55744,1.0,0.4012335768902219]
[95997,8333,1.0,0.5391280272847043]
[63549,63546,1.0,0.9952227536000962]
[74482,74479,1.0,0.8297810963106927]
[74482,74476,1.0,0.9674981125856718]
[74479,74476,1.0,0.9501124833859139]
[116191,116188,1.0,0.9888191882320795]
[116191,116182,1.0,0.9409179644357497]
[116191,116176,1.0,0.9899899668414485]
[116191,116179,1.0,0.9686758268404869]
[116191,116185,1.0,0.9827161659425285]
[59628,59625,1.0,0.9727603981632277]
[45117,45114,1.0,0.988421098306559]
[96735,96732,1.0,0.9887100166896221]
[116188,116182,1.0,0.9517512113501453]
[116188,116176,1.0,0.9938647243311929]
[116188,116179,1.0,0.9797093975325021]
[116188,116185,1.0,0.9891719136681296]
[89217,89214,1.0,0.9926680456172919]
[116182,116176,1.0,0.9665053058710805]
[116182,116179,1.0,0.9563629765541196]
[71952,59628,1.0,0.431211594956477]
[96741,96732,1.0,0.9873575325797616]
[96741,96735,1.0,0.991100872324643]
[116179,116176,1.0,0.9894369711685421]
[116185,116182,1.0,0.9223542020377957]
[116185,116176,1.0,0.9914756223331858]
[116185,116179,1.0,0.9723081412798238]
[18933,18930,1.0,0.9921319581968403]
[82850,82847,1.0,0.9678035209160679]
[82850,82844,1.0,0.43575371717933586]
[18936,18933,1.0,0.5653135589247675]
[18936,18930,1.0,0.6289040131481983]
[82847,65185,1.0,0.4831364371686124]
[121419,121416,1.0,0.9952227536000962]
[106882,65185,1.0,0.9299329324692766]
[101596,65185,1.0,0.5389040512922904]
[87317,65185,1.0,0.4564413974828956]
[65185,18933,1.0,0.40934248898983766]
[65185,3814,1.0,0.42459295820321613]
[65185,9205,1.0,0.5299796441164162]
[65185,49499,1.0,0.5845995694301549]
[65185,39068,1.0,0.44221552646262324]
[65185,41482,1.0,0.4745173445066711]
[65185,18936,1.0,0.5214931406385834]
[65185,18930,1.0,0.44352395996936833]
[65185,30182,1.0,0.4602698129812332]
[34822,9205,1.0,0.40181307929156035]
[81781,65185,1.0,0.5293222738065978]
[121416,61055,1.0,0.5251143157997102]
[103657,65185,1.0,0.5940805608513844]
[83569,83566,1.0,0.9682391866713833]
[9897,9894,1.0,0.9937777677988837]
[23908,23905,1.0,0.953799888835054]
[124626,124620,1.0,0.9884976622176969]
[124626,124623,1.0,0.8828328967355912]
[117748,117739,1.0,0.9923123816221042]
[117748,117742,1.0,0.9923123816221042]
[117748,117745,1.0,0.9837103914384747]
[117742,117739,1.0,0.9952227536000962]
[78018,78012,1.0,0.9616415531955749]
[9903,9897,1.0,0.9744967518380647]
[9903,9894,1.0,0.9796957237528636]
[23914,23908,1.0,0.6795229098884711]
[23914,23905,1.0,0.6738355853847988]
[117745,117739,1.0,0.9847457192068374]
[117745,117742,1.0,0.9847457192068374]
[124623,124620,1.0,0.9402295501645472]
[23917,23908,1.0,0.5927835042325037]
[23917,23905,1.0,0.5795794514372582]
[23917,23914,1.0,0.987064917239262]
[71126,71123,1.0,0.99133259848331]
[57166,57163,1.0,0.9519338789244807]
[71135,71126,1.0,0.8516093797114355]
[71135,71123,1.0,0.8888499409870754]
[71135,71132,1.0,0.8892431962099012]
[71132,71126,1.0,0.9859387458916576]
[71132,71123,1.0,0.9919839916101322]
[122622,32996,1.0,0.4646067256430945]
[122622,122619,1.0,0.983221635824587]
[93937,3477,1.0,0.4469831668641101]
[19669,19663,1.0,0.9918484705620987]
[19669,19666,1.0,0.9483062151679374]
[16609,5988,1.0,0.4696262564571502]
[16609,3477,1.0,0.6590310385078118]
[16609,3468,1.0,0.6072066212039942]
[16609,7643,1.0,0.4321416485112852]
[16609,3474,1.0,0.6072066212039942]
[116775,32996,1.0,0.6747327397326431]
[3477,3468,1.0,0.9817553126573316]
[3477,3474,1.0,0.979530290479752]
[32996,3477,1.0,0.6561720624554331]
[32996,7643,1.0,0.47439490922230465]
[32996,16361,1.0,0.46403284741467465]
[75406,75403,1.0,0.9901918127542898]
[75406,75397,1.0,0.9901918127542898]
[75406,75400,1.0,0.9867738971409036]
[19604,19601,1.0,0.5881187814964576]
[122619,32996,1.0,0.4381253920191171]
[9932,9929,1.0,0.9952227536000962]
[41472,41469,1.0,0.9952227536000962]
[40737,40734,1.0,0.9877726362494229]
[80690,3477,1.0,0.6019495921258394]
[80690,80687,1.0,0.9952227536000962]
[80690,16361,1.0,0.4177845658833545]
[75403,75397,1.0,0.9952227536000962]
[75403,75400,1.0,0.9933550320030448]
[112648,14683,1.0,0.4542814421539105]
[112648,45753,1.0,0.8272888812773511]
[37404,16361,1.0,0.4603718239310483]
[80687,3477,1.0,0.5437323834099395]
[14925,14922,1.0,0.9932397957474651]
[19607,19604,1.0,0.5202058519755858]
[19607,19601,1.0,0.9788448643887221]
[41475,32996,1.0,0.5162517206586058]
[41475,41472,1.0,0.9775319757585658]
[41475,41469,1.0,0.9775319757585658]
[56262,51014,1.0,0.4337607210477148]
[56268,56262,1.0,0.9927904021198166]
[56268,56265,1.0,0.9893079527924241]
[56268,51014,1.0,0.47267237029331305]
[19666,19663,1.0,0.9483062151679374]
[75400,75397,1.0,0.9933550320030448]
[28654,3477,1.0,0.4272987417306482]
[28654,7643,1.0,0.4997723952131735]
[45753,16361,1.0,0.615546087235272]
[66077,19669,1.0,0.4410826961076908]
[66077,19663,1.0,0.4410826961076908]
[3474,3468,1.0,0.9939453078520322]
[56265,56262,1.0,0.9928064898990159]
[113542,113539,1.0,0.490737678970891]
[51014,5988,1.0,0.4979135406776988]
[51014,3477,1.0,0.6441291506404143]
[51014,3468,1.0,0.4190236172932839]
[51014,3401,1.0,0.5263692094012385]
[51014,16361,1.0,0.4202149221688927]
[51014,3474,1.0,0.4190236172932839]
[41530,41521,1.0,0.9907453314477414]
[41530,41524,1.0,0.9907453314477414]
[41530,41527,1.0,0.8530731891792004]
[41524,41521,1.0,0.9940396568789889]
[41527,41521,1.0,0.9094464986928898]
[41527,41524,1.0,0.8950440512762364]
[112914,52742,1.0,0.6037013834465391]
[112914,68447,1.0,0.4087239067401807]
[112914,4717,1.0,0.7353490103911906]
[112914,81111,1.0,0.46593760870342377]
[112914,107965,1.0,0.7105151443013972]
[112917,52742,1.0,0.6037013834465391]
[112917,4717,1.0,0.7353490103911906]
[112917,81111,1.0,0.46593760870342377]
[112917,112914,1.0,0.9927477491048532]
[112917,107965,1.0,0.7105151443013972]
[66652,31899,1.0,0.5499522688905435]
[52347,31899,1.0,0.5323082585542629]
[39609,31899,1.0,0.4980115522467232]
[13983,13980,1.0,0.9613268221448863]
[109134,31899,1.0,0.5504368799485752]
[122922,31899,1.0,0.49522802809505484]
[84899,31899,1.0,0.4528704266913685]
[95881,31899,1.0,0.4445081164118402]
[103765,31899,1.0,0.6346749889755838]
[103765,103762,1.0,0.9905564682541387]
[31899,13983,1.0,0.527853271715632]
[31899,30961,1.0,0.42342265717787936]
[31899,11225,1.0,0.45077077508441127]
[31899,13980,1.0,0.5376812833990957]
[31899,9476,1.0,0.5536883067464947]
[123052,123046,1.0,0.9731066937640676]
[58787,31899,1.0,0.47641476797222715]
[51744,11476,1.0,0.4095838129598722]
[51744,31899,1.0,0.6596131624329058]
[126769,31899,1.0,0.6293889808993869]
[70093,31899,1.0,0.6330274227675449]
[103762,31899,1.0,0.4919780535236833]
[34154,34151,1.0,0.9898801153150332]
[108225,38407,1.0,0.4603557575839882]
[47269,5892,1.0,0.44506912757915873]
[102252,89924,1.0,0.41412332370976085]
[118147,102252,1.0,0.44054479733492663]
[118147,5892,1.0,0.4033096312938006]
[118147,89924,1.0,0.7518012282927712]
[126930,47269,1.0,0.6208186051769344]
[101358,101352,1.0,0.9283971040771083]
[101358,101355,1.0,0.8926579005481229]
[101361,101358,1.0,0.9337519154722488]
[101361,101352,1.0,0.9905564682541387]
[101361,101355,1.0,0.9905564682541387]
[11166,1411,1.0,0.40234524910973907]
[88071,80775,1.0,0.6881125052748127]
[63638,61561,1.0,0.43375212901464766]
[89752,1411,1.0,0.44838930560661244]
[41964,1411,1.0,0.43655162310425444]
[101355,101352,1.0,0.9916928888813668]
[63605,1411,1.0,0.5771760257135632]
[124692,80775,1.0,0.6496700427014529]
[116620,79930,1.0,0.4042510314742124]
[79933,79927,1.0,0.9952227536000962]
[79933,79930,1.0,0.9901913218822512]
[99615,79930,1.0,0.43055151684182874]
[79936,79933,1.0,0.9952227536000962]
[79936,79927,1.0,0.9952227536000962]
[79936,79930,1.0,0.9901913218822512]
[128389,79930,1.0,0.4174765516247118]
[85540,79930,1.0,0.5049427005414233]
[130770,79930,1.0,0.5142509329063462]
[114334,66653,1.0,0.5071788283880606]
[114334,39780,1.0,0.45349253460786887]
[114334,79930,1.0,0.4574651218164334]
[114334,39529,1.0,0.44247818153941043]
[27326,27320,1.0,0.9952227536000962]
[73682,43501,1.0,0.48986889731015376]
[73682,9015,1.0,0.49504839861766275]
[103498,63307,1.0,0.5033192930683854]
[103498,71583,1.0,0.5571401013803918]
[94686,94683,1.0,0.9826584965108605]
[94689,94686,1.0,0.8740758354786649]
[94689,94683,1.0,0.9835933092060454]
[94692,94686,1.0,0.9410453250564886]
[94692,94689,1.0,0.9799438724533069]
[94692,94683,1.0,0.9939287085123063]
[28725,28722,1.0,0.9920291723687975]
[91425,79930,1.0,0.5181028424440239]
[119644,79930,1.0,0.7376177863522829]
[60271,35964,1.0,0.4097334727594221]
[60271,23085,1.0,0.5847153342891686]
[96127,91425,1.0,0.4850482186322147]
[96127,79930,1.0,0.5771011432989365]
[113527,79930,1.0,0.4937117467032054]
[66653,39529,1.0,0.4107836957454392]
[92375,79930,1.0,0.4518999820681804]
[132471,38510,1.0,0.5941243777200105]
[81700,79930,1.0,0.48688905707973296]
[28728,28722,1.0,0.9824956594848933]
[28728,28725,1.0,0.9858032598413123]
[12186,12183,1.0,0.9945658729539499]
[12198,12183,1.0,0.9895707056247579]
[12198,12186,1.0,0.9827208760795547]
[12198,12195,1.0,0.9703001085660798]
[12198,12189,1.0,0.6593298836526519]
[130284,91425,1.0,0.5188262155333504]
[130284,79930,1.0,0.5647183442166809]
[28731,28722,1.0,0.9927904021198166]
[28731,28725,1.0,0.9916604192805095]
[28731,28728,1.0,0.9727722807188338]
[79930,65098,1.0,0.5622478856048088]
[79930,196,1.0,0.5339831220591873]
[79930,56052,1.0,0.4109115342202793]
[79930,40097,1.0,0.4219561584890886]
[79930,38569,1.0,0.45992865001940497]
[79930,61378,1.0,0.5163552981785884]
[79930,41730,1.0,0.6660083994141522]
[79930,35964,1.0,0.5315590665004811]
[79930,9882,1.0,0.48516895916732233]
[79930,56718,1.0,0.4682202494043957]
[79930,35461,1.0,0.49799862546471346]
[79930,67607,1.0,0.42543762170030514]
[79930,38510,1.0,0.5713411112181301]
[79930,51312,1.0,0.4898334897271609]
[79930,32656,1.0,0.47124562380929114]
[79930,7612,1.0,0.503492334668731]
[79930,16720,1.0,0.5453700584888691]
[79930,11202,1.0,0.49539638019758225]
[79930,23085,1.0,0.5374389112361463]
[79930,8222,1.0,0.4652014903713441]
[79930,25922,1.0,0.508345504231536]
[79930,18313,1.0,0.5116534950768007]
[79930,8263,1.0,0.44158823396495517]
[79930,43501,1.0,0.46477227366413865]
[79930,44707,1.0,0.5153636755076145]
[79930,60271,1.0,0.4600217169741597]
[79930,12183,1.0,0.44185553893135276]
[79930,79927,1.0,0.9901913218822512]
[79930,66653,1.0,0.46921724489698213]
[79930,75480,1.0,0.4370572928312743]
[79930,73410,1.0,0.5236667256713013]
[79930,54826,1.0,0.4126923764569688]
[79930,43892,1.0,0.4606312839980467]
[79930,54563,1.0,0.5027133609105464]
[79930,12186,1.0,0.42851110533835285]
[79930,12198,1.0,0.44185553893135276]
[79930,30827,1.0,0.4358346809642449]
[79930,6852,1.0,0.5222000572266886]
[79930,1439,1.0,0.4295642730879705]
[79930,32093,1.0,0.5282301376440215]
[79930,12195,1.0,0.4283511294829891]
[79930,12189,1.0,0.4260991928501408]
[79930,71583,1.0,0.5611641899142145]
[79930,35894,1.0,0.519512345252439]
[79930,50637,1.0,0.4377271469394099]
[79930,39529,1.0,0.479537857575646]
[12195,12183,1.0,0.984450181166849]
[12195,12186,1.0,0.974440019815129]
[12195,12189,1.0,0.5342074333885934]
[12189,12183,1.0,0.6731274065946364]
[12189,12186,1.0,0.6720207751229489]
[101532,79930,1.0,0.5908558575527016]
[121485,79930,1.0,0.6017147461140666]
[92746,79930,1.0,0.5800199736268795]
[12192,12189,1.0,0.8397402836353599]
[112482,91425,1.0,0.4041876921674907]
[112482,79930,1.0,0.6789856731696717]
[82696,79930,1.0,0.5234997071077621]
[41113,4835,1.0,0.5381068014847714]
[99982,16344,1.0,0.8594194724835263]
[80713,80710,1.0,0.9506500605275374]
[83181,35942,1.0,0.642371080402876]
[83181,81034,1.0,0.4069675169035675]
[119115,119112,1.0,0.9933607062578763]
[7011,7008,1.0,0.8504849937442491]
[48642,5546,1.0,0.7378473820853568]
[48642,5543,1.0,0.438875674655853]
[5546,5543,1.0,0.9952227536000962]
[84604,84601,1.0,0.9681937213485651]
[84604,84598,1.0,0.9474018930980909]
[84604,84595,1.0,0.9681937213485651]
[84601,84598,1.0,0.9914756223331858]
[84601,84595,1.0,0.9952227536000962]
[100980,84610,1.0,0.6105797597047797]
[84598,84595,1.0,0.9914756223331858]
[125989,48642,1.0,0.5498212159676742]
[84607,84604,1.0,0.9681937213485651]
[84607,84601,1.0,0.9952227536000962]
[84607,84598,1.0,0.9914756223331858]
[84607,84595,1.0,0.9952227536000962]
[84610,48642,1.0,0.6077689787851283]
[84610,32390,1.0,0.48864876868515295]
[84610,84604,1.0,0.9822778125347954]
[84610,84601,1.0,0.9822778125347954]
[84610,84598,1.0,0.9697638613752025]
[84610,84607,1.0,0.9822778125347954]
[84610,84595,1.0,0.9822778125347954]
[66514,66511,1.0,0.9410319103822391]
[66514,66508,1.0,0.9946149626479851]
[66511,66508,1.0,0.9822553762099798]
[87386,53785,1.0,0.40280131157412463]
[131725,131722,1.0,0.9820641670893357]
[131725,131719,1.0,0.9820641670893357]
[85008,85005,1.0,0.9952227536000962]
[84925,84919,1.0,0.9905398552332059]
[84925,84922,1.0,0.9719306963108577]
[131722,131719,1.0,0.9952227536000962]
[84922,84919,1.0,0.9892163171099839]
[84922,40223,1.0,0.48481530701652553]
[73195,21712,1.0,0.640347241997748]
[73195,21718,1.0,0.5560007254146029]
[73195,21715,1.0,0.640347241997748]
[21718,21712,1.0,0.9940141113486761]
[21718,21715,1.0,0.9909693669202178]
[21715,21712,1.0,0.9927904021198166]
[47488,4118,1.0,0.7153234402790061]
[26683,26680,1.0,0.9780765977659551]
[57563,57554,1.0,0.9859369605433117]
[26686,26683,1.0,0.9556152097079833]
[26686,26680,1.0,0.9877726362494229]
[57566,57554,1.0,0.9669354438566093]
[57566,57563,1.0,0.9206552576694262]
[88066,88060,1.0,0.9923958418221456]
[88066,88063,1.0,0.9768581093976819]
[87245,32586,1.0,0.5663662639045834]
[110175,87245,1.0,0.43796234835993053]
[61924,61915,1.0,0.9872325484580945]
[61924,61918,1.0,0.942021136454637]
[61918,61915,1.0,0.9921256621732504]
[12430,12424,1.0,0.994754850866769]
[12430,12427,1.0,0.9706535433652907]
[46663,46660,1.0,0.6881003922811456]
[46666,46663,1.0,0.43606726298793064]
[46666,46660,1.0,0.9555650155614983]
[123757,88066,1.0,0.5751196644323615]
[123757,87245,1.0,0.5945593785537643]
[123757,36853,1.0,0.5566393129319887]
[123757,12424,1.0,0.4232500910282232]
[123757,12430,1.0,0.4214785863530026]
[123757,26135,1.0,0.40281601034656167]
[123757,88060,1.0,0.5987991576901884]
[123757,88063,1.0,0.5760268569769779]
[123757,12427,1.0,0.4856467387290724]
[88063,88060,1.0,0.9768581093976819]
[12427,12424,1.0,0.97269525739811]
[109623,2596,1.0,0.5330179858078744]
[109623,53136,1.0,0.5536359707580245]
[109623,5249,1.0,0.46568025750121295]
[109623,46218,1.0,0.40681479468389065]
[109623,71973,1.0,0.45873487079790387]
[109623,7467,1.0,0.4252528660332774]
[86085,7467,1.0,0.5020926689408806]
[3023,3014,1.0,0.9774710199677715]
[3023,3017,1.0,0.9656702582127312]
[3023,3020,1.0,0.9721187487161705]
[69259,69253,1.0,0.9194105943691178]
[93811,93808,1.0,0.9804403297975982]
[37148,37142,1.0,0.9940505964275935]
[37148,37145,1.0,0.9939415251419753]
[3017,3014,1.0,0.9922444720626648]
[69265,69259,1.0,0.5867217882285919]
[69265,69262,1.0,0.9409264763979744]
[69265,69253,1.0,0.9510155169465497]
[93814,93811,1.0,0.9654916622000052]
[93814,93808,1.0,0.9907510590051203]
[53136,5249,1.0,0.42383268291657855]
[53136,53133,1.0,0.9952227536000962]
[69262,69259,1.0,0.9299847865524041]
[69262,69253,1.0,0.9941331399080218]
[37145,37142,1.0,0.9945215638912702]
[121032,53551,1.0,0.4743569289863802]
[111562,30346,1.0,0.5095968956626042]
[29684,5249,1.0,0.4308124876117992]
[3020,3014,1.0,0.9938745906529297]
[3020,3017,1.0,0.9922444720626648]
[46218,2596,1.0,0.5659291354588695]
[53139,53136,1.0,0.9950198389614197]
[53139,53133,1.0,0.9950198389614197]
[131680,109623,1.0,0.7444200174444657]
[131680,46218,1.0,0.5197825121461593]
[30720,30717,1.0,0.9952227536000962]
[30723,30717,1.0,0.9952227536000962]
[30723,30720,1.0,0.9952227536000962]
[115002,114993,1.0,0.9920934458134705]
[115002,114999,1.0,0.9699006955661171]
[79530,79527,1.0,0.9919031889112758]
[114999,114993,1.0,0.9806318214289766]
[79519,79516,1.0,0.9877726362494229]
[111529,111520,1.0,0.9946149626479851]
[111529,111523,1.0,0.9411510825950605]
[111523,111520,1.0,0.9425801410996928]
[79522,79519,1.0,0.9877726362494229]
[79522,79516,1.0,0.9952227536000962]
[53149,53146,1.0,0.9950711485237386]
[115752,115743,1.0,0.41458938198018314]
[102483,102477,1.0,0.9456711123219458]
[102486,102483,1.0,0.9456711123219458]
[102486,102477,1.0,0.9952227536000962]
[46032,46029,1.0,0.9925602808540823]
[13867,13864,1.0,0.9952227536000962]
[13867,13861,1.0,0.9952227536000962]
[13864,13861,1.0,0.9952227536000962]
[13870,13867,1.0,0.9941331399080218]
[13870,13864,1.0,0.9941331399080218]
[13870,13861,1.0,0.9941331399080218]
[69772,69769,1.0,0.9796047391530645]
[4445,4442,1.0,0.9196509801510355]
[4448,4442,1.0,0.9899074872227256]
[4448,4445,1.0,0.9454732418810177]
[69775,69769,1.0,0.9111825530586588]
[69775,69772,1.0,0.8295164916905415]
[92624,92621,1.0,0.9926278674655746]
[92627,92621,1.0,0.9952227536000962]
[92627,92624,1.0,0.9796957237528636]
[27072,27066,1.0,0.9671040421720722]
[83839,83833,1.0,0.9914756223331858]
[83842,83833,1.0,0.9911457621988602]
[83842,83839,1.0,0.9846338602168043]
[84427,84424,1.0,0.9829126443305097]
[84430,84427,1.0,0.9710999623304539]
[84430,84424,1.0,0.9952227536000962]
[84433,84427,1.0,0.7737823211871071]
[84433,84430,1.0,0.941239126984526]
[84433,84424,1.0,0.9268290243257654]
[42868,42865,1.0,0.6595071860135756]
[22236,14496,1.0,0.4950808224520603]
[103780,22117,1.0,0.5567619774069936]
[103780,14496,1.0,0.4743757808292739]
[103780,103777,1.0,0.9842528753729216]
[103780,52098,1.0,0.7909376362125637]
[103780,66878,1.0,0.4125143591384535]
[129901,14496,1.0,0.5645319107417095]
[76414,62751,1.0,0.7962469787997293]
[76414,14496,1.0,0.8560076882243312]
[128236,14496,1.0,0.5371903174432526]
[62751,14496,1.0,0.4673490183015887]
[45422,14496,1.0,0.5644171045434828]
[78205,14496,1.0,0.471065441517271]
[103663,76414,1.0,0.8271571470551342]
[103663,14496,1.0,0.4673490183015887]
[71963,71960,1.0,0.9776911761066216]
[71966,71963,1.0,0.8850005232364839]
[71966,71960,1.0,0.9762457256897652]
[43369,14496,1.0,0.5395864335571975]
[108684,14496,1.0,0.5260527014115673]
[59941,14496,1.0,0.5445783616076565]
[14496,12932,1.0,0.6570527135676909]
[101365,76414,1.0,0.4384146631303403]
[101365,14496,1.0,0.4925531403410942]
[30661,14496,1.0,0.5068208816178436]
[29918,14496,1.0,0.5571927022822879]
[103777,14496,1.0,0.4944473315351671]
[103777,52098,1.0,0.5367217796285965]
[41037,14496,1.0,0.5386541485370232]
[121141,103780,1.0,0.42153916233466326]
[121141,76414,1.0,0.49062351135706855]
[121141,14496,1.0,0.4383843890408009]
[73588,14496,1.0,0.44772012498903047]
[93472,35624,1.0,0.41894421333358783]
[93472,53705,1.0,0.435034916778136]
[56508,56502,1.0,0.9435757433873435]
[56508,56505,1.0,0.9374008347846862]
[109327,10856,1.0,0.5040060311224087]
[35164,35161,1.0,0.9952227536000962]
[59153,59150,1.0,0.9507740356143967]
[100530,93236,1.0,0.4963232614713134]
[59156,59150,1.0,0.9543943832528713]
[59156,59153,1.0,0.7507810388827955]
[59156,49841,1.0,0.4679639189510107]
[1657,1651,1.0,0.9945666968085141]
[59159,59150,1.0,0.9892735957802234]
[59159,59153,1.0,0.9127742995336663]
[59159,59156,1.0,0.9110541916301378]
[49841,42389,1.0,0.4267904562347472]
[126978,49841,1.0,0.500915284507839]
[56505,56502,1.0,0.9945215638912702]
[1660,1651,1.0,0.9949181171750051]
[1660,1657,1.0,0.990681374970492]
[82527,82521,1.0,0.9919042821570168]
[82527,82524,1.0,0.5366519942996055]
[23523,23517,1.0,0.9952227536000962]
[23523,23520,1.0,0.992618336087149]
[23526,23517,1.0,0.9887137561644549]
[23526,23523,1.0,0.9952227536000962]
[23526,23520,1.0,0.9831138441223441]
[23520,23517,1.0,0.9946939993737459]
[67782,1035,1.0,0.41881927996995444]
[103203,41117,1.0,0.6487624571477579]
[48076,41117,1.0,0.6402170597531528]
[66612,66609,1.0,0.9946572280446236]
[67785,67782,1.0,0.9920678730581822]
[67785,1035,1.0,0.40206973932653184]
[87247,1035,1.0,0.5070266619230386]
[108127,108121,1.0,0.9952227536000962]
[118336,118333,1.0,0.9934940698508098]
[55022,55019,1.0,0.9607424977338721]
[126591,126585,1.0,0.9952227536000962]
[126591,126588,1.0,0.9853632553554731]
[55025,55019,1.0,0.9952227536000962]
[55025,55022,1.0,0.9833514052893394]
[55025,11369,1.0,0.4453024220689603]
[126588,126585,1.0,0.9926278674655746]
[29737,29734,1.0,0.9945194946989725]
[29740,29737,1.0,0.986661129106717]
[29740,29734,1.0,0.9929984661036967]
[131820,25403,1.0,0.45859852244253263]
[131820,54852,1.0,0.44021933785136624]
[131820,103426,1.0,0.45116012443998577]
[131820,31750,1.0,0.6244167701948357]
[120442,13342,1.0,0.4448802875829368]
[120442,13333,1.0,0.4498358156603688]
[120442,13336,1.0,0.4359955605558018]
[13342,13333,1.0,0.9927904021198166]
[13342,13336,1.0,0.9909090466394702]
[13342,13339,1.0,0.9813565881885642]
[107784,13342,1.0,0.4741217909469439]
[107784,13333,1.0,0.47764381687258595]
[107784,13336,1.0,0.4612501310602701]
[107787,107784,1.0,0.9941373313217248]
[79504,79501,1.0,0.9861464120448776]
[13336,13333,1.0,0.9909090466394702]
[13339,13333,1.0,0.9873421128587774]
[13339,13336,1.0,0.9770666187104085]
[107790,13342,1.0,0.505405960922571]
[107790,107784,1.0,0.9939453078520322]
[107790,107787,1.0,0.9925995618686327]
[107790,13333,1.0,0.5106834867604212]
[107790,13336,1.0,0.49156945471606484]
[107790,13339,1.0,0.42244605070259483]
[7586,7583,1.0,0.9889469435919268]
[33527,33524,1.0,0.9942676782532981]
[11337,11334,1.0,0.9713819089874559]
[126396,126393,1.0,0.9206583921033069]
[126396,99007,1.0,0.44556798022336186]
[126396,69967,1.0,0.47229583389780705]
[126396,126390,1.0,0.9206583921033069]
[61532,61529,1.0,0.986229230199318]
[62934,62931,1.0,0.9941915299503987]
[126393,69967,1.0,0.6634748676668495]
[126393,69964,1.0,0.49110253731936626]
[126393,126390,1.0,0.9918818867765093]
[126393,69958,1.0,0.4200997890419932]
[95382,95379,1.0,0.9583131605827716]
[99007,61535,1.0,0.49046152559254597]
[99007,82398,1.0,0.5524019180528508]
[69967,69964,1.0,0.9389178642470918]
[69967,69958,1.0,0.9754727371961704]
[69964,69958,1.0,0.9737210541485433]
[61535,61532,1.0,0.9787037597319278]
[61535,58294,1.0,0.4930979616043762]
[61535,61529,1.0,0.9801391039909807]
[126390,69967,1.0,0.6634748676668495]
[126390,69964,1.0,0.4598158818824198]
[61538,61532,1.0,0.8811061165516827]
[61538,61535,1.0,0.9306135127238795]
[61538,61529,1.0,0.9449878644753499]
[10765,10756,1.0,0.956254107217956]
[10765,10753,1.0,0.9471079176561729]
[10765,10762,1.0,0.9280671960471225]
[10756,10753,1.0,0.9938804711395797]
[10762,10756,1.0,0.9789649180404927]
[10762,10753,1.0,0.9927510998302113]
[23959,23956,1.0,0.9918550823344474]
[23959,23950,1.0,0.9899591876794006]
[23956,23950,1.0,0.994754850866769]
[73808,73802,1.0,0.9802964391205898]
[73808,73805,1.0,0.9617813884745646]
[73808,69540,1.0,0.4751124114738998]
[114768,69540,1.0,0.47676285601549884]
[127912,67674,1.0,0.4027788819124067]
[73761,32496,1.0,0.40292876596959415]
[73761,2517,1.0,0.40075648174472833]
[73761,69540,1.0,0.479461549165205]
[30401,30392,1.0,0.9783032542068444]
[30401,30395,1.0,0.9673911995949755]
[30401,30398,1.0,0.9732406098128613]
[84815,69540,1.0,0.4652965559768405]
[104565,69540,1.0,0.4184916712055515]
[110496,41257,1.0,0.5173473991857594]
[110496,9065,1.0,0.42715491385112814]
[67674,18482,1.0,0.40824153429801907]
[67674,21439,1.0,0.4593746800987535]
[79672,67674,1.0,0.48172547111863023]
[30395,30392,1.0,0.9925229512934376]
[79678,67674,1.0,0.4904701318786391]
[79678,79672,1.0,0.9607235925280059]
[132526,132517,1.0,0.9914590098468132]
[132526,132523,1.0,0.9819303754451721]
[132526,132520,1.0,0.987420976833277]
[132523,132517,1.0,0.9895707056247579]
[132523,132520,1.0,0.9838559117649388]
[115968,69540,1.0,0.4181236956492755]
[99201,69540,1.0,0.4186555932054195]
[132520,132517,1.0,0.9672515857275489]
[73802,69540,1.0,0.5144987196670028]
[93769,69540,1.0,0.45756077066116424]
[59458,17245,1.0,0.4524773667189522]
[59458,33040,1.0,0.4349992023887658]
[38903,21149,1.0,0.4714205696849638]
[124116,110496,1.0,0.5826258441386368]
[73805,73802,1.0,0.9909531211904119]
[73805,69540,1.0,0.508935645779985]
[69540,55614,1.0,0.5076933947055678]
[69540,16263,1.0,0.5172489226506103]
[69540,32496,1.0,0.6375849957830244]
[69540,2159,1.0,0.47576291982885704]
[69540,30395,1.0,0.46254233233502745]
[69540,66198,1.0,0.4723682084702423]
[69540,59290,1.0,0.4175888134314795]
[69540,34512,1.0,0.5586599467904209]
[69540,38903,1.0,0.4451506882166437]
[69540,1090,1.0,0.4992461370503845]
[69540,3178,1.0,0.5793632424381171]
[69540,9065,1.0,0.4373344429025392]
[69540,31360,1.0,0.7886226037808542]
[69540,19556,1.0,0.4213178276145308]
[132529,132517,1.0,0.9952227536000962]
[132529,132526,1.0,0.9906909756628529]
[132529,132523,1.0,0.9895707056247579]
[132529,132520,1.0,0.9928324900150794]
[119593,19629,1.0,0.45868384169105153]
[123054,123051,1.0,0.9952227536000962]
[30398,30392,1.0,0.9891368350383587]
[30398,30395,1.0,0.983383433051125]
[85681,71129,1.0,0.4336554636218887]
[112507,112504,1.0,0.982664813616694]
[32574,17851,1.0,0.5045338785496863]
[71129,24231,1.0,0.4321340648862224]
[72332,72326,1.0,0.9952227536000962]
[72332,72329,1.0,0.9552201779454332]
[72326,64795,1.0,0.4337752087207995]
[8784,7845,1.0,0.5276289507011007]
[80303,8784,1.0,0.42229361669912635]
[119782,119779,1.0,0.9745850846428927]
[89840,72326,1.0,0.5070836010516264]
[89840,7845,1.0,0.48631555849183616]
[89840,72335,1.0,0.4744017677642779]
[93105,93102,1.0,0.9900881831091584]
[93105,93099,1.0,0.9905564682541387]
[19109,19106,1.0,0.9952227536000962]
[127851,89840,1.0,0.40518372760837273]
[93102,93099,1.0,0.9949181171750051]
[10835,10826,1.0,0.9657138911073564]
[10835,10823,1.0,0.9380640009532083]
[58962,58959,1.0,0.9942129708818666]
[10826,10823,1.0,0.9940652748684415]
[72329,72326,1.0,0.9552201779454332]
[19112,19109,1.0,0.9877726362494229]
[19112,19106,1.0,0.9877726362494229]
[72335,72332,1.0,0.9930676807585843]
[72335,72326,1.0,0.9930676807585843]
[72335,72329,1.0,0.9251131376004743]
[72335,64795,1.0,0.4566971126416804]
[91221,91218,1.0,0.9952227536000962]
[92083,91221,1.0,0.4955536068056907]
[105771,105765,1.0,0.9950198389614197]
[105771,105768,1.0,0.975719138507761]
[88663,88660,1.0,0.9643670838857513]
[105768,105765,1.0,0.9765154230771349]
[88669,88660,1.0,0.9898153868721443]
[88669,88663,1.0,0.9570650064887756]
[24960,24957,1.0,0.9550981558159765]
[11465,4869,1.0,0.42573668854920893]
[11471,4869,1.0,0.42573668854920893]
[11471,11465,1.0,0.9952227536000962]
[11471,11468,1.0,0.9869263236934404]
[11468,11465,1.0,0.9733828562396226]
[45098,37166,1.0,0.5642196092270702]
[45098,45095,1.0,0.9857908634762051]
[45098,45089,1.0,0.9934791965469606]
[45098,45092,1.0,0.9881377949471384]
[84032,79895,1.0,0.40269440867272205]
[84032,84029,1.0,0.9945081630075626]
[45095,45089,1.0,0.9857908634762051]
[45095,45092,1.0,0.9742197544536735]
[75860,45098,1.0,0.5535340261561349]
[24966,24957,1.0,0.9912199031708852]
[24966,24960,1.0,0.9539784009570571]
[45092,45089,1.0,0.9910842257267088]
[84029,32312,1.0,0.4081510570590977]
[84029,79895,1.0,0.4030390456860187]
[38067,3077,1.0,0.5745811107624121]
[84035,32312,1.0,0.40552891205858577]
[84035,84032,1.0,0.9626639704231363]
[84035,79895,1.0,0.4404059266649301]
[84035,84029,1.0,0.9740053988222823]
[81956,81950,1.0,0.9902913432757028]
[81956,81953,1.0,0.9902913432757028]
[67160,67157,1.0,0.9912115915503585]
[67166,67160,1.0,0.9629675498643994]
[67166,67157,1.0,0.9667629466578268]
[67166,67163,1.0,0.9667629466578268]
[81953,81950,1.0,0.9952227536000962]
[67163,67160,1.0,0.9944839396872802]
[67163,67157,1.0,0.9952227536000962]
[81959,81956,1.0,0.9902913432757028]
[81959,81950,1.0,0.986561341032257]
[81959,81953,1.0,0.986561341032257]
[78486,78480,1.0,0.9810292112391639]
[78486,56656,1.0,0.46683243463562385]
[78486,78474,1.0,0.9855877223108189]
[78486,78477,1.0,0.9909196098134082]
[78486,78483,1.0,0.9643888553221585]
[78486,78471,1.0,0.9909196098134082]
[78480,78474,1.0,0.9910847704951387]
[78480,78477,1.0,0.9926680456172919]
[78480,78471,1.0,0.9926680456172919]
[103101,103098,1.0,0.9322088359731352]
[103101,103095,1.0,0.991867225035952]
[108102,78486,1.0,0.5483758680309317]
[108102,78474,1.0,0.47599005300359754]
[108102,78477,1.0,0.6017097762078725]
[108102,78483,1.0,0.535005525596063]
[108102,78471,1.0,0.5483758680309317]
[78474,78471,1.0,0.9884375416376]
[78477,56656,1.0,0.6121268944212073]
[78477,78474,1.0,0.9922241080961267]
[78477,78471,1.0,0.9952227536000962]
[78483,78480,1.0,0.9620465920338674]
[78483,56656,1.0,0.5033631987371598]
[78483,78474,1.0,0.969758826566774]
[78483,78477,1.0,0.9905564682541387]
[78483,78471,1.0,0.9797608061294161]
[117370,117364,1.0,0.9934197647450789]
[117370,117367,1.0,0.9934197647450789]
[117367,117364,1.0,0.9952227536000962]
[13427,13421,1.0,0.8591605330552968]
[78471,56656,1.0,0.515256550914068]
[103098,103095,1.0,0.9544014166804218]
[54464,54461,1.0,0.9835771154770662]
[54464,54109,1.0,0.45942819911739585]
[70774,54109,1.0,0.5065593275229036]
[70774,54067,1.0,0.47420800367307014]
[35373,35370,1.0,0.9943305873712188]
[104385,65187,1.0,0.588170713364747]
[104385,104382,1.0,0.9905564682541387]
[104385,54067,1.0,0.47065009639969685]
[36843,36834,1.0,0.9952227536000962]
[36843,36837,1.0,0.9952227536000962]
[54109,6021,1.0,0.4039293473667809]
[54109,54106,1.0,0.9952227536000962]
[54109,54067,1.0,0.5244236731452822]
[65187,54109,1.0,0.4530778107171434]
[65187,4332,1.0,0.57690592461498]
[65187,36846,1.0,0.589851556660881]
[65187,6021,1.0,0.42743673833187634]
[4335,4329,1.0,0.9895566496966737]
[4335,4332,1.0,0.9908710917557154]
[131479,104385,1.0,0.530372806667672]
[131479,65187,1.0,0.507409742220097]
[131479,103242,1.0,0.4293651048855577]
[131479,95169,1.0,0.5886306380554658]
[131479,74842,1.0,0.5245302155199092]
[131479,36846,1.0,0.4018555906714823]
[130192,130189,1.0,0.9823137065726882]
[103242,65187,1.0,0.6070119170718469]
[103242,103236,1.0,0.9952227536000962]
[103242,103239,1.0,0.9668614462795457]
[103242,6021,1.0,0.45627401445793314]
[103242,54067,1.0,0.49098604759797504]
[95169,74842,1.0,0.5702866574950367]
[103239,103236,1.0,0.9668614462795457]
[35376,35373,1.0,0.9921136341340895]
[35376,35370,1.0,0.9952227536000962]
[74842,54464,1.0,0.4278166437305495]
[74842,65187,1.0,0.5038725773652478]
[74842,6021,1.0,0.42069957518668416]
[4332,4329,1.0,0.9935047841791984]
[36846,36834,1.0,0.9825980452175759]
[36846,36843,1.0,0.9825980452175759]
[36846,36837,1.0,0.9825980452175759]
[36837,36834,1.0,0.9952227536000962]
[104749,103242,1.0,0.41316992675710423]
[5588,5582,1.0,0.9952227536000962]
[5588,5585,1.0,0.9127388829642822]
[5591,5582,1.0,0.9258711298047025]
[5591,5588,1.0,0.9258711298047025]
[5591,5585,1.0,0.8767078168795819]
[5585,5582,1.0,0.9416680721562541]
[76086,76080,1.0,0.9952227536000962]
[76086,76083,1.0,0.994754850866769]
[14672,14663,1.0,0.5682493467094137]
[14672,14666,1.0,0.5682493467094137]
[14672,14669,1.0,0.9644676778249089]
[14675,14663,1.0,0.9877812743869288]
[14675,14666,1.0,0.9877812743869288]
[14675,14669,1.0,0.9877812743869288]
[76083,76080,1.0,0.9924304814665007]
[14666,14663,1.0,0.9952227536000962]
[14669,14663,1.0,0.9952227536000962]
[14669,14666,1.0,0.9952227536000962]
[61468,61462,1.0,0.85550367545758]
[61468,61459,1.0,0.8931833429244984]
[28715,28712,1.0,0.993588241188578]
[11524,11521,1.0,0.7459567190555524]
[11524,11518,1.0,0.9923445508840982]
[11530,11524,1.0,0.9905027300819373]
[11530,11527,1.0,0.9897659452731086]
[11530,11521,1.0,0.7422055715910294]
[11530,11518,1.0,0.9916975038550923]
[68215,68212,1.0,0.9884375416376]
[61462,61459,1.0,0.9925468645354409]
[71088,71085,1.0,0.9903173712818844]
[43668,43665,1.0,0.9905427720359491]
[11527,11524,1.0,0.9932019468419004]
[11527,11521,1.0,0.7455711212823126]
[11527,11518,1.0,0.9940505964275935]
[125395,125392,1.0,0.9699677769244781]
[123685,123682,1.0,0.9934197647450789]
[61471,61468,1.0,0.8464472608519783]
[61471,61462,1.0,0.9925468645354409]
[61471,61459,1.0,0.9952227536000962]
[47249,40570,1.0,0.41445880781331795]
[71091,71088,1.0,0.9903173712818844]
[71091,71085,1.0,0.9952227536000962]
[68218,68215,1.0,0.9523252832533547]
[68218,68212,1.0,0.96799381882219]
[43671,43665,1.0,0.9924104275673864]
[43671,43668,1.0,0.9905318095559722]
[11521,11518,1.0,0.7455711212823126]
[125398,125395,1.0,0.9728780452312139]
[125398,125392,1.0,0.9907737901587782]
[123691,123682,1.0,0.9926481688783407]
[123691,123685,1.0,0.9826791527843041]
[71094,71088,1.0,0.9146392309688736]
[71094,71085,1.0,0.9225131693606515]
[71094,71091,1.0,0.9225131693606515]
[60399,50269,1.0,0.6517591388735514]
[60399,17170,1.0,0.49772100513706163]
[123063,17158,1.0,0.47049718246114547]
[123063,17164,1.0,0.44285536923274854]
[123063,17173,1.0,0.47049718246114547]
[123063,50269,1.0,0.6635507054177231]
[123063,17170,1.0,0.6320322181443017]
[129420,50269,1.0,0.5274973889268432]
[17164,17158,1.0,0.9922241080961267]
[72151,50269,1.0,0.6124138795068254]
[79022,50269,1.0,0.6738481517464016]
[49662,49656,1.0,0.9797687985983597]
[58279,17158,1.0,0.5448004565831978]
[58279,17164,1.0,0.5128187392394661]
[58279,17173,1.0,0.44212370047352567]
[58279,17170,1.0,0.7804095277687989]
[106989,50269,1.0,0.5852917260448631]
[24503,17158,1.0,0.43245768137748514]
[24503,17164,1.0,0.4035044177081624]
[24503,17173,1.0,0.4300747138564324]
[24503,17170,1.0,0.5239253311187203]
[67755,50269,1.0,0.6913297515681984]
[17173,17158,1.0,0.9877726362494229]
[17173,17164,1.0,0.9634291757620703]
[17173,17170,1.0,0.9877726362494229]
[52827,50269,1.0,0.42219916799726437]
[72163,72151,1.0,0.9833950324216724]
[72163,72154,1.0,0.9273942618399486]
[72163,50269,1.0,0.6087910085371748]
[72163,72157,1.0,0.8805359429939235]
[72163,72160,1.0,0.9192135400237347]
[29738,17170,1.0,0.411140977407032]
[107871,50269,1.0,0.6804672552762433]
[130447,50269,1.0,0.517222446231241]
[72154,72151,1.0,0.9765995082404112]
[72154,50269,1.0,0.5506547889528326]
[50269,39076,1.0,0.542549845628868]
[50269,16859,1.0,0.5683272531244274]
[50269,17158,1.0,0.7298961331926909]
[50269,17164,1.0,0.7255077910225856]
[50269,24503,1.0,0.7442089253229499]
[50269,17173,1.0,0.6456088667192557]
[50269,29738,1.0,0.61491583006841]
[50269,50260,1.0,0.9914399136755598]
[50269,50263,1.0,0.9884656115071149]
[50269,31836,1.0,0.542064922893997]
[50269,50266,1.0,0.9893300144417447]
[50269,17170,1.0,0.8547053417320811]
[50263,50260,1.0,0.9904865817021644]
[50266,50260,1.0,0.9735798328576318]
[50266,50263,1.0,0.9412216744270765]
[50266,17170,1.0,0.43506916813336827]
[72157,72151,1.0,0.9042938084497821]
[72157,72154,1.0,0.7412103022346042]
[72157,50269,1.0,0.7775896430767312]
[72157,17170,1.0,0.42236897127286643]
[17170,16859,1.0,0.40674370142399235]
[17170,17158,1.0,0.9952227536000962]
[17170,17164,1.0,0.9830615457577477]
[72160,72151,1.0,0.9679501816665762]
[72160,72154,1.0,0.895430596250647]
[72160,50269,1.0,0.6974505170653755]
[72160,72157,1.0,0.9794979706191342]
[71972,50269,1.0,0.5797479373372884]
[49668,49662,1.0,0.9893241282569182]
[49668,49656,1.0,0.9937910695216918]
[70941,70938,1.0,0.9733701866370061]
[70941,70932,1.0,0.992741519159376]
[70941,70935,1.0,0.9899030792146404]
[70938,70932,1.0,0.9814778242936026]
[70938,70935,1.0,0.9654374527296281]
[70935,70932,1.0,0.9902913432757028]
[70944,70941,1.0,0.9843320258361415]
[70944,70938,1.0,0.9492266724192865]
[70944,70932,1.0,0.9848982317109682]
[70944,70935,1.0,0.9922234894189341]
[11200,11197,1.0,0.9952227536000962]
[11206,11200,1.0,0.9942374097182222]
[11206,11197,1.0,0.9942374097182222]
[80900,80894,1.0,0.8772880169028773]
[1869,1863,1.0,0.9709021422470322]
[71890,38680,1.0,0.4678893760057956]
[132597,46349,1.0,0.43550987672023783]
[12559,12556,1.0,0.9724905841454999]
[119221,119218,1.0,0.9925468645354409]
[90416,71890,1.0,0.6170051087069337]
[86210,86201,1.0,0.9952227536000962]
[78461,78458,1.0,0.9892621311533497]
[51879,3824,1.0,0.4098914760875275]
[43906,30032,1.0,0.40423740304703654]
[82282,8502,1.0,0.5386688163869241]
[82282,82276,1.0,0.9952227536000962]
[78464,78461,1.0,0.9846901152364684]
[78464,78458,1.0,0.9927904021198166]
[132114,12820,1.0,0.44450506217948293]
[70030,3824,1.0,0.5843282097424285]
[85000,3824,1.0,0.44939222306563203]
[12820,12783,1.0,0.7104921815573468]
[12820,12458,1.0,0.40500956806703187]
[12820,12745,1.0,0.6515902649495161]
[67401,67398,1.0,0.9952227536000962]
[60606,26346,1.0,0.4893781321831522]
[66572,10662,1.0,0.5323066663488091]
[91302,12820,1.0,0.6783440319698774]
[104100,26346,1.0,0.4208513025317196]
[44313,30032,1.0,0.41433954485526975]
[82285,82282,1.0,0.9918484705620987]
[82285,82276,1.0,0.9918484705620987]
[121024,121018,1.0,0.994342093446844]
[121024,121021,1.0,0.994342093446844]
[65701,12820,1.0,0.6579139485903498]
[90197,12820,1.0,0.49661751106769136]
[113640,70030,1.0,0.5377608564087936]
[113640,12820,1.0,0.6570320742186985]
[113640,3824,1.0,0.784673534586667]
[113640,101259,1.0,0.4124761497734635]
[119100,10662,1.0,0.7243256760072347]
[119100,26346,1.0,0.7720172093518131]
[119100,12820,1.0,0.4736596767461225]
[121021,121018,1.0,0.9952227536000962]
[101259,67401,1.0,0.4862672037312492]
[101259,67398,1.0,0.4862672037312492]
[69798,3824,1.0,0.45789513787062275]
[9758,9755,1.0,0.9882094482810354]
[54809,4856,1.0,0.4676281011892479]
[109333,9755,1.0,0.41295295548245725]
[109333,9758,1.0,0.41446166950681923]
[109333,9761,1.0,0.43078885896613095]
[9761,9755,1.0,0.9952227536000962]
[9761,9758,1.0,0.9932537467430427]
[63332,1768,1.0,0.5988298687196035]
[55818,15726,1.0,0.4142424731324029]
[55818,45047,1.0,0.4943704246817334]
[21924,21915,1.0,0.9933607062578763]
[21924,21921,1.0,0.9933607062578763]
[21924,21918,1.0,0.9907777417813022]
[21921,21915,1.0,0.9952227536000962]
[21921,21918,1.0,0.9933607062578763]
[79691,55818,1.0,0.4082624887935935]
[21918,21915,1.0,0.9933607062578763]
[74153,74150,1.0,0.9945658731879131]
[21927,21924,1.0,0.9707252133794694]
[21927,21915,1.0,0.9778715273596276]
[21927,21921,1.0,0.9927904021198166]
[21927,21918,1.0,0.9901243929024662]
[114030,21921,1.0,0.415941329759805]
[114030,21918,1.0,0.415941329759805]
[35432,24718,1.0,0.407636729701087]
[126249,126246,1.0,0.9905564682541387]
[126252,126246,1.0,0.9923334245134401]
[126252,126249,1.0,0.9849396043129605]
[22326,22320,1.0,0.9952227536000962]
[22326,22323,1.0,0.9662194288866015]
[28328,28325,1.0,0.9704796756339702]
[28328,28322,1.0,0.9837182661522439]
[28325,28322,1.0,0.9906918022220798]
[22323,22320,1.0,0.9789127078021793]
[40960,40957,1.0,0.971501961450516]
[1174,1159,1.0,0.9952227536000962]
[1174,1165,1.0,0.9892426926011095]
[1174,1171,1.0,0.9843444107827614]
[1174,1162,1.0,0.9788349627368104]
[1174,1168,1.0,0.9708431732779241]
[1165,1159,1.0,0.9701276323752842]
[1165,1162,1.0,0.9331577045945886]
[91701,1174,1.0,0.4158494713993076]
[1171,1159,1.0,0.9843444107827614]
[1171,1165,1.0,0.9262409799751887]
[1171,1162,1.0,0.9531578047848969]
[1171,1168,1.0,0.93425177445249]
[1162,1159,1.0,0.9788349627368104]
[91796,44036,1.0,0.41693403403969964]
[91796,38570,1.0,0.5303527344486423]
[1168,1159,1.0,0.9708431732779241]
[1168,1165,1.0,0.9663218007017123]
[1168,1162,1.0,0.9417381187013917]
[17321,1163,1.0,0.42857561893305873]
[16418,16415,1.0,0.9952227536000962]
[46575,33415,1.0,0.4108063599009124]
[33415,33412,1.0,0.9952227536000962]
[92547,85936,1.0,0.4763636425532864]
[92547,56422,1.0,0.5905865683300561]
[92547,90700,1.0,0.8833557924735079]
[92547,34534,1.0,0.5836327675701033]
[92547,48828,1.0,0.758072308068773]
[92547,39047,1.0,0.5680947904674483]
[5800,5797,1.0,0.6340983529897861]
[5806,5800,1.0,0.5083801579846184]
[5806,5797,1.0,0.9833514052893394]
[53848,48828,1.0,0.4480303198501833]
[5803,5800,1.0,0.954130876799956]
[5803,5797,1.0,0.43705944626871435]
[79261,79252,1.0,0.9922323843947127]
[79261,79255,1.0,0.9870155662130197]
[93981,92547,1.0,0.7318621349784691]
[93981,6127,1.0,0.4864110958058169]
[93981,19483,1.0,0.5544397000163959]
[93981,39537,1.0,0.40797322163915484]
[79255,79252,1.0,0.9919031889112758]
[48828,39537,1.0,0.5816902325230617]
[95413,92547,1.0,0.6575003598385623]
[95413,19483,1.0,0.6000756645317231]
[110305,92547,1.0,0.6816271030320658]
[110305,6127,1.0,0.4930500893695492]
[110305,39537,1.0,0.41937157423821647]
[35600,35597,1.0,0.9815616159143207]
[35600,35594,1.0,0.9938289672647332]
[35597,35594,1.0,0.9853703915848624]
[54442,11069,1.0,0.46975757259555845]
[54442,2737,1.0,0.4505717456537904]
[76359,73386,1.0,0.46069884931569455]
[73386,11069,1.0,0.4359139726924026]
[73386,35600,1.0,0.46602766356142056]
[73386,35597,1.0,0.4532097746864684]
[73386,35594,1.0,0.4720568536016745]
[73386,36623,1.0,0.4622893276781941]
[73386,18726,1.0,0.5961808033919983]
[73386,54442,1.0,0.5151410224692804]
[73386,6832,1.0,0.4331490800423595]
[73386,29611,1.0,0.6698832495985014]
[73386,7541,1.0,0.44855948102121573]
[73386,56874,1.0,0.7184829687429877]
[73386,19036,1.0,0.5391683563314661]
[73386,70119,1.0,0.4709504358192523]
[73386,30822,1.0,0.6504581001995312]
[73386,31577,1.0,0.8469805830469208]
[73386,34871,1.0,0.5821182014222093]
[73386,2737,1.0,0.6607606268995917]
[112299,73386,1.0,0.808047741059461]
