[8794,8791,1.0,0.9847042253520776]
[8800,8794,1.0,0.929550053303359]
[8800,8791,1.0,0.963753730995622]
[8800,8797,1.0,0.953224515668671]
[8797,8794,1.0,0.9768916668684698]
[8797,8791,1.0,0.9925844032165035]
[83398,83395,1.0,0.9405576644014856]
[74140,74131,1.0,0.9952227536000962]
[74140,74134,1.0,0.9907453314477414]
[74140,74137,1.0,0.9929062793200291]
[74143,74140,1.0,0.9907453314477414]
[74143,74131,1.0,0.9907453314477414]
[74143,74134,1.0,0.9826375285795352]
[74143,74137,1.0,0.9865599141631072]
[74134,74131,1.0,0.9907453314477414]
[74137,74131,1.0,0.9929062793200291]
[74137,74134,1.0,0.9865599141631072]
[38885,38882,1.0,0.9877726362494229]
[52042,52039,1.0,0.9670723769572607]
[91932,6006,1.0,0.4114087786134152]
[84283,84277,1.0,0.986937949890846]
[84283,84280,1.0,0.9772131928587549]
[52045,52042,1.0,0.905151030983898]
[52045,52039,1.0,0.9877726362494229]
[84280,84277,1.0,0.9912124474460464]
[52048,52042,1.0,0.955023411797793]
[52048,52039,1.0,0.9952227536000962]
[52048,52045,1.0,0.9877726362494229]
[70769,70766,1.0,0.9942129708818666]
[125242,125239,1.0,0.9933677579237732]
[1661,1658,1.0,0.9877726362494229]
[21328,21322,1.0,0.9732085951490012]
[21331,21328,1.0,0.9682267829637028]
[21331,21322,1.0,0.9940528687790091]
[75410,75407,1.0,0.9903025824760457]
[32605,32599,1.0,0.972838857325248]
[32605,32602,1.0,0.9642843916129538]
[130363,130360,1.0,0.4997590004662799]
[130363,130357,1.0,0.7165944052095174]
[95335,95329,1.0,0.9727358152131711]
[95335,95332,1.0,0.9582060500461109]
[62903,36722,1.0,0.5278730566486229]
[62661,62658,1.0,0.5512063701067603]
[130360,130357,1.0,0.9774375760926067]
[35410,35407,1.0,0.7314872460961028]
[115384,115381,1.0,0.9949181171750051]
[115384,95400,1.0,0.4389212988958668]
[115384,58954,1.0,0.40099789895130333]
[115384,112095,1.0,0.6743282215232848]
[95400,51979,1.0,0.45751292690491124]
[95400,30483,1.0,0.4531944320404014]
[95400,62667,1.0,0.4133786255728273]
[95400,84242,1.0,0.43672678210567967]
[95400,36722,1.0,0.4104795587161536]
[62667,62661,1.0,0.9110300608117167]
[62667,58954,1.0,0.4602172574927039]
[62667,62664,1.0,0.9468241671459413]
[62667,62658,1.0,0.9903007277365568]
[106920,84242,1.0,0.4514205650064645]
[88470,88467,1.0,0.9917005685899336]
[132564,130363,1.0,0.4198604595965903]
[132564,62903,1.0,0.45979542086183567]
[132564,48619,1.0,0.6429392288491441]
[132564,76144,1.0,0.48520520970276404]
[130369,130363,1.0,0.7105943271749484]
[130369,130360,1.0,0.9872764752673865]
[130369,95400,1.0,0.5071412869801432]
[130369,130357,1.0,0.9927904021198166]
[130369,130366,1.0,0.9665363659105068]
[62664,62658,1.0,0.968593946625542]
[130366,130360,1.0,0.8921508266417321]
[130366,130357,1.0,0.92693528523747]
[48619,36722,1.0,0.6073996944412938]
[95332,95329,1.0,0.992032811459589]
[4739,4733,1.0,0.9922444720626648]
[32602,32599,1.0,0.9887173423656065]
[76144,36722,1.0,0.4188854418405501]
[78078,78075,1.0,0.9842879504501727]
[112095,30483,1.0,0.47748701927515375]
[112095,62667,1.0,0.7989279351747313]
[81379,81373,1.0,0.9952227536000962]
[92981,79514,1.0,0.42626850816810535]
[92981,26098,1.0,0.4129934839829518]
[92981,92975,1.0,0.9857732974191261]
[92981,92972,1.0,0.9952227536000962]
[92975,79514,1.0,0.4128931308641158]
[92975,26098,1.0,0.4000072838883529]
[92975,92972,1.0,0.9894585446549913]
[92972,79514,1.0,0.42626850816810535]
[92972,26098,1.0,0.4129934839829518]
[85752,85749,1.0,0.9451885851003305]
[85752,17688,1.0,0.5391220978135518]
[114657,114654,1.0,0.9744679765607376]
[114660,114657,1.0,0.9377764682882114]
[114660,114654,1.0,0.9869264603515808]
[73347,73344,1.0,0.9933677579237732]
[114663,114657,1.0,0.9029502131567515]
[114663,114660,1.0,0.976335707531782]
[114663,114654,1.0,0.982002456420209]
[34800,34794,1.0,0.9688841572779398]
[19368,19365,1.0,0.9712554876184042]
[73375,73372,1.0,0.9952227536000962]
[72530,19368,1.0,0.5616552694780849]
[86931,86925,1.0,0.9795167108805569]
[86931,86928,1.0,0.9489641311319562]
[37701,19368,1.0,0.4509884186721387]
[57343,15510,1.0,0.4686799664033842]
[57343,57340,1.0,0.9877726362494229]
[57343,57334,1.0,0.9877726362494229]
[86928,86925,1.0,0.9572577579039645]
[67267,67264,1.0,0.9656848771305503]
[67273,67264,1.0,0.960121331013398]
[67273,67267,1.0,0.9152494099421241]
[96747,96744,1.0,0.9952227536000962]
[59056,19368,1.0,0.5360613570819658]
[58871,19368,1.0,0.40482807985371544]
[58871,57343,1.0,0.44139179647971]
[71060,19368,1.0,0.48203161022911356]
[71060,71054,1.0,0.9717805349460714]
[71054,19368,1.0,0.5067299817181092]
[57340,57334,1.0,0.9952227536000962]
[130648,130645,1.0,0.9908773708264631]
[130648,64499,1.0,0.4150200463287381]
[30847,30844,1.0,0.9949181171750051]
[79813,79810,1.0,0.9929318100825512]
[130654,130648,1.0,0.6161502882558314]
[130654,30847,1.0,0.40838302482429023]
[91938,91935,1.0,0.9944660782509854]
[91941,91935,1.0,0.9927904021198166]
[91941,91938,1.0,0.9857610118023341]
[130651,130648,1.0,0.9823674576575356]
[130651,130645,1.0,0.9903015453916376]
[64499,30847,1.0,0.4988058035883561]
[71480,71477,1.0,0.9663296888005913]
[71480,71474,1.0,0.9605354138947532]
[71480,71471,1.0,0.9902570385699506]
[20285,20282,1.0,0.986558958665815]
[71477,71474,1.0,0.9657780364055063]
[71477,71471,1.0,0.992390016211883]
[32519,32516,1.0,0.9721210641438532]
[99763,99760,1.0,0.9942322398449379]
[56125,56116,1.0,0.9922323843947127]
[56125,56119,1.0,0.9919682764911708]
[56125,56122,1.0,0.9922323843947127]
[71474,71471,1.0,0.9763693248573667]
[93681,77727,1.0,0.5956603001916728]
[109143,20285,1.0,0.4386710589333617]
[109143,20282,1.0,0.4386710589333617]
[56119,56116,1.0,0.9950492062368131]
[96861,77727,1.0,0.4133550085778709]
[49726,49723,1.0,0.9579668667772084]
[49729,49723,1.0,0.9836208208675142]
[49729,49726,1.0,0.901641303943948]
[56122,56116,1.0,0.9952227536000962]
[56122,56119,1.0,0.9950492062368131]
[56128,56116,1.0,0.9950711485237386]
[56128,56125,1.0,0.9950711485237386]
[56128,56119,1.0,0.9949160536753251]
[56128,56122,1.0,0.9950711485237386]
[121585,121579,1.0,0.9952227536000962]
[121588,121579,1.0,0.9483675202280403]
[121588,121585,1.0,0.9483675202280403]
[121591,121579,1.0,0.9937807051809457]
[121591,121585,1.0,0.9937807051809457]
[121591,121588,1.0,0.9365373002432963]
[51714,51708,1.0,0.9731714302754908]
[51714,51711,1.0,0.9398569264071931]
[51711,51708,1.0,0.9863707734172142]
[7312,7309,1.0,0.9699149538337315]
[40338,40335,1.0,0.9915416581417771]
[40341,40338,1.0,0.9924116787128405]
[40341,40335,1.0,0.9952227536000962]
[90240,90237,1.0,0.9890173416326807]
[7315,7312,1.0,0.9699149538337315]
[7315,7309,1.0,0.9913719155278211]
[90243,90240,1.0,0.9890173416326807]
[90243,90237,1.0,0.9952227536000962]
[23263,23260,1.0,0.9810735005042712]
[23263,23257,1.0,0.9952227536000962]
[46481,46478,1.0,0.9898902484956689]
[23260,23257,1.0,0.9692065890636703]
[46484,46481,1.0,0.9937203877942667]
[46484,46478,1.0,0.9949785116292866]
[101562,101559,1.0,0.9250041681659096]
[129744,129735,1.0,0.981629363707876]
[129744,129741,1.0,0.9155843105982161]
[129744,129738,1.0,0.9816242509727425]
[129741,129735,1.0,0.9712554876184042]
[129741,129738,1.0,0.8127504871517856]
[129738,129735,1.0,0.9806906847394379]
[763,757,1.0,0.9939632065849492]
[41944,41941,1.0,0.9908397224750475]
[99675,41947,1.0,0.40900999816867795]
[41947,41941,1.0,0.9584162951905362]
[41947,41944,1.0,0.9308839271649266]
[29771,29768,1.0,0.9877726362494229]
[72645,41947,1.0,0.643981734132659]
[69737,43323,1.0,0.4026241116937045]
[69737,41947,1.0,0.6990740396275884]
[117954,117951,1.0,0.988409755852625]
[117954,117948,1.0,0.9940528687790091]
[95113,95110,1.0,0.9696636498802185]
[117951,117948,1.0,0.9905564682541387]
[73399,73396,1.0,0.9838372695756524]
[51962,51956,1.0,0.9775918753745905]
[73402,73396,1.0,0.9952227536000962]
[73402,73399,1.0,0.9691220840215442]
[46040,46037,1.0,0.9904940211375224]
[85362,85359,1.0,0.9952227536000962]
[85368,85359,1.0,0.9228083470547621]
[85368,85362,1.0,0.9520320950592376]
[85368,85365,1.0,0.71949237320606]
[85365,85359,1.0,0.8452649871036406]
[85365,85362,1.0,0.9494962306115837]
[29040,29037,1.0,0.9785231405486736]
[29040,29034,1.0,0.9884802160307365]
[123633,123624,1.0,0.9381360809957213]
[123633,123627,1.0,0.9933607062578763]
[123633,123621,1.0,0.9952227536000962]
[123633,123630,1.0,0.9952227536000962]
[123624,123621,1.0,0.9381360809957213]
[76468,37605,1.0,0.5243558597796949]
[33326,33320,1.0,0.9387554887916416]
[33326,33323,1.0,0.9202020890327481]
[33326,33317,1.0,0.9899074872227256]
[12407,12401,1.0,0.9390138658661532]
[12407,12398,1.0,0.9855231401120325]
[132978,74425,1.0,0.4016919351583433]
[33320,33317,1.0,0.9666003958462214]
[12401,12398,1.0,0.9744614859256533]
[29037,29034,1.0,0.9905564682541387]
[80856,80853,1.0,0.9551497443188914]
[33323,33320,1.0,0.8737695839080798]
[33323,33317,1.0,0.959291018319821]
[80859,80853,1.0,0.9940528687790091]
[80859,80856,1.0,0.9270450850246775]
[123627,123624,1.0,0.9232335540842053]
[123627,123621,1.0,0.9933607062578763]
[120355,104680,1.0,0.6252618930919729]
[120355,76468,1.0,0.7156710074462144]
[120355,80853,1.0,0.46120651578820293]
[120355,80856,1.0,0.46120651578820293]
[120355,80859,1.0,0.46120651578820293]
[120355,89490,1.0,0.40030808786683686]
[89490,76468,1.0,0.6950865200349576]
[123630,123624,1.0,0.9381360809957213]
[123630,123627,1.0,0.9933607062578763]
[123630,123621,1.0,0.9952227536000962]
[65736,65733,1.0,0.9840078377939347]
[105231,105225,1.0,0.9695171902503181]
[105231,105228,1.0,0.9618565023242213]
[101824,101821,1.0,0.9914756223331858]
[105228,105225,1.0,0.9945081630075626]
[19835,19826,1.0,0.9945275130393195]
[19835,19829,1.0,0.730740347059621]
[72778,72775,1.0,0.9732085951490012]
[72781,72775,1.0,0.977166319507165]
[72781,72778,1.0,0.9063546007984894]
[108396,65166,1.0,0.4432727092395724]
[50933,21523,1.0,0.4083214377555577]
[54943,14127,1.0,0.49977690571112005]
[104787,86005,1.0,0.40901800958768525]
[104787,40629,1.0,0.4141129285711039]
[38872,38869,1.0,0.9918818867765093]
[19829,19826,1.0,0.7261135173444576]
[120403,50933,1.0,0.5299649479404093]
[46603,46597,1.0,0.9902913432757028]
[46603,46600,1.0,0.9922241080961267]
[46600,46597,1.0,0.9776540582235607]
[120406,50933,1.0,0.5299649479404093]
[120406,120403,1.0,0.9814951873063039]
[64162,31493,1.0,0.4669610691129924]
[33136,33133,1.0,0.9494458641614886]
[89297,13934,1.0,0.4425884285072101]
[89297,18002,1.0,0.5905565810910707]
[89297,64162,1.0,0.4621651450329419]
[35022,32571,1.0,0.4561931979590406]
[49997,49991,1.0,0.9736788356737666]
[49997,49994,1.0,0.9582568125021762]
[93756,21984,1.0,0.4553207422289134]
[119416,1183,1.0,0.4988105689253531]
[119416,29790,1.0,0.4813064300390549]
[119416,119413,1.0,0.9920833970679706]
[119416,119410,1.0,0.9945081630075626]
[6777,6774,1.0,0.9952227536000962]
[1186,1183,1.0,0.9555338635218734]
[1186,1180,1.0,0.9929984661036967]
[127662,127659,1.0,0.9405263675963199]
[21981,21978,1.0,0.9623689296778943]
[21981,21975,1.0,0.9727786422677371]
[21981,21972,1.0,0.9800672341483817]
[110166,25822,1.0,0.4632798311479983]
[119371,119362,1.0,0.9946149626479851]
[119371,119365,1.0,0.9922235835031686]
[119371,119368,1.0,0.994273096326057]
[21987,21981,1.0,0.9638226364102043]
[21987,21978,1.0,0.9630352656649642]
[21987,21975,1.0,0.9709456285570921]
[21987,21984,1.0,0.9718501028597923]
[21987,21972,1.0,0.9799084996727465]
[21978,21975,1.0,0.9832703698407639]
[21978,21972,1.0,0.9904170844565569]
[119419,119416,1.0,0.9488855422912063]
[119419,119413,1.0,0.9707416567624779]
[119419,119410,1.0,0.9636038852061665]
[124270,124267,1.0,0.9909007684684732]
[127665,127662,1.0,0.8865515122810399]
[127665,127659,1.0,0.9871896299562893]
[124273,124270,1.0,0.9713735873739267]
[124273,124267,1.0,0.9765807037725973]
[128512,21984,1.0,0.40474155868241335]
[128512,86852,1.0,0.47567885336146]
[45427,45418,1.0,0.9938647243311929]
[45427,45421,1.0,0.9261342449682254]
[50000,49997,1.0,0.9767897244960054]
[50000,49991,1.0,0.9893520391447529]
[50000,49994,1.0,0.9843120969546867]
[1183,1180,1.0,0.9676654785944728]
[119365,119362,1.0,0.9930750981066655]
[21975,21972,1.0,0.9946149626479851]
[29790,6777,1.0,0.6335268736682982]
[29790,21984,1.0,0.43605996561150173]
[21984,21981,1.0,0.9942129708818666]
[21984,21978,1.0,0.9892735957802234]
[21984,1183,1.0,0.42474980591952316]
[21984,21975,1.0,0.992330232074547]
[21984,21972,1.0,0.9946149626479851]
[76641,76638,1.0,0.9924919560484692]
[119413,119410,1.0,0.9930676807585843]
[49994,49991,1.0,0.9946424279692275]
[64791,21984,1.0,0.4113469203324417]
[119374,119371,1.0,0.9706671511252526]
[119374,119362,1.0,0.9787569906786917]
[119374,119365,1.0,0.9707449935549463]
[119374,119368,1.0,0.9778681742688738]
[45421,45418,1.0,0.9466826112727259]
[1189,1186,1.0,0.9870298867990478]
[1189,1183,1.0,0.9676654785944728]
[1189,1180,1.0,0.9952227536000962]
[119368,119362,1.0,0.9949181171750051]
[119368,119365,1.0,0.9926716913944924]
[66037,41374,1.0,0.5006959391912995]
[102543,41374,1.0,0.5584257822731727]
[91550,41374,1.0,0.45688758571576304]
[44284,41374,1.0,0.5911218754506555]
[45684,41374,1.0,0.5123198303444036]
[92988,86140,1.0,0.5645186469497476]
[69918,41374,1.0,0.5073652967622835]
[43090,41374,1.0,0.4862613698782802]
[43090,6772,1.0,0.41346870562247945]
[61362,41374,1.0,0.48910158318305763]
[58311,41374,1.0,0.4683075922516048]
[70613,41374,1.0,0.4627561367717766]
[15515,15512,1.0,0.9066419534432287]
[78132,78129,1.0,0.9841520012882965]
[52855,41374,1.0,0.4634089268928557]
[83106,41374,1.0,0.5888852309023405]
[62964,41374,1.0,0.4771684547121533]
[61365,41374,1.0,0.4504597474032809]
[78135,78129,1.0,0.9952227536000962]
[78135,78132,1.0,0.9877726362494229]
[115522,41374,1.0,0.46172857023940694]
[103639,41374,1.0,0.5089331794378372]
[61371,61362,1.0,0.9814506719756734]
[61371,61368,1.0,0.9760429263641791]
[61371,41374,1.0,0.48910158318305763]
[61368,61362,1.0,0.9935010281370509]
[61368,41374,1.0,0.48910158318305763]
[126312,41374,1.0,0.5736887524449144]
[78138,78129,1.0,0.9952227536000962]
[78138,78132,1.0,0.9877726362494229]
[78138,78135,1.0,0.9952227536000962]
[60467,41374,1.0,0.6818151106309853]
[122883,41374,1.0,0.4666057603593027]
[70171,41374,1.0,0.5230216085745201]
[59852,41374,1.0,0.487164711100777]
[41374,24580,1.0,0.48633128066930004]
[41374,9185,1.0,0.4838760249339723]
[41374,3015,1.0,0.4933609966690369]
[41374,15515,1.0,0.476804965865154]
[41374,15512,1.0,0.476804965865154]
[41374,39353,1.0,0.5016717890448149]
[41374,16448,1.0,0.5524229142044896]
[41374,18302,1.0,0.5311537296261373]
[41374,15344,1.0,0.5402144778819754]
[44271,41374,1.0,0.6005455371159831]
[92060,41374,1.0,0.49993956289124675]
[102586,41374,1.0,0.5005667629969003]
[89120,41374,1.0,0.5423103313347645]
[95466,95463,1.0,0.9919439764368742]
[92557,92551,1.0,0.9945658729539499]
[92557,92554,1.0,0.9940413026065368]
[92554,92551,1.0,0.9917038292066669]
[78167,78155,1.0,0.824790258689733]
[78167,78164,1.0,0.8052744012509566]
[78167,78158,1.0,0.7553720196591842]
[78167,78161,1.0,0.7499228817092368]
[65771,65768,1.0,0.9952227536000962]
[78164,78155,1.0,0.9941344304576755]
[78164,78158,1.0,0.9894175922224694]
[78164,78161,1.0,0.9897219156145766]
[78158,78155,1.0,0.9855707766334991]
[9573,9570,1.0,0.9926258435128178]
[9576,9570,1.0,0.9952227536000962]
[9576,9573,1.0,0.9926258435128178]
[78161,78155,1.0,0.9929984661036967]
[78161,78158,1.0,0.9853248884030403]
[81351,81345,1.0,0.967192187789375]
[97509,86700,1.0,0.44798341472752207]
[88610,88607,1.0,0.9867315752449252]
[34854,34851,1.0,0.9872021338195044]
[66860,66857,1.0,0.9755793726675572]
[67968,67962,1.0,0.9849497952437251]
[14352,14346,1.0,0.9676335515662364]
[14352,14343,1.0,0.9926317006895411]
[14346,14343,1.0,0.9680386055684632]
[26711,26702,1.0,0.6530774131360544]
[26711,26708,1.0,0.6172845978928045]
[26708,26702,1.0,0.9768115173390614]
[93138,93129,1.0,0.9836706966997675]
[93138,93132,1.0,0.9157285009489585]
[93132,93129,1.0,0.9705515362490387]
[14915,14912,1.0,0.9828512400528593]
[14915,14909,1.0,0.9932607219518318]
[14918,14915,1.0,0.986789362747514]
[14918,14912,1.0,0.9766773212537372]
[14918,14909,1.0,0.990515878461667]
[14912,14909,1.0,0.9938804711395797]
[39979,39976,1.0,0.9643547518606052]
[39979,39973,1.0,0.980704401624982]
[39976,39973,1.0,0.990515878461667]
[44547,44544,1.0,0.9952227536000962]
[16696,16693,1.0,0.8952139813927715]
[122320,19149,1.0,0.5255127894928827]
[122320,17413,1.0,0.8497839707993502]
[44550,44544,1.0,0.9846580397183873]
[44550,44547,1.0,0.9896522672334673]
[52584,52578,1.0,0.6574544189242868]
[52584,52581,1.0,0.6187992645420016]
[14697,14694,1.0,0.967823367838662]
[52581,52578,1.0,0.9882382546821655]
[12666,12657,1.0,0.9867315752449252]
[61764,61761,1.0,0.5692815513181155]
[61764,61758,1.0,0.9887343545782287]
[61761,61758,1.0,0.713867534563549]
[18263,18260,1.0,0.9893586404082296]
[68597,68594,1.0,0.9861464120448776]
[18266,18263,1.0,0.988063291460518]
[18266,18260,1.0,0.9946149626479851]
[16247,16244,1.0,0.9853672165962655]
[16247,16241,1.0,0.9863945926005738]
[56314,18307,1.0,0.5005207627211431]
[13837,13834,1.0,0.9895462028235115]
[114856,56314,1.0,0.519789642027497]
[114856,52909,1.0,0.5043935227872964]
[114856,66451,1.0,0.4588437365215818]
[114856,18307,1.0,0.88953483609012]
[114856,76513,1.0,0.4400247239435028]
[52909,18307,1.0,0.5030711681996014]
[46146,46134,1.0,0.947510453038273]
[46146,18307,1.0,0.48219746213706444]
[46146,46140,1.0,0.947510453038273]
[46146,10104,1.0,0.4026580974312003]
[46146,46143,1.0,0.9376366038445814]
[21354,21351,1.0,0.927184764443494]
[16244,16241,1.0,0.9948211525687517]
[33436,33433,1.0,0.9874899461697841]
[33439,33436,1.0,0.9737341764730877]
[33439,33433,1.0,0.9895573862273518]
[46134,18307,1.0,0.5441986760995048]
[46134,10104,1.0,0.4443381148165372]
[66451,18307,1.0,0.5875366887562802]
[46140,46134,1.0,0.9952227536000962]
[46140,18307,1.0,0.5441986760995048]
[46140,10104,1.0,0.4443381148165372]
[74442,29257,1.0,0.424424168664248]
[74442,18307,1.0,0.44934897962140674]
[76513,18307,1.0,0.46308149031659707]
[33697,18307,1.0,0.4204078361915996]
[27109,13837,1.0,0.4264415969321282]
[27109,13834,1.0,0.4264415969321282]
[27109,18307,1.0,0.5258515257331255]
[37465,18307,1.0,0.4516364526346961]
[46143,46134,1.0,0.9937633681078456]
[46143,18307,1.0,0.5441986760995048]
[46143,46140,1.0,0.9937633681078456]
[46143,10104,1.0,0.4443381148165372]
[120277,120274,1.0,0.9782258136974463]
[120277,120268,1.0,0.9916975038550923]
[120277,120271,1.0,0.9717750451713048]
[120274,120268,1.0,0.9783032542068444]
[120274,120271,1.0,0.9338653039583066]
[120271,120268,1.0,0.9828697430443235]
[60422,49817,1.0,0.5212223752745899]
[74248,74245,1.0,0.9941331399080218]
[120388,74248,1.0,0.41453381707171744]
[120388,74245,1.0,0.4176834099526982]
[74251,74248,1.0,0.9756227371586855]
[74251,74245,1.0,0.9795129106326953]
[91175,91169,1.0,0.9952227536000962]
[91175,91172,1.0,0.9862370718783809]
[81115,81112,1.0,0.9859374689625465]
[81115,81109,1.0,0.969556736208816]
[45383,45380,1.0,0.8780561459065751]
[81112,81109,1.0,0.984962163679451]
[91172,91169,1.0,0.9817413507096479]
[122184,122181,1.0,0.8875086377281907]
[52593,52587,1.0,0.9874787883798836]
[52593,52590,1.0,0.9809749869532263]
[52918,52915,1.0,0.9952227536000962]
[52590,52587,1.0,0.9814959398674022]
[53370,53367,1.0,0.9952227536000962]
[37659,28746,1.0,0.5200691942588597]
[68375,37659,1.0,0.612841242494609]
[68375,24152,1.0,0.4726976985788097]
[68375,22375,1.0,0.6517355054954651]
[22375,22369,1.0,0.9952227536000962]
[22375,22372,1.0,0.9952227536000962]
[28746,22375,1.0,0.5086804063558108]
[106056,106053,1.0,0.9893709792152594]
[22372,22369,1.0,0.9952227536000962]
[75150,46959,1.0,0.5818414735394762]
[96630,75150,1.0,0.40436049860416123]
[96630,96627,1.0,0.994133150892806]
[96627,75150,1.0,0.4324508412303674]
[85686,85683,1.0,0.8948203519404985]
[57940,57937,1.0,0.9809807309779324]
[85479,85473,1.0,0.9942746491420621]
[85479,85476,1.0,0.9473419487131662]
[57943,57940,1.0,0.9513252605727067]
[57943,57937,1.0,0.9859369605433117]
[57946,57940,1.0,0.9083358778369068]
[57946,57943,1.0,0.9320091666879413]
[57946,57937,1.0,0.9736063592465123]
[53600,24239,1.0,0.4412944842882108]
[85476,85473,1.0,0.9598706421291399]
[70836,70830,1.0,0.9826650793513436]
[70836,70833,1.0,0.9353551835236035]
[32083,32080,1.0,0.9927904021198166]
[70833,70830,1.0,0.9783032542068444]
[22944,22941,1.0,0.9606921458663492]
[112245,112242,1.0,0.9916279266715222]
[22950,22941,1.0,0.9905564682541387]
[22950,22944,1.0,0.875045739273753]
[22950,22947,1.0,0.980405008564724]
[22947,22941,1.0,0.9895147614263562]
[22947,22944,1.0,0.8637093666727996]
[317,308,1.0,0.9930237118912887]
[317,311,1.0,0.8556211243276107]
[317,305,1.0,0.9952227536000962]
[317,314,1.0,0.9833591249264825]
[308,305,1.0,0.9906987952587589]
[311,308,1.0,0.8213875958154104]
[311,305,1.0,0.8556211243276107]
[314,308,1.0,0.9853969710222406]
[314,311,1.0,0.7817793821727157]
[314,305,1.0,0.9897234555638261]
[61571,35431,1.0,0.436892253612601]
[16989,16986,1.0,0.9828829727772339]
[44812,44809,1.0,0.9945658731879131]
[78517,78508,1.0,0.9640689066857333]
[78517,78514,1.0,0.9718213773855717]
[78517,78511,1.0,0.9719482411151045]
[78517,78505,1.0,0.9941331399080218]
[103423,103411,1.0,0.9909178282571507]
[103423,103420,1.0,0.9840531989509822]
[103423,103414,1.0,0.9909178282571507]
[103423,103417,1.0,0.9805954899250267]
[132939,44812,1.0,0.4228280359717647]
[132939,44809,1.0,0.4249461308959671]
[103420,103411,1.0,0.99133259848331]
[103420,103414,1.0,0.99133259848331]
[103420,103417,1.0,0.9940396568789889]
[103414,103411,1.0,0.9952227536000962]
[78508,78505,1.0,0.976732163775312]
[28107,28098,1.0,0.9941339650477837]
[28107,28101,1.0,0.9884234729544201]
[28107,28104,1.0,0.9909183487145783]
[78514,78508,1.0,0.4098903380319724]
[78514,78511,1.0,0.4423900893035333]
[78514,78505,1.0,0.643482581152784]
[60353,60347,1.0,0.9694977359694635]
[28110,28098,1.0,0.9807849983777491]
[28110,28107,1.0,0.9660940905598608]
[28110,28101,1.0,0.9666366709970795]
[28110,28104,1.0,0.9714102010081422]
[16995,16989,1.0,0.5941955543131238]
[16995,16986,1.0,0.6914853227434856]
[16995,16992,1.0,0.548001571955832]
[28101,28098,1.0,0.9905564682541387]
[78511,78508,1.0,0.8203736437665684]
[78511,78505,1.0,0.9772179201618538]
[28104,28098,1.0,0.9925500138987969]
[28104,28101,1.0,0.9858546448311734]
[103417,103411,1.0,0.9893256392465269]
[103417,103414,1.0,0.9893256392465269]
[16992,16989,1.0,0.9782550358279827]
[16992,16986,1.0,0.9892819917996648]
[55416,55410,1.0,0.9821223271675567]
[20066,20063,1.0,0.9952227536000962]
[112711,112003,1.0,0.46607590946918936]
[28786,28780,1.0,0.9934197647450789]
[28789,28786,1.0,0.9574590109447012]
[28789,28780,1.0,0.9623824894510555]
[20069,20066,1.0,0.9914721290490903]
[20069,20063,1.0,0.9914721290490903]
[28792,28786,1.0,0.9683466438387979]
[28792,28789,1.0,0.9452686922008674]
[28792,28780,1.0,0.9721937939307478]
[55445,55442,1.0,0.6883820890206109]
[55445,55439,1.0,0.7906655407161184]
[55442,55439,1.0,0.9921626492222072]
[55448,55445,1.0,0.7906655407161184]
[55448,55442,1.0,0.9895268259737395]
[55448,55439,1.0,0.9952227536000962]
[2683,2680,1.0,0.9648527984213883]
[2686,2680,1.0,0.9914729588753374]
[2686,2683,1.0,0.943386376449657]
[130501,101524,1.0,0.5058172898831303]
[130501,91160,1.0,0.48261901926732087]
[129969,129963,1.0,0.9877866851025059]
[20008,9813,1.0,0.42822025018654053]
[129972,129969,1.0,0.9460455678781252]
[129972,129963,1.0,0.9902570385699506]
[8793,8790,1.0,0.9952227536000962]
[82423,82417,1.0,0.9745913298569896]
[82423,82420,1.0,0.9615588782018709]
[123286,1120,1.0,0.4516834976350362]
[123286,94548,1.0,0.411703898428095]
[123286,12723,1.0,0.7109238603845927]
[89962,33678,1.0,0.5046775939454404]
[89962,89959,1.0,0.9187797520756891]
[89962,89953,1.0,0.9952227536000962]
[89962,89956,1.0,0.9911457621988602]
[65053,33678,1.0,0.6309092669566905]
[65053,25661,1.0,0.5490896427786749]
[71690,71687,1.0,0.9236185344217853]
[82426,82423,1.0,0.6613031460117702]
[82426,82417,1.0,0.8718442616224839]
[82426,82420,1.0,0.8218199673665991]
[94548,1846,1.0,0.4429163730180332]
[33678,8793,1.0,0.6387515545361151]
[33678,1120,1.0,0.5086687074253724]
[33678,8790,1.0,0.6387515545361151]
[33678,8796,1.0,0.6387515545361151]
[71693,71690,1.0,0.9879278354841721]
[71693,71687,1.0,0.9757958192984313]
[89959,89953,1.0,0.9187797520756891]
[89959,89956,1.0,0.8901215558976976]
[96958,65053,1.0,0.5339274988469386]
[8796,8793,1.0,0.991343199148877]
[8796,8790,1.0,0.991343199148877]
[82420,82417,1.0,0.9945658731879131]
[17368,17365,1.0,0.9935292479653834]
[89956,89953,1.0,0.9911457621988602]
[76874,76868,1.0,0.9845083606495039]
[8927,8924,1.0,0.9929984661036967]
[80101,80098,1.0,0.7891790353710576]
[80101,80095,1.0,0.988768188165605]
[48845,48842,1.0,0.9952227536000962]
[80098,77492,1.0,0.46278865446455686]
[80098,48845,1.0,0.5560735486264097]
[80098,48842,1.0,0.5560735486264097]
[80098,80095,1.0,0.8977635963107937]
[80098,48848,1.0,0.5839144970834537]
[56377,48848,1.0,0.4907060255232063]
[48848,48845,1.0,0.9829714173435662]
[48848,48842,1.0,0.9829714173435662]
[40199,40196,1.0,0.785626233534577]
[30196,30190,1.0,0.9524967799151758]
[30196,30184,1.0,0.9841672886579516]
[30196,30193,1.0,0.9742883381914356]
[30196,30187,1.0,0.9701572632145836]
[23847,23844,1.0,0.9745730376417076]
[30190,30184,1.0,0.9759754904466268]
[30190,30187,1.0,0.9125486981586921]
[30193,30190,1.0,0.9739193685612638]
[30193,30184,1.0,0.9881761805738833]
[30193,30187,1.0,0.9701572632145836]
[30187,30184,1.0,0.9701572632145836]
[40491,40485,1.0,0.9791271660953921]
[66403,66397,1.0,0.9952227536000962]
[12560,12551,1.0,0.9914756223331858]
[12560,12557,1.0,0.9662508020222146]
[12560,12554,1.0,0.9914756223331858]
[12557,12551,1.0,0.9505447761955524]
[12557,12554,1.0,0.9505447761955524]
[12554,12551,1.0,0.9952227536000962]
[70482,57969,1.0,0.40689462949235133]
[101088,14851,1.0,0.4406364004372726]
[101088,93568,1.0,0.4180870019421354]
[50589,9924,1.0,0.4797834338530505]
[50589,42662,1.0,0.4202960476496526]
[50589,25074,1.0,0.5397481824350143]
[104464,104455,1.0,0.9927742648919292]
[104464,104458,1.0,0.9927742648919292]
[104464,104461,1.0,0.982540366788328]
[81487,40283,1.0,0.4040472712452764]
[40283,9924,1.0,0.4238680649151401]
[10685,10682,1.0,0.9815718726083079]
[113358,113355,1.0,0.9916975038550923]
[88048,75938,1.0,0.4545269042503385]
[75938,29497,1.0,0.411071078415837]
[77579,9924,1.0,0.700018499101536]
[77579,64929,1.0,0.4956092816282742]
[104458,104455,1.0,0.9935292479653834]
[82111,82108,1.0,0.9914339568144199]
[127816,77579,1.0,0.512646999046628]
[127816,125319,1.0,0.7155820013445544]
[75941,75938,1.0,0.9584211385220032]
[111085,111082,1.0,0.9896083335496142]
[125319,68062,1.0,0.42260185286447877]
[125319,117531,1.0,0.400025107121754]
[125319,50589,1.0,0.7478191287736677]
[125319,104464,1.0,0.48474684338583707]
[125319,74,1.0,0.4707195527165806]
[125319,114375,1.0,0.42296005472199333]
[125319,112501,1.0,0.41961439352895064]
[125319,52570,1.0,0.5151784894792302]
[125319,9924,1.0,0.705950609990611]
[125319,81487,1.0,0.4942265073313706]
[125319,104455,1.0,0.48474684338583707]
[125319,107437,1.0,0.5915196742311862]
[125319,25317,1.0,0.41339147391651143]
[125319,113358,1.0,0.43058431369846295]
[125319,54424,1.0,0.44757283733087955]
[125319,2699,1.0,0.4098541930826613]
[125319,85184,1.0,0.4797121015871157]
[125319,86178,1.0,0.48599376511697795]
[125319,38941,1.0,0.6344848747564678]
[125319,35008,1.0,0.8231774618198153]
[125319,77579,1.0,0.8016541885080067]
[125319,104458,1.0,0.48474684338583707]
[125319,42662,1.0,0.6569963728211189]
[125319,74921,1.0,0.4416418552380453]
[125319,29576,1.0,0.5016043469024217]
[125319,82111,1.0,0.9094240085658439]
[125319,87044,1.0,0.5066397860276781]
[125319,64710,1.0,0.5450366635427673]
[125319,22774,1.0,0.462130299140777]
[125319,29497,1.0,0.5076070719042144]
[125319,113355,1.0,0.43058431369846295]
[125319,99862,1.0,0.5675420659092022]
[125319,50718,1.0,0.6791309731484135]
[125319,116566,1.0,0.5108880406852]
[125319,81652,1.0,0.448398376465673]
[125319,65452,1.0,0.47444479952963403]
[125319,92349,1.0,0.45926522256023267]
[125319,48768,1.0,0.7999665255307907]
[125319,32258,1.0,0.43722778619905955]
[125319,25074,1.0,0.6742911150058009]
[125319,82114,1.0,0.8767267101521856]
[125319,31853,1.0,0.6052296738236994]
[125319,82108,1.0,0.9212644975832316]
[125319,64929,1.0,0.8630032200167898]
[125319,67429,1.0,0.5148097920576666]
[125319,84917,1.0,0.5086489514070062]
[125319,56159,1.0,0.5172243145871132]
[128167,125319,1.0,0.5004050083154158]
[82114,82111,1.0,0.9754099226719906]
[82114,82108,1.0,0.986068991137406]
[82108,77579,1.0,0.40234732800157]
[111088,111082,1.0,0.9874541336282561]
[111088,111085,1.0,0.9160894187872745]
[64929,9924,1.0,0.4296067802333628]
[104461,104455,1.0,0.9877726362494229]
[104461,104458,1.0,0.9751330928394003]
[51892,51886,1.0,0.981659156018156]
[51892,51889,1.0,0.7812534439149081]
[42091,8707,1.0,0.46671555117544977]
[42097,8707,1.0,0.41156149871290876]
[42097,42091,1.0,0.9923958418221456]
[42097,42094,1.0,0.9688841572779398]
[83585,54785,1.0,0.40324388567343905]
[107740,107734,1.0,0.984212321062255]
[107740,107737,1.0,0.9700490690348916]
[55596,16914,1.0,0.43800841213727265]
[62861,28111,1.0,0.4320788878697809]
[51889,51886,1.0,0.9096644929708537]
[42094,42091,1.0,0.9688841572779398]
[127056,83585,1.0,0.48057407581541595]
[107737,107734,1.0,0.9898637346226129]
[63689,63686,1.0,0.9849633629065141]
[67337,67328,1.0,0.9738259885853168]
[67337,67331,1.0,0.9621940323022694]
[67331,67328,1.0,0.9923958418221456]
[71671,71668,1.0,0.9781341588358621]
[71671,71665,1.0,0.8905821940809289]
[122154,119721,1.0,0.4379196222699516]
[103882,16192,1.0,0.43112677431936997]
[73062,48142,1.0,0.5285121750522662]
[47129,47126,1.0,0.9942676782532981]
[47129,16904,1.0,0.4483793361796707]
[47129,47120,1.0,0.9942676782532981]
[47129,47123,1.0,0.963227299865529]
[96247,61632,1.0,0.5253062550775425]
[38575,10634,1.0,0.618915047118933]
[47126,47120,1.0,0.9952227536000962]
[47126,47123,1.0,0.9679501816665762]
[79500,79497,1.0,0.9411482719790024]
[101983,101980,1.0,0.9952227536000962]
[92294,12803,1.0,0.46607181781785406]
[92294,61632,1.0,0.4933617450939855]
[61632,13786,1.0,0.5046324483891065]
[61632,44474,1.0,0.45738821161909826]
[61632,12803,1.0,0.4077353898598432]
[61632,16151,1.0,0.45686480768795873]
[104304,61632,1.0,0.6430567522687398]
[71674,71671,1.0,0.8149129526550339]
[71674,71668,1.0,0.9537148188587732]
[71674,71665,1.0,0.9947914724003593]
[97789,97786,1.0,0.987897422277693]
[99822,99816,1.0,0.991273886931284]
[99822,99819,1.0,0.9795479393180372]
[99825,99822,1.0,0.8563026114933626]
[99825,99816,1.0,0.8563026114933626]
[99825,99819,1.0,0.792442605524027]
[71668,71665,1.0,0.9570658323902884]
[57959,47129,1.0,0.5621065934080915]
[57959,47126,1.0,0.5493861481568824]
[57959,16904,1.0,0.5565250942746361]
[57959,47120,1.0,0.5493861481568824]
[57959,47123,1.0,0.4232874756016113]
[58517,12803,1.0,0.43829544250603625]
[33183,33180,1.0,0.9936846568216191]
[129427,47129,1.0,0.5605619675359923]
[129427,47126,1.0,0.4819990440607824]
[129427,57959,1.0,0.45198432802796235]
[79503,79500,1.0,0.9443119881342198]
[79503,79497,1.0,0.9952227536000962]
[99819,99816,1.0,0.9877726362494229]
[47123,47120,1.0,0.9498666325308904]
[29169,2862,1.0,0.40104508802347416]
[55759,55756,1.0,0.9705306112654455]
[87130,48917,1.0,0.6146340934701766]
[131287,77754,1.0,0.5187583239173711]
[77754,32286,1.0,0.4145729842606648]
[130489,90481,1.0,0.4267300347819699]
[127830,127827,1.0,0.9514921004060654]
[96681,49196,1.0,0.4221324843175817]
[96681,38429,1.0,0.43142049209264993]
[96681,77754,1.0,0.4305244928619292]
[105792,2862,1.0,0.42669055285997726]
[48917,36496,1.0,0.5587059756858068]
[48917,12483,1.0,0.41989806861722323]
[55765,55756,1.0,0.9901783330323273]
[55765,55759,1.0,0.9808359534080341]
[108604,48917,1.0,0.4739759304431333]
[40419,40416,1.0,0.9845374865488316]
[40419,40413,1.0,0.9845374865488316]
[40422,40419,1.0,0.9693250128619827]
[40422,40416,1.0,0.9831156844784108]
[40422,40413,1.0,0.9831156844784108]
[40416,40413,1.0,0.9952227536000962]
[70187,70184,1.0,0.9890424628076515]
[110433,73295,1.0,0.746285871078037]
[102240,73295,1.0,0.5377531851518879]
[91397,73295,1.0,0.41055046941466394]
[73292,73286,1.0,0.9674889819814737]
[73292,73289,1.0,0.9673795897948423]
[73295,70187,1.0,0.47571007777644203]
[73295,73292,1.0,0.984369295094626]
[73295,73286,1.0,0.984369295094626]
[73295,62397,1.0,0.4204693692657611]
[73295,1111,1.0,0.4389294553059662]
[73295,67503,1.0,0.41511825975623623]
[73295,67303,1.0,0.4963733876488016]
[73295,70184,1.0,0.47571007777644203]
[73295,52830,1.0,0.44729844627199444]
[73295,66150,1.0,0.550176684556155]
[73295,56948,1.0,0.4766653984853828]
[73295,73289,1.0,0.984369295094626]
[73295,29676,1.0,0.8060534289984743]
[73295,23051,1.0,0.472555416734682]
[93365,73292,1.0,0.44157543237304264]
[93365,73286,1.0,0.4126268164225091]
[93365,73295,1.0,0.8287985524865771]
[93365,73289,1.0,0.41623608043213933]
[73289,73286,1.0,0.9611038897081189]
[10713,10707,1.0,0.9900592205763161]
[10713,10710,1.0,0.982956502915233]
[5137,5134,1.0,0.837648000970605]
[5137,5131,1.0,0.9815802085463076]
[5137,5128,1.0,0.9902303551070789]
[117673,55299,1.0,0.4390638698031147]
[117673,94669,1.0,0.4900533722428878]
[96417,55299,1.0,0.4064060056061537]
[76694,5134,1.0,0.40253016818850795]
[76694,5131,1.0,0.4509023596232873]
[76694,5128,1.0,0.4509023596232873]
[18104,18101,1.0,0.9751123723476522]
[118341,118338,1.0,0.9934197647450789]
[37802,30413,1.0,0.4651321322502077]
[50377,50371,1.0,0.9945275130393195]
[50377,50374,1.0,0.9756153007639327]
[18110,18104,1.0,0.9567119825144277]
[18110,18101,1.0,0.9911457621988602]
[18110,18107,1.0,0.8580510567955287]
[59219,37802,1.0,0.5365641725851011]
[108033,37915,1.0,0.44348262309722575]
[120384,107343,1.0,0.5297454888447167]
[5134,5131,1.0,0.9230142359164295]
[5134,5128,1.0,0.9584274422323622]
[50374,50371,1.0,0.9617782159368203]
[94669,55299,1.0,0.508856998949408]
[50380,50371,1.0,0.9918515446001984]
[50380,50377,1.0,0.9857620389127921]
[50380,50374,1.0,0.9789771810061333]
[50383,50371,1.0,0.9946424279692275]
[50383,50377,1.0,0.9931953160058432]
[50383,50374,1.0,0.9683397871618092]
[50383,50380,1.0,0.9824001511313185]
[5131,5128,1.0,0.9905564682541387]
[18107,18104,1.0,0.7333859414121735]
[18107,18101,1.0,0.9070211231685509]
[10710,10707,1.0,0.9842365892721153]
[86641,86638,1.0,0.9952227536000962]
[100189,64863,1.0,0.6190984496641415]
[113611,108033,1.0,0.4022923184095746]
[113611,26495,1.0,0.43864244693861487]
[61166,3073,1.0,0.6927767477806317]
[48641,48638,1.0,0.9926639252986225]
[91862,34279,1.0,0.5103663812290569]
[19687,19681,1.0,0.4015210550389417]
[40047,40044,1.0,0.9894420841329872]
[63833,63163,1.0,0.5945575975347118]
[19684,19681,1.0,0.9867704631996704]
[19690,19684,1.0,0.9810079255838693]
[19690,19681,1.0,0.9909812727513398]
[19693,19687,1.0,0.5912870107074485]
[19693,19684,1.0,0.9827301398316912]
[19693,19690,1.0,0.9882486053832965]
[19693,19681,1.0,0.9936407342380071]
[1068,1062,1.0,0.9811740988068247]
[1068,1065,1.0,0.9373804060987615]
[1065,1062,1.0,0.9805373874176845]
[92650,92647,1.0,0.9934197647450789]
[92653,92647,1.0,0.90998603162224]
[92653,92650,1.0,0.8881091874479511]
[92656,92647,1.0,0.9885727828303713]
[92656,92650,1.0,0.9847740223489471]
[92656,92653,1.0,0.8035584539908126]
[126817,126814,1.0,0.9939453078520322]
[70757,70754,1.0,0.9218265267596164]
[70757,70751,1.0,0.6699437920628608]
[62132,62129,1.0,0.9912875650107734]
[62138,62132,1.0,0.9220489808491054]
[62138,62135,1.0,0.6155541814856615]
[62138,62129,1.0,0.9692498277714232]
[62144,62132,1.0,0.9274209100589983]
[62144,62138,1.0,0.8006486968541948]
[62144,62135,1.0,0.7331289635719203]
[62144,62129,1.0,0.9577003249314125]
[70754,70751,1.0,0.9567130713339097]
[62135,62132,1.0,0.8115624461167706]
[62135,62129,1.0,0.8792987255666488]
[98407,98404,1.0,0.9932825113167513]
[12498,12495,1.0,0.9938467974931987]
[12501,12498,1.0,0.9336822564852844]
[12501,12495,1.0,0.9336822564852844]
[31226,31223,1.0,0.985870891926574]
[107383,10839,1.0,0.43301181361103475]
[65354,65348,1.0,0.9917607956043203]
[65354,65351,1.0,0.9803455452397909]
[47486,47480,1.0,0.9934775635560857]
[47486,47483,1.0,0.9767474979901316]
[1609,1606,1.0,0.9876813620388367]
[1609,1603,1.0,0.9900556338426858]
[21211,21208,1.0,0.9574413091973194]
[21211,21205,1.0,0.9608369014445782]
[28136,28133,1.0,0.9877726362494229]
[1606,1603,1.0,0.9940238256386854]
[48445,10839,1.0,0.6643459379061416]
[21208,21205,1.0,0.9919839916101322]
[119890,119887,1.0,0.9454613609728443]
[119890,119884,1.0,0.9633580637647325]
[73098,20373,1.0,0.43576581337878134]
[73098,47489,1.0,0.4017376655451214]
[28139,28136,1.0,0.99200197049256]
[28139,28133,1.0,0.9853389916585968]
[33102,10839,1.0,0.49235369883990926]
[7685,7679,1.0,0.9856189679416357]
[7685,7682,1.0,0.8955309337399407]
[87710,87707,1.0,0.9929318100825512]
[119887,119884,1.0,0.9945658731879131]
[100015,10839,1.0,0.4816880138500143]
[47483,47480,1.0,0.9721534963343669]
[115281,41095,1.0,0.4251150246758648]
[115281,10839,1.0,0.45215619787969424]
[115281,83723,1.0,0.45505779535134044]
[83723,47489,1.0,0.4661068359403041]
[47489,47486,1.0,0.9712554876184042]
[47489,47480,1.0,0.9712554876184042]
[47489,47483,1.0,0.9183076098071621]
[65351,65348,1.0,0.9877726362494229]
[7682,7679,1.0,0.9158350573350154]
[66706,66700,1.0,0.9895707056247579]
[66706,66703,1.0,0.6863994581346735]
[91235,66571,1.0,0.5053781573580539]
[90603,90600,1.0,0.9952227536000962]
[66703,66700,1.0,0.6789079061757468]
[82395,82392,1.0,0.4602742936086452]
[43867,43864,1.0,0.965186168520408]
[11356,11353,1.0,0.9652712559666311]
[74272,74266,1.0,0.9729807418160515]
[11362,11356,1.0,0.9652712559666311]
[11362,3086,1.0,0.4026954020909487]
[11362,11353,1.0,0.9952227536000962]
[11362,11359,1.0,0.9952227536000962]
[18038,18032,1.0,0.9927477491048532]
[18038,18035,1.0,0.974094296076231]
[18035,18032,1.0,0.9614915389219169]
[43870,43867,1.0,0.9650078630531382]
[43870,43864,1.0,0.9904567888855595]
[119659,46546,1.0,0.5330597940929421]
[46546,5536,1.0,0.41777371835469584]
[11359,11356,1.0,0.966545454023087]
[11359,11353,1.0,0.9952227536000962]
[72998,11362,1.0,0.6180260456719963]
[74440,23480,1.0,0.6220132407998435]
[74440,55059,1.0,0.5133576756081123]
[77592,77586,1.0,0.9952227536000962]
[77592,77589,1.0,0.9705360645102342]
[77589,77586,1.0,0.9705360645102342]
[91998,87117,1.0,0.46748186168220424]
[38257,38251,1.0,0.9917506683862775]
[38257,38254,1.0,0.9791280819416042]
[38254,38251,1.0,0.9867823647910294]
[87117,12598,1.0,0.40621243315806616]
[87117,38257,1.0,0.46551735964210644]
[87117,38251,1.0,0.46413618674486884]
[87117,38254,1.0,0.46288131240293817]
[87117,38260,1.0,0.46413618674486884]
[38260,38257,1.0,0.9918913289418794]
[38260,38251,1.0,0.9925229512934376]
[38260,38254,1.0,0.9690042874337905]
[94806,94803,1.0,0.9678698525995988]
[28177,28174,1.0,0.5211925217892311]
[28177,28162,1.0,0.9772686391361476]
[28177,28168,1.0,0.9175096755870247]
[28177,28165,1.0,0.9113701763477283]
[28177,28171,1.0,0.6723356917310099]
[28174,28162,1.0,0.6348555909612553]
[28174,28171,1.0,0.585903817852131]
[42744,42741,1.0,0.8957665878539322]
[128628,128625,1.0,0.9665254577978082]
[28168,28162,1.0,0.977654719923328]
[28168,28165,1.0,0.7085446190884008]
[34906,34903,1.0,0.9900592205763161]
[28165,28162,1.0,0.8820660474300469]
[28171,28162,1.0,0.8601558667446131]
[28171,28168,1.0,0.6431329580760061]
[131848,131845,1.0,0.9828991453913375]
[61066,60488,1.0,0.5346645419481711]
[66497,66494,1.0,0.993172515220938]
[7765,7756,1.0,0.9940238256386854]
[7765,7762,1.0,0.7085822355784078]
[7765,7759,1.0,0.9911016135985506]
[32104,32101,1.0,0.7320445889262585]
[7762,7756,1.0,0.7115760677140511]
[7762,7759,1.0,0.6749775263825222]
[7759,7756,1.0,0.9927904021198166]
[50542,50539,1.0,0.9836692072624424]
[43546,43540,1.0,0.9105322883466345]
[103531,37993,1.0,0.7575115529978489]
[91125,87040,1.0,0.41388594676420226]
[50545,50539,1.0,0.41749978600251314]
[50545,50542,1.0,0.4695178848320702]
[111138,42608,1.0,0.41234032995228087]
[85966,1088,1.0,0.4925274342307311]
[122211,111138,1.0,0.4071651921468515]
[20290,20284,1.0,0.9859099782420757]
[130809,130803,1.0,0.9534973096551266]
[130809,130806,1.0,0.6841516607128451]
[66852,66843,1.0,0.9887704177464627]
[66852,66846,1.0,0.9472513399089988]
[66852,66849,1.0,0.9887704177464627]
[106236,1088,1.0,0.5296946309947324]
[1824,1821,1.0,0.9750322518675397]
[1827,1824,1.0,0.43366746344001045]
[1827,1821,1.0,0.5981560214649174]
[66846,66843,1.0,0.9726127296750251]
[66849,66843,1.0,0.9952227536000962]
[66849,66846,1.0,0.9623728039501048]
[130806,130803,1.0,0.8518961610688348]
[37645,37636,1.0,0.9070211231685509]
[37645,37642,1.0,0.8495534831706739]
[37645,37639,1.0,0.7778781484399175]
[87036,31102,1.0,0.42517846367870177]
[36574,31102,1.0,0.5051902792822673]
[119797,31102,1.0,0.49755171340342846]
[113679,113676,1.0,0.9710876828639524]
[87052,31102,1.0,0.5443137250502691]
[58851,31102,1.0,0.42482199688232675]
[58851,34610,1.0,0.6876475192586515]
[58851,28578,1.0,0.5866105328802699]
[45345,28578,1.0,0.5020331326391476]
[106515,34610,1.0,0.4036428595763649]
[106515,28578,1.0,0.45466928295453024]
[37648,37636,1.0,0.5367393588208565]
[37648,37642,1.0,0.5277719613319596]
[37648,37639,1.0,0.7200593847584621]
[35958,28578,1.0,0.43789126718855953]
[31102,28578,1.0,0.5127276051784024]
[37642,37636,1.0,0.9829216502323809]
[37642,37639,1.0,0.7911514467411646]
[28578,15809,1.0,0.44081843173931595]
[70684,36574,1.0,0.4304142553111831]
[70684,58851,1.0,0.4491287921311069]
[37639,37636,1.0,0.852884208015039]
[115282,115276,1.0,0.993588241188578]
[113608,15189,1.0,0.4705686251184189]
[41328,41325,1.0,0.9869533772904318]
[41328,41319,1.0,0.9919399422532001]
[41328,41322,1.0,0.9872102945311712]
[110623,46851,1.0,0.6181051577465063]
[110623,16457,1.0,0.43700453882777324]
[123736,123733,1.0,0.9696621295923555]
[96736,96733,1.0,0.8288362740914318]
[96736,96727,1.0,0.9776631179471761]
[96733,96727,1.0,0.9638539916999023]
[123739,123736,1.0,0.9505236458127457]
[123739,123733,1.0,0.9914651780633009]
[101112,101109,1.0,0.9851931508315392]
[33384,33381,1.0,0.9350533985052153]
[25355,25349,1.0,0.9486868354492018]
[96739,96736,1.0,0.9726275740508019]
[96739,96733,1.0,0.8838444256680011]
[96739,96727,1.0,0.9905564682541387]
[41325,41319,1.0,0.9876306572176281]
[41325,41322,1.0,0.9872102945311712]
[41322,41319,1.0,0.9901918127542898]
[57811,57808,1.0,0.9877726362494229]
[104058,104055,1.0,0.9437882380940795]
[109083,109080,1.0,0.9612256626800811]
[32735,25493,1.0,0.43090841155043524]
[74056,40777,1.0,0.45261347971702515]
[109321,76082,1.0,0.5519659034396522]
[5492,5489,1.0,0.9952227536000962]
[98757,25493,1.0,0.5065626108466831]
[46974,46971,1.0,0.9833514052893394]
[46974,46965,1.0,0.9877726362494229]
[46974,46968,1.0,0.9832564172817773]
[77377,2710,1.0,0.45260585779381357]
[77377,2719,1.0,0.45260585779381357]
[46971,46965,1.0,0.9927904021198166]
[46971,46968,1.0,0.9901243929024662]
[46968,46965,1.0,0.9933607062578763]
[2713,2710,1.0,0.992741519159376]
[2719,2710,1.0,0.9900850340350941]
[2719,2713,1.0,0.9853243000409313]
[86929,64917,1.0,0.4901538023509923]
[103344,103341,1.0,0.9660403745635131]
[103347,103344,1.0,0.9451383080257754]
[103347,103341,1.0,0.9952227536000962]
[75835,75832,1.0,0.987720583938287]
[75838,75835,1.0,0.9741810770978159]
[75838,75832,1.0,0.9861464120448776]
[29691,29688,1.0,0.9771095402240445]
[114381,114378,1.0,0.9947803113316972]
[114384,114381,1.0,0.9631186212992014]
[114384,114378,1.0,0.9637562003887753]
[37515,37512,1.0,0.9761320931396822]
[37515,37509,1.0,0.9888423626661079]
[44845,19284,1.0,0.41686851725687185]
[44845,36643,1.0,0.7224941191428729]
[37512,37509,1.0,0.9891700284774299]
[92833,92827,1.0,0.9228259063609436]
[92833,92830,1.0,0.8990608696188241]
[92830,92827,1.0,0.9799598483502476]
[66962,66644,1.0,0.4436734560258859]
[66965,66962,1.0,0.9952227536000962]
[90077,82529,1.0,0.42758120633629426]
[91607,58612,1.0,0.580388625884283]
[38984,28530,1.0,0.46672551512897664]
[13177,13168,1.0,0.9384424340809376]
[13177,13171,1.0,0.8667971297844628]
[13171,13168,1.0,0.9801238689836692]
[119277,81501,1.0,0.45121808140208375]
[119277,8569,1.0,0.40267247325525135]
[119277,27679,1.0,0.41039282351465894]
[98649,98637,1.0,0.9783032542068444]
[98649,98640,1.0,0.9867327074216284]
[98649,98646,1.0,0.9213448460574398]
[98640,98637,1.0,0.9936734116065394]
[98646,98637,1.0,0.9213448460574398]
[98646,98640,1.0,0.9459864966411815]
[5096,5093,1.0,0.9861464120448776]
[36887,36884,1.0,0.9902913432757028]
[22823,22817,1.0,0.9946572280446236]
[22823,22820,1.0,0.9934745526411249]
[54003,53997,1.0,0.9887846984243484]
[54003,54000,1.0,0.9887846984243484]
[54000,53997,1.0,0.9952227536000962]
[22820,22817,1.0,0.9946572280446236]
[126489,126486,1.0,0.9879369353989867]
[62394,36887,1.0,0.5066780701169955]
[62394,36884,1.0,0.5066780701169955]
[62394,36890,1.0,0.48296346107979127]
[73132,22823,1.0,0.4019995208622291]
[36890,36887,1.0,0.959463330513784]
[36890,36884,1.0,0.9659178353438534]
[59142,11048,1.0,0.4751187511941807]
[60557,60554,1.0,0.9848569617179119]
[122185,11048,1.0,0.40810706778209527]
[26450,26447,1.0,0.9905564682541387]
[95760,71608,1.0,0.5095896836351937]
[57114,21305,1.0,0.43014333900959245]
[57114,11048,1.0,0.42201345230694504]
[57114,22250,1.0,0.501176266416043]
[11048,4635,1.0,0.40899711497067937]
[44619,22250,1.0,0.5037662431676488]
[71608,11048,1.0,0.4036231716581975]
[71608,22250,1.0,0.44411832863387546]
[33692,22250,1.0,0.4550503312501253]
[4638,4635,1.0,0.7354692175296058]
[107151,107148,1.0,0.9952227536000962]
[107154,107151,1.0,0.9535760131373453]
[107154,107148,1.0,0.9535760131373453]
[115944,100048,1.0,0.4956270064294928]
[77842,71127,1.0,0.45421283303788956]
[77842,53398,1.0,0.5272720867051083]
[13621,11335,1.0,0.5835988400364192]
[50270,4083,1.0,0.46588922923735676]
[57989,53398,1.0,0.4681420177604771]
[36500,11335,1.0,0.40976688882787754]
[53398,53392,1.0,0.9701572632145836]
[53398,4083,1.0,0.4021556579667422]
[53398,8884,1.0,0.4716179305056974]
[57995,57989,1.0,0.974947715580605]
[57995,53398,1.0,0.42628729613151406]
[57995,57992,1.0,0.9722161698379471]
[57992,57989,1.0,0.9869691481601556]
[57992,53398,1.0,0.4561746538537133]
[45357,21313,1.0,0.6041934440883775]
[20100,20097,1.0,0.9938647243311929]
[35207,35201,1.0,0.9892438496488546]
[35207,35204,1.0,0.9222728201626679]
[11392,11386,1.0,0.9887416372226968]
[70101,70098,1.0,0.8606725045564481]
[35204,35201,1.0,0.9527854475797548]
[35210,35207,1.0,0.9705655017074898]
[35210,35201,1.0,0.9861464120448776]
[35210,35204,1.0,0.8941472075014709]
[73655,73652,1.0,0.9832883506571022]
[121360,121354,1.0,0.9933759662336357]
[121360,121351,1.0,0.9952227536000962]
[121360,121357,1.0,0.9008363218562148]
[72869,69436,1.0,0.4954203056329326]
[72869,72866,1.0,0.9622152216757485]
[98133,69436,1.0,0.5581810314029607]
[121354,121351,1.0,0.9762109711275698]
[69436,67973,1.0,0.4141774448256135]
[72866,69436,1.0,0.5314349376396461]
[121357,67973,1.0,0.4545733698585281]
[121357,72869,1.0,0.49272156751386337]
[121357,121354,1.0,0.9106969504391453]
[121357,121351,1.0,0.9106969504391453]
[121357,72866,1.0,0.4746199877460714]
[121357,115980,1.0,0.439012528942826]
[24237,8960,1.0,0.48370429370995416]
[65750,8960,1.0,0.5450438973915848]
[119250,33479,1.0,0.7782099187521107]
[71162,71159,1.0,0.9822778125347954]
[71162,33479,1.0,0.6319865300367699]
[71159,33479,1.0,0.6319865300367699]
[71165,71162,1.0,0.9859447415127807]
[71165,71159,1.0,0.9902913432757028]
[71165,33479,1.0,0.6319865300367699]
[106935,33479,1.0,0.49581261606379023]
[60220,33479,1.0,0.6652511553398416]
[107415,33479,1.0,0.689319114991277]
[33479,5918,1.0,0.60480496549068]
[33479,15847,1.0,0.5707790644610048]
[44751,33479,1.0,0.6563948320101695]
[68613,33479,1.0,0.5523446056757142]
[51564,10996,1.0,0.403219158437711]
[92608,51564,1.0,0.5336203751495602]
[77722,70329,1.0,0.4529653864008965]
[71365,51564,1.0,0.7734012578872671]
[101694,101691,1.0,0.940471002736589]
[123243,13549,1.0,0.5727483477260288]
[101697,101691,1.0,0.993656181208105]
[101697,101694,1.0,0.937040548464399]
[64958,51564,1.0,0.7015750016914942]
[122956,108366,1.0,0.4606478687959165]
[25651,25642,1.0,0.9922323843947127]
[25651,25645,1.0,0.9950492062368131]
[25645,25642,1.0,0.9919682764911708]
[70329,14520,1.0,0.5212496749277226]
[101700,101691,1.0,0.8245834275812275]
[101700,101694,1.0,0.4201113521925242]
[101700,101697,1.0,0.7961150641007938]
[84783,60956,1.0,0.7202883959430856]
[18687,18681,1.0,0.9738658217890254]
[18687,18684,1.0,0.8535484528201011]
[18684,18681,1.0,0.9759930751163528]
[121276,18681,1.0,0.43561938866459604]
[121276,18687,1.0,0.4072738444741429]
[45920,45914,1.0,0.9673468995646294]
[22278,22272,1.0,0.973237122741829]
[22278,22275,1.0,0.973237122741829]
[45408,45405,1.0,0.9877726362494229]
[22281,22272,1.0,0.7661848649348753]
[22281,22278,1.0,0.5268521550625926]
[22281,22275,1.0,0.7661848649348753]
[24644,24641,1.0,0.9883652126324259]
[45417,45408,1.0,0.982122803563421]
[45417,45405,1.0,0.9925468645354409]
[45417,45414,1.0,0.5926339341499561]
[45417,45411,1.0,0.9891303756096724]
[79262,79253,1.0,0.9889469435919268]
[22284,22272,1.0,0.8797453704179924]
[22284,22278,1.0,0.6698584940128728]
[22284,22281,1.0,0.8445740016612651]
[22284,22275,1.0,0.8797453704179924]
[22275,22272,1.0,0.9952227536000962]
[45414,45408,1.0,0.5468553049735398]
[45414,45405,1.0,0.6514717811385217]
[45414,45411,1.0,0.5832266913927978]
[79265,79253,1.0,0.9678931473294259]
[79265,79262,1.0,0.936119987846248]
[45411,45408,1.0,0.9498936659476195]
[45411,45405,1.0,0.9762151862076341]
[112279,112276,1.0,0.9926278674655746]
[36131,16812,1.0,0.46499284989098494]
[36131,5372,1.0,0.4133282854135586]
[122217,16812,1.0,0.6621929717454068]
[122217,36143,1.0,0.7516780374871354]
[122217,5372,1.0,0.561286180165324]
[129115,36143,1.0,0.47074969478094664]
[64241,64235,1.0,0.9873978935578565]
[64241,64232,1.0,0.9884658968613015]
[64241,64238,1.0,0.9628200003293754]
[102675,36143,1.0,0.5405654253107711]
[59077,59071,1.0,0.9117737383765779]
[59077,59074,1.0,0.9409539597195451]
[64235,64232,1.0,0.9513222590586422]
[36134,36131,1.0,0.9877726362494229]
[36134,16812,1.0,0.47314417485760685]
[36134,5372,1.0,0.4133282854135586]
[36134,8217,1.0,0.46620392065624455]
[84613,36143,1.0,0.5551494971466618]
[88734,36143,1.0,0.47832356566725465]
[56723,36143,1.0,0.44431909180375434]
[98067,36131,1.0,0.432054378417603]
[98067,36134,1.0,0.432054378417603]
[98067,36143,1.0,0.432054378417603]
[98067,36140,1.0,0.5022174664264079]
[64238,64235,1.0,0.9046033294005044]
[64238,64232,1.0,0.9916975038550923]
[130980,36131,1.0,0.5641166480819658]
[130980,36134,1.0,0.4803676605153912]
[130980,29480,1.0,0.43918597290945993]
[130980,98067,1.0,0.40973750805418624]
[130980,36143,1.0,0.4803676605153912]
[130980,91647,1.0,0.46714038063775615]
[130980,36140,1.0,0.5075836380597144]
[67272,36143,1.0,0.5298783313958991]
[77392,36143,1.0,0.4227413164293119]
[36143,36131,1.0,0.9877726362494229]
[36143,36134,1.0,0.9933550320030448]
[36143,16812,1.0,0.47314417485760685]
[36143,16317,1.0,0.7745050905269931]
[36143,5372,1.0,0.4133282854135586]
[36143,8217,1.0,0.46620392065624455]
[36143,6697,1.0,0.5810420045558649]
[36143,16730,1.0,0.5104471324836004]
[36143,5438,1.0,0.40236525772326626]
[36143,36140,1.0,0.982540366788328]
[36143,10970,1.0,0.6827404429598066]
[36143,5296,1.0,0.45330173228725473]
[115314,36143,1.0,0.47285181521946457]
[115314,94954,1.0,0.5774395569565222]
[59083,59077,1.0,0.9232871805848469]
[59083,59071,1.0,0.9946149626479851]
[59083,59074,1.0,0.9938408766596607]
[59083,59080,1.0,0.9919060516731314]
[64129,36143,1.0,0.4847468375935139]
[64129,64126,1.0,0.8886297437207276]
[64129,64120,1.0,0.9874857985469829]
[64129,64123,1.0,0.9382351334692007]
[61464,36143,1.0,0.4191687966911967]
[120747,36143,1.0,0.7707574172936837]
[77395,77392,1.0,0.9884547688229414]
[77395,36143,1.0,0.40184295371430573]
[66302,36143,1.0,0.4114467221363521]
[66302,5372,1.0,0.6184032336255199]
[8217,5372,1.0,0.42359128667686896]
[64126,36143,1.0,0.40034848369314346]
[64126,64120,1.0,0.8781189277586228]
[64126,64123,1.0,0.6925711740841903]
[77398,77392,1.0,0.6362539501664388]
[77398,36143,1.0,0.4400550303950545]
[77398,77395,1.0,0.6362539501664388]
[96960,36143,1.0,0.4054721479627506]
[94954,36131,1.0,0.6258772878400269]
[94954,36134,1.0,0.6258772878400269]
[94954,36143,1.0,0.6258772878400269]
[94954,91647,1.0,0.475164071316461]
[94954,36140,1.0,0.6258772878400269]
[59074,59071,1.0,0.9909728179801929]
[91647,16812,1.0,0.5404739662634651]
[91647,36143,1.0,0.5426064647463514]
[91647,5372,1.0,0.48141898414693907]
[64120,36143,1.0,0.4847468375935139]
[36140,36131,1.0,0.982540366788328]
[36140,36134,1.0,0.982540366788328]
[36140,16812,1.0,0.41956621261998367]
[36140,5372,1.0,0.47031386358383254]
[64123,36143,1.0,0.5509660750951679]
[64123,64120,1.0,0.7914154971865504]
[59080,59077,1.0,0.8967838271003399]
[59080,59071,1.0,0.9927742648919292]
[59080,59074,1.0,0.9918361643739024]
[94271,36143,1.0,0.40048905479026103]
[15589,15586,1.0,0.914910412041142]
[15589,15577,1.0,0.9693090697760411]
[15589,15583,1.0,0.9017311986490869]
[15589,15580,1.0,0.9504385238575482]
[15586,15577,1.0,0.9804644208328502]
[15586,15583,1.0,0.9322461858620846]
[15586,15580,1.0,0.9726192387685607]
[82369,15589,1.0,0.4150767930769124]
[82369,23655,1.0,0.5408194144998758]
[82369,82363,1.0,0.9930151435175457]
[82369,82366,1.0,0.9859902349129062]
[5107,5104,1.0,0.9883570486561054]
[91866,39420,1.0,0.4973067918859172]
[78393,78387,1.0,0.9905564682541387]
[78393,78390,1.0,0.9905564682541387]
[82363,15589,1.0,0.4131006214123665]
[82363,23655,1.0,0.5818349277375862]
[70438,23328,1.0,0.48098437304269553]
[70438,15589,1.0,0.5335272835355488]
[70438,35340,1.0,0.47149106456605555]
[15583,15577,1.0,0.9939581995271161]
[15583,15580,1.0,0.9848026990969455]
[82366,15589,1.0,0.4131006214123665]
[82366,23655,1.0,0.5818349277375862]
[82366,82363,1.0,0.9901918127542898]
[39420,15589,1.0,0.7735811051116034]
[39420,15586,1.0,0.4898946267095813]
[39420,15577,1.0,0.4536173603899369]
[39420,23655,1.0,0.4286226932450287]
[39420,15583,1.0,0.4536173603899369]
[39420,35096,1.0,0.4913638973970979]
[39420,15580,1.0,0.45453176130692674]
[82372,15589,1.0,0.4543072271550202]
[82372,82369,1.0,0.9444618791474451]
[82372,23655,1.0,0.4986315985755422]
[82372,82363,1.0,0.9682293497603912]
[82372,82366,1.0,0.9428757282290109]
[35096,15589,1.0,0.4586507619453101]
[78396,78393,1.0,0.9779403453272233]
[78396,78387,1.0,0.9878322765641779]
[78396,78390,1.0,0.9878322765641779]
[78390,78387,1.0,0.9952227536000962]
[15580,15577,1.0,0.9926338916635915]
[82375,15589,1.0,0.4100605501578418]
[82375,82369,1.0,0.9892870769189409]
[82375,23655,1.0,0.5631275677336861]
[82375,82363,1.0,0.9904844431418558]
[82375,82366,1.0,0.981239363430015]
[82375,82372,1.0,0.9462391201186293]
[44699,23655,1.0,0.6168736336931472]
[30091,30088,1.0,0.9842240440742931]
[30094,30091,1.0,0.9663164147806981]
[30094,30088,1.0,0.988921484394785]
