[89802,89790,1.0,0.9952227536000962]
[89802,89796,1.0,0.9952227536000962]
[89802,89793,1.0,0.9944558209356408]
[89802,89799,1.0,0.9745171961275402]
[89796,89790,1.0,0.9952227536000962]
[89796,89793,1.0,0.9952227536000962]
[89793,89790,1.0,0.9921527402404374]
[89799,89790,1.0,0.983383807248791]
[89799,89796,1.0,0.9865355980960755]
[89799,89793,1.0,0.9811213651777481]
[40124,40121,1.0,0.9936282955531263]
[118936,118933,1.0,0.9555370395323621]
[118936,118930,1.0,0.9891008673952895]
[118933,118930,1.0,0.977781830764678]
[118939,118936,1.0,0.9885044862938255]
[118939,118933,1.0,0.9768763050992667]
[118939,118930,1.0,0.9949181171750051]
[78181,78178,1.0,0.988413682643911]
[78181,78175,1.0,0.9842800238511662]
[88969,88966,1.0,0.9827936504283985]
[54634,54628,1.0,0.8783837223013795]
[54634,54625,1.0,0.9209901098673113]
[54634,54631,1.0,0.9011394660218441]
[70810,40165,1.0,0.5332809957185652]
[70810,40162,1.0,0.6050812105365043]
[60916,60910,1.0,0.9875707684037355]
[60916,60913,1.0,0.9561229687444842]
[10843,10840,1.0,0.9945658731879131]
[60913,60910,1.0,0.9698762889492096]
[78178,78175,1.0,0.9806899805578032]
[40165,40162,1.0,0.8777069480271205]
[54628,54625,1.0,0.9905564682541387]
[90754,90745,1.0,0.9728440152729828]
[90754,90751,1.0,0.9554422915886389]
[90751,90745,1.0,0.9856693195607518]
[54631,54628,1.0,0.9834212188744987]
[54631,54625,1.0,0.9912420623392446]
[90748,90745,1.0,0.4396269736331145]
[105061,19752,1.0,0.4103688491980828]
[55942,3356,1.0,0.5658588196564175]
[55942,55939,1.0,0.9944345481179805]
[55942,3359,1.0,0.401899905716971]
[55951,55942,1.0,0.981967740679463]
[55951,55939,1.0,0.9901918127542898]
[55951,55948,1.0,0.5103416606368727]
[51663,51660,1.0,0.9938467974931987]
[85679,85670,1.0,0.9590956537687404]
[85679,85673,1.0,0.9532014836988433]
[85679,85676,1.0,0.9590956537687404]
[38045,38042,1.0,0.9952227536000962]
[85682,85670,1.0,0.994754850866769]
[85682,85679,1.0,0.9610339992525335]
[85682,85673,1.0,0.9938527025237734]
[85682,85676,1.0,0.9866119705137163]
[17067,17064,1.0,0.9892008154209376]
[85673,85670,1.0,0.9943950391570788]
[3359,3356,1.0,0.9815498855032174]
[104076,19752,1.0,0.4096240291780491]
[55948,55942,1.0,0.5451137765454531]
[55948,55939,1.0,0.5833777762310981]
[85676,85670,1.0,0.9877726362494229]
[85676,85673,1.0,0.9857120113047921]
[94530,27848,1.0,0.4152187896272691]
[94530,64654,1.0,0.45322711674397925]
[74306,74297,1.0,0.9910149508065733]
[74306,74300,1.0,0.9910149508065733]
[85553,64654,1.0,0.5275852906171904]
[82090,82087,1.0,0.961356865089306]
[83423,64740,1.0,0.6141519811012348]
[64654,27848,1.0,0.70133755844073]
[64654,30547,1.0,0.5682026288981064]
[74300,74297,1.0,0.9952227536000962]
[116964,64654,1.0,0.5352070561762556]
[82093,82087,1.0,0.9914756223331858]
[82093,82090,1.0,0.8416018133809602]
[33340,33337,1.0,0.9952227536000962]
[33343,33340,1.0,0.9952227536000962]
[33343,33337,1.0,0.9952227536000962]
[6053,5681,1.0,0.4696264007346644]
[38460,38457,1.0,0.9952227536000962]
[38460,38454,1.0,0.9952227536000962]
[102117,102111,1.0,0.9887237022064788]
[102117,102114,1.0,0.805416117818968]
[24085,24082,1.0,0.9510190201966405]
[38457,38454,1.0,0.9952227536000962]
[81821,77095,1.0,0.42933844328092313]
[81821,81818,1.0,0.9209901098673113]
[81821,3122,1.0,0.5172862454496336]
[102114,102111,1.0,0.8907133736697104]
[110512,5681,1.0,0.5151608067051754]
[121552,121549,1.0,0.9808445816161041]
[116682,2152,1.0,0.4743260019896566]
[131562,34309,1.0,0.42220763622439467]
[108193,34309,1.0,0.5398889587881645]
[124576,34309,1.0,0.4554570794055469]
[85430,34309,1.0,0.41885605022199246]
[115720,115717,1.0,0.9893460710322034]
[115720,34309,1.0,0.5192335324713899]
[31531,31525,1.0,0.9909728179801929]
[115723,115720,1.0,0.9743856272629835]
[115723,115717,1.0,0.9952227536000962]
[115723,34309,1.0,0.5209734142914909]
[115717,34309,1.0,0.5209734142914909]
[9720,9717,1.0,0.9624051599064002]
[9723,9720,1.0,0.9912769482882458]
[9723,9717,1.0,0.9952227536000962]
[96445,34309,1.0,0.44985339691929144]
[90322,34309,1.0,0.4807308544463853]
[115726,115723,1.0,0.47092380531530503]
[115726,115717,1.0,0.47092380531530503]
[115726,34309,1.0,0.43435537562285553]
[34309,31525,1.0,0.42429694881256963]
[34309,31531,1.0,0.42844559132981647]
[7749,7746,1.0,0.988022588453927]
[7749,7743,1.0,0.988022588453927]
[7746,7743,1.0,0.9952227536000962]
[94195,47806,1.0,0.4797164055707903]
[55822,55819,1.0,0.9646114830067174]
[55822,55813,1.0,0.9952227536000962]
[53271,53268,1.0,0.9926278674655746]
[53283,53271,1.0,0.9952227536000962]
[53283,53277,1.0,0.9952227536000962]
[53283,53274,1.0,0.9918915474355611]
[53283,53268,1.0,0.9926278674655746]
[53277,53271,1.0,0.9952227536000962]
[53277,53274,1.0,0.9947262821994]
[53277,53268,1.0,0.9952227536000962]
[53274,53271,1.0,0.9756442851760484]
[53274,53268,1.0,0.9915964436623776]
[55825,55822,1.0,0.9524208896727497]
[55825,55819,1.0,0.8692227032080568]
[55825,55813,1.0,0.9524208896727497]
[55819,55813,1.0,0.9646114830067174]
[95212,37229,1.0,0.5210021066539945]
[75993,21721,1.0,0.5818299408033616]
[31708,31702,1.0,0.9912124474460464]
[31708,31705,1.0,0.9423797766634012]
[97770,37229,1.0,0.4691079728873749]
[111246,98841,1.0,0.550823705009366]
[31705,31702,1.0,0.9540994640968754]
[2391,2388,1.0,0.9927904021198166]
[84591,60508,1.0,0.5578921191825701]
[36066,11483,1.0,0.5632083461619356]
[32936,32927,1.0,0.9941339650477837]
[32936,32933,1.0,0.9747478368012675]
[32936,32930,1.0,0.9741540647415508]
[60508,11483,1.0,0.5306517344452091]
[36842,36836,1.0,0.8749997565573187]
[32933,32927,1.0,0.9861656064899508]
[32933,32930,1.0,0.9325524639079953]
[36848,36842,1.0,0.7942377333826451]
[36848,36836,1.0,0.9877726362494229]
[45327,45318,1.0,0.9848617398120891]
[45327,45321,1.0,0.9729548993912788]
[32942,32936,1.0,0.9781432866837317]
[32942,32927,1.0,0.9909357581587459]
[32942,32933,1.0,0.9827553045644251]
[32942,32939,1.0,0.8362589168670369]
[32942,32930,1.0,0.9747553004577167]
[32939,32936,1.0,0.8220570450298201]
[32939,32927,1.0,0.8978576827064368]
[32939,32933,1.0,0.7130730464502552]
[32939,32930,1.0,0.711572726786462]
[32930,32927,1.0,0.9890077302406167]
[45321,45318,1.0,0.986879598774337]
[90588,1541,1.0,0.4413999623272792]
[67618,67612,1.0,0.9922277655052899]
[67618,67615,1.0,0.9936572313899252]
[67621,67618,1.0,0.9517121997271233]
[67621,67612,1.0,0.92478018528101]
[67621,67615,1.0,0.9630575512660995]
[14402,14399,1.0,0.9746445688172116]
[14402,14396,1.0,0.9773033782085249]
[14399,14396,1.0,0.9918426894149314]
[67615,67612,1.0,0.9926297125923712]
[65823,65817,1.0,0.9819516837430395]
[92156,92153,1.0,0.973243598881437]
[121800,121797,1.0,0.9732675537853533]
[11823,11814,1.0,0.9799835292957553]
[11823,11820,1.0,0.9160973628598735]
[11823,11817,1.0,0.9799150259581058]
[126652,108276,1.0,0.41508759380030724]
[58748,58742,1.0,0.9926680456172919]
[58748,58745,1.0,0.8199410530613487]
[127866,98724,1.0,0.446552687612903]
[127866,127863,1.0,0.9894043494620164]
[127866,50958,1.0,0.5094065720853012]
[127866,76166,1.0,0.4313252738533706]
[127866,98721,1.0,0.4687194499884203]
[127866,98730,1.0,0.4648722835759094]
[127866,127857,1.0,0.9909140823217805]
[127866,127860,1.0,0.9858617581493918]
[98724,73477,1.0,0.422735520246692]
[98724,41002,1.0,0.4552530446510645]
[98724,17386,1.0,0.4008868738807875]
[98724,98721,1.0,0.9783242646447401]
[98724,40996,1.0,0.44601441608209813]
[76163,76160,1.0,0.9877812743869288]
[37931,37925,1.0,0.9952227536000962]
[127863,98724,1.0,0.46487732048381597]
[127863,76160,1.0,0.40650112808429173]
[127863,50958,1.0,0.5308505530143954]
[127863,76166,1.0,0.43947858334302065]
[127863,98727,1.0,0.4040780921317137]
[127863,98721,1.0,0.4874927099336755]
[127863,98730,1.0,0.48358786838178486]
[127863,127857,1.0,0.9920059314073962]
[127863,127860,1.0,0.987659848621914]
[76160,40996,1.0,0.41391675378675563]
[73477,41002,1.0,0.5544187040162997]
[73477,40996,1.0,0.6889956943055033]
[41002,40996,1.0,0.9929984661036967]
[50958,40996,1.0,0.4610844819012469]
[108276,58748,1.0,0.43097149179359473]
[108276,48111,1.0,0.804813674716262]
[108276,46191,1.0,0.5176028989705527]
[108276,573,1.0,0.4086159748707823]
[108276,93726,1.0,0.5876669114591793]
[108276,71436,1.0,0.407171699147045]
[108276,3236,1.0,0.4385670291045602]
[108276,43406,1.0,0.44349597650252726]
[108276,86933,1.0,0.787770674304658]
[108276,58742,1.0,0.451052143954021]
[108276,36572,1.0,0.43844790606692546]
[108276,54584,1.0,0.4865147886088776]
[108276,107308,1.0,0.5921274826625368]
[108276,58745,1.0,0.41542915813647135]
[108276,69014,1.0,0.6246765639977551]
[108276,88343,1.0,0.5667423142809175]
[108276,65197,1.0,0.4829966435071449]
[108276,19557,1.0,0.6913094326935978]
[128979,108276,1.0,0.46042612942950056]
[11820,11814,1.0,0.9444460106034315]
[11820,11817,1.0,0.944003500590854]
[129021,127866,1.0,0.6725345927730031]
[129021,127863,1.0,0.6879770900463812]
[129021,103263,1.0,0.4375171049790324]
[129021,127857,1.0,0.6725345927730031]
[129021,127860,1.0,0.604462801295053]
[120496,108276,1.0,0.4150776346121143]
[104101,40996,1.0,0.40658834439029545]
[76166,76163,1.0,0.9751123723476522]
[76166,76160,1.0,0.9905564682541387]
[58745,58742,1.0,0.8669024531277775]
[98727,98724,1.0,0.9552530522398676]
[98727,73477,1.0,0.4390054804006106]
[98727,41002,1.0,0.45499446097219903]
[98727,98721,1.0,0.9877726362494229]
[98727,40996,1.0,0.4457871220431528]
[65547,65544,1.0,0.9771495849902653]
[90985,90979,1.0,0.9778296354834778]
[11817,11814,1.0,0.9946572280446236]
[98721,73477,1.0,0.4390054804006106]
[98721,41002,1.0,0.45499446097219903]
[98721,40996,1.0,0.4457871220431528]
[51814,50958,1.0,0.5357976246477738]
[40996,11823,1.0,0.4321157046375177]
[98730,98724,1.0,0.8534067776207732]
[98730,41002,1.0,0.43443664882304733]
[98730,98727,1.0,0.9146206146523989]
[98730,98721,1.0,0.9531768349252219]
[98730,40996,1.0,0.4254170229725282]
[127857,98724,1.0,0.46321374115078495]
[127857,76160,1.0,0.4158492163383453]
[127857,50958,1.0,0.5311897087504822]
[127857,76166,1.0,0.44920904259536165]
[127857,98727,1.0,0.4023069600649309]
[127857,98721,1.0,0.48577329558949073]
[127857,98730,1.0,0.48186915399046865]
[108772,108276,1.0,0.5507562854639543]
[65550,65544,1.0,0.9947262821994]
[65550,65547,1.0,0.9751679666025624]
[90988,90985,1.0,0.401526172145057]
[90988,90979,1.0,0.6457551785272759]
[127860,98724,1.0,0.5153445996316037]
[127860,76160,1.0,0.4158492163383453]
[127860,50958,1.0,0.5311897087504822]
[127860,76166,1.0,0.44920904259536165]
[127860,98727,1.0,0.42959353779653126]
[127860,98721,1.0,0.5199922243887157]
[127860,98730,1.0,0.515949080970597]
[127860,127857,1.0,0.9923958418221456]
[22410,22407,1.0,0.9884042538257046]
[22419,22410,1.0,0.6512859226073993]
[22419,22407,1.0,0.7105364427337029]
[22419,22416,1.0,0.6800050458385232]
[22419,22413,1.0,0.7105364427337029]
[56201,56198,1.0,0.9625976902524307]
[56201,56195,1.0,0.9323458860728958]
[56198,56195,1.0,0.9677633379394588]
[22416,22410,1.0,0.9902488999808162]
[22416,22407,1.0,0.9896241811968108]
[22416,22413,1.0,0.9935047841791984]
[22422,22410,1.0,0.9849423322456008]
[22422,22419,1.0,0.46099912662692377]
[22422,22407,1.0,0.9936734116065394]
[22422,22416,1.0,0.9865559904975789]
[22422,22413,1.0,0.989874628308962]
[22413,22410,1.0,0.9927543544888627]
[22413,22407,1.0,0.9922728384210173]
[118716,24381,1.0,0.434322442423333]
[118716,118713,1.0,0.9697635179125746]
[131193,34890,1.0,0.42188176088874607]
[131193,131190,1.0,0.9952227536000962]
[118722,118716,1.0,0.9686651027842734]
[118722,118719,1.0,0.9794992069455107]
[118722,118713,1.0,0.9794992069455107]
[118719,118716,1.0,0.9893736836749262]
[118719,118713,1.0,0.9933550320030448]
[118713,24381,1.0,0.434322442423333]
[42887,39746,1.0,0.5281855318544916]
[84369,84363,1.0,0.99133259848331]
[27805,27802,1.0,0.9861453552275499]
[77967,43292,1.0,0.5797889389853226]
[49495,43292,1.0,0.445035345800724]
[40317,14260,1.0,0.503332648073985]
[90293,43292,1.0,0.8920591819043568]
[90293,65699,1.0,0.4306523565631683]
[76208,43292,1.0,0.6510997998764375]
[129516,129513,1.0,0.9859369605433117]
[83661,43292,1.0,0.5076325513480778]
[119611,119608,1.0,0.9687539836540051]
[64975,43292,1.0,0.6672582360049893]
[120339,43292,1.0,0.4632658766169497]
[79444,43292,1.0,0.5985006979864572]
[56038,43292,1.0,0.49681923215355933]
[71118,23779,1.0,0.41567073150463413]
[71209,71206,1.0,0.9618337153803586]
[116212,43292,1.0,0.5806967450935041]
[71045,43292,1.0,0.4254187630621087]
[77580,77577,1.0,0.9732085951490012]
[34593,34590,1.0,0.9905496488699075]
[125929,43292,1.0,0.48515229385922454]
[48027,43292,1.0,0.5003457046286617]
[48027,48024,1.0,0.5752342024458842]
[48027,48021,1.0,0.9828279153803549]
[56041,56038,1.0,0.9931484548490003]
[56041,43292,1.0,0.49681923215355933]
[111070,43292,1.0,0.4871497794245497]
[43292,40317,1.0,0.889156950533609]
[43292,3817,1.0,0.6096694039964329]
[43292,34590,1.0,0.6042797604137105]
[43292,34593,1.0,0.6042797604137105]
[43292,32232,1.0,0.5143953590782342]
[43292,1450,1.0,0.595378289810341]
[43292,25783,1.0,0.5006241022161207]
[43292,42157,1.0,0.48813386275319465]
[43292,14260,1.0,0.7649592255969581]
[43292,18882,1.0,0.501669618816253]
[43292,32924,1.0,0.5607073926145396]
[43292,13334,1.0,0.4431637146292711]
[65699,43292,1.0,0.7561223842663903]
[92161,43292,1.0,0.4064003194434633]
[51657,43292,1.0,0.6305948733490684]
[71212,71209,1.0,0.9758443587667491]
[71212,71206,1.0,0.9923363835724206]
[92860,43292,1.0,0.5070707147104251]
[83664,83661,1.0,0.9885760687645732]
[83664,43292,1.0,0.5076325513480778]
[119530,43292,1.0,0.5701733563442017]
[48024,43292,1.0,0.5003457046286617]
[48024,48021,1.0,0.5844576392955387]
[130321,43292,1.0,0.5980442497558341]
[80127,43292,1.0,0.4921320097959191]
[48021,43292,1.0,0.5003457046286617]
[63504,43292,1.0,0.6116334492267902]
[77046,43292,1.0,0.4942312603770944]
[117427,43292,1.0,0.4432408035741818]
[15096,15093,1.0,0.991764421343007]
[36426,29800,1.0,0.40845793564572286]
[117589,36426,1.0,0.42747812068056446]
[117589,117586,1.0,0.9855461594987528]
[117586,36426,1.0,0.4318715120438481]
[117586,95115,1.0,0.4312836226128856]
[89637,36426,1.0,0.4070852848407062]
[89637,86349,1.0,0.44056063845531646]
[95115,26728,1.0,0.5757704539364994]
[95115,36426,1.0,0.8099618613272968]
[95115,43772,1.0,0.4108239459040863]
[95115,86349,1.0,0.601008407595449]
[95115,8548,1.0,0.4123232804200978]
[8545,8542,1.0,0.9791854216503325]
[86349,36426,1.0,0.4670715496132824]
[86349,43772,1.0,0.43312166238175076]
[15102,15096,1.0,0.9738811187544842]
[15102,15093,1.0,0.9842365892721153]
[8548,8542,1.0,0.9942129708818666]
[8548,8545,1.0,0.988833372915107]
[82710,22582,1.0,0.41881719282487984]
[75086,11415,1.0,0.4186292945881549]
[23721,23715,1.0,0.9841986870721019]
[23721,23718,1.0,0.9928309083296197]
[23718,23715,1.0,0.9921471266607758]
[108630,108627,1.0,0.9767338797114912]
[108630,108624,1.0,0.9780973000272769]
[108630,108621,1.0,0.9866446396852769]
[108627,108624,1.0,0.9829858220498879]
[108627,108621,1.0,0.9912178410696839]
[108624,108621,1.0,0.9922323843947127]
[83412,77422,1.0,0.5208150852995046]
[83412,77419,1.0,0.5405907574187249]
[65902,65896,1.0,0.9414283673428787]
[45896,45893,1.0,0.9574312106136407]
[45896,45890,1.0,0.962937453059731]
[65908,65902,1.0,0.969614230005023]
[65908,65896,1.0,0.9905564682541387]
[45893,45890,1.0,0.994342093446844]
[80189,77419,1.0,0.4056404963923505]
[80189,80186,1.0,0.9952227536000962]
[81561,81558,1.0,0.9943430888074422]
[81561,81555,1.0,0.9937807051809457]
[77425,77422,1.0,0.4082657949499843]
[81558,81555,1.0,0.9901432804868449]
[77422,77419,1.0,0.9800010742206228]
[77419,24801,1.0,0.4169594134203191]
[126163,126160,1.0,0.9070211231685509]
[92774,81558,1.0,0.5591015764601841]
[103558,103555,1.0,0.9923902445778636]
[103558,103552,1.0,0.993172515220938]
[40994,40988,1.0,0.9891164748499857]
[40994,40991,1.0,0.9952227536000962]
[40994,40985,1.0,0.9877726362494229]
[22450,22447,1.0,0.9948031445632672]
[22456,22450,1.0,0.9858900362841522]
[22456,22447,1.0,0.9926680456172919]
[22456,22453,1.0,0.9755082803189872]
[21443,21437,1.0,0.9209901098673113]
[21443,21440,1.0,0.8140851357087988]
[40988,40985,1.0,0.9891164748499857]
[40991,40988,1.0,0.9891164748499857]
[40991,40985,1.0,0.9877726362494229]
[59189,47348,1.0,0.47142921872576443]
[109104,109101,1.0,0.7671434895038849]
[109110,109101,1.0,0.9908936563217177]
[109110,109104,1.0,0.6949137751845166]
[109110,109107,1.0,0.9851564365643504]
[3798,3795,1.0,0.9909357581587459]
[22453,22450,1.0,0.9103549144550366]
[22453,22447,1.0,0.9465728730499461]
[103555,103552,1.0,0.9917038292066669]
[109107,109101,1.0,0.9877871945724703]
[109107,109104,1.0,0.6387951189620027]
[21440,21437,1.0,0.9886732100936929]
[103561,103558,1.0,0.8887227322586903]
[103561,103555,1.0,0.9509973662950771]
[103561,103552,1.0,0.9547263157253463]
[48626,48623,1.0,0.9790702166762323]
[48626,35277,1.0,0.40554171276198364]
[59746,48626,1.0,0.425179382311722]
[59746,48623,1.0,0.4296299826101114]
[59746,48629,1.0,0.43078956850008476]
[59746,36807,1.0,0.5742498793298206]
[48629,48626,1.0,0.9517510496558096]
[48629,48623,1.0,0.9807467270946951]
[48629,3799,1.0,0.47141947802366885]
[48629,955,1.0,0.48691698902901787]
[48629,15,1.0,0.4651044429628185]
[48629,35280,1.0,0.8126555187562421]
[48629,35277,1.0,0.7630597501499753]
[79123,48629,1.0,0.43870842361280415]
[131248,48629,1.0,0.5722486048297406]
[67235,59746,1.0,0.5148638732258004]
[67235,48629,1.0,0.6333589627869474]
[67235,67232,1.0,0.9887145095479782]
[124065,48629,1.0,0.6977122466584191]
[35280,35277,1.0,0.982241495397785]
[67232,48629,1.0,0.6333589627869474]
[98002,48629,1.0,0.45153149259778136]
[12621,12618,1.0,0.9342204610407808]
[12633,12621,1.0,0.9099843030088418]
[12633,12624,1.0,0.9747536542647716]
[12633,12618,1.0,0.9905564682541387]
[12633,12627,1.0,0.9905564682541387]
[65756,65753,1.0,0.9952227536000962]
[118807,8403,1.0,0.5019808778890748]
[118807,81655,1.0,0.4044837659725113]
[118807,8400,1.0,0.49956223457657]
[63706,63703,1.0,0.5619800248175444]
[63706,63697,1.0,0.767215989407405]
[63706,63700,1.0,0.7687092538173886]
[115273,115267,1.0,0.559720753411892]
[115273,115264,1.0,0.9844322400124917]
[115273,115270,1.0,0.830684211740419]
[69294,69288,1.0,0.9944038921919651]
[69294,69291,1.0,0.9591611699903768]
[113412,113409,1.0,0.9654980824032692]
[113412,51149,1.0,0.5961988541014612]
[115267,115264,1.0,0.7175480994674842]
[94000,54053,1.0,0.4649985655439979]
[94000,65756,1.0,0.46929614510815404]
[94000,93650,1.0,0.42838130406472247]
[94000,8403,1.0,0.41645865359022705]
[69947,7083,1.0,0.4336807480476278]
[69947,47990,1.0,0.5403450863550997]
[113418,113412,1.0,0.9278055476058137]
[113418,113409,1.0,0.9877812743869288]
[113418,113415,1.0,0.9793804589204564]
[63709,63706,1.0,0.9499851559251574]
[63709,7083,1.0,0.40406653988847074]
[63709,63703,1.0,0.9066466789275422]
[63709,63697,1.0,0.9764537088650856]
[63709,63700,1.0,0.9764537088650856]
[63709,12627,1.0,0.4027572526430548]
[69297,69288,1.0,0.9895803537595389]
[69297,69294,1.0,0.9824566074810586]
[69297,69291,1.0,0.9465348082715552]
[63703,63697,1.0,0.975962189915813]
[63703,63700,1.0,0.9682343465131129]
[90141,90135,1.0,0.9930958796241635]
[121125,54053,1.0,0.42601407159322835]
[121125,8403,1.0,0.4016444288188463]
[121125,24556,1.0,0.4335252235432037]
[8403,8400,1.0,0.992618336087149]
[12630,12618,1.0,0.45723760783687767]
[12630,12627,1.0,0.45723760783687767]
[67205,67202,1.0,0.8294955694897707]
[67205,67199,1.0,0.9936734116065394]
[12624,12621,1.0,0.895504771502157]
[12624,12618,1.0,0.985870891926574]
[63700,63697,1.0,0.9789115004653804]
[113409,51149,1.0,0.4311796855013205]
[12627,12621,1.0,0.9534381915182251]
[12627,12624,1.0,0.985870891926574]
[12627,12618,1.0,0.9952227536000962]
[115270,91426,1.0,0.40260236805669397]
[115270,115267,1.0,0.8252213234835718]
[115270,94000,1.0,0.5128631245652249]
[115270,115264,1.0,0.8858749336088372]
[115270,25141,1.0,0.43440496819108365]
[115270,69291,1.0,0.4435936819228121]
[67202,67199,1.0,0.809198943627353]
[113415,113412,1.0,0.9628895000092288]
[113415,113409,1.0,0.9947262821994]
[113415,51149,1.0,0.4275023316412288]
[124756,54053,1.0,0.4490261599920726]
[124756,65756,1.0,0.44258360299292465]
[124756,115270,1.0,0.4801499895676073]
[69291,54053,1.0,0.5105740151717277]
[69291,65756,1.0,0.4215565860764627]
[69291,69288,1.0,0.9638579687616393]
[90144,90135,1.0,0.9785217592159603]
[90144,90141,1.0,0.9512041955749927]
[93653,93650,1.0,0.9129244273037627]
[68762,68759,1.0,0.9944660782509854]
[113460,113457,1.0,0.981626653014411]
[113460,113454,1.0,0.9905564682541387]
[113457,113454,1.0,0.976453561887866]
[113463,113460,1.0,0.9777075590929074]
[113463,113457,1.0,0.9243025107864288]
[113463,113454,1.0,0.956353999964027]
[100809,46173,1.0,0.42320544187660397]
[64914,64911,1.0,0.9693624904931157]
[64914,64908,1.0,0.973937016066544]
[12714,12711,1.0,0.9438402698954922]
[12714,12708,1.0,0.9929984661036967]
[64911,64908,1.0,0.9942129708818666]
[73942,44577,1.0,0.40754869991810283]
[12711,12708,1.0,0.9585456913193967]
[36850,14875,1.0,0.43237914679897005]
[130699,118630,1.0,0.44967499839263886]
[130699,29408,1.0,0.4643341441477898]
[10735,10732,1.0,0.4796968167505019]
[10735,10729,1.0,0.9891643175844307]
[10732,10729,1.0,0.5316561992974048]
[106438,106432,1.0,0.9952227536000962]
[106438,106435,1.0,0.9798049987660586]
[106435,106432,1.0,0.9798049987660586]
[12717,12714,1.0,0.9780349831493048]
[12717,12708,1.0,0.6206995297282002]
[15782,6558,1.0,0.5579668194651065]
[98848,19525,1.0,0.5549422737749788]
[38218,19094,1.0,0.40176936325646184]
[19525,19516,1.0,0.9952227536000962]
[19525,19519,1.0,0.9931829806743847]
[19525,19522,1.0,0.9952227536000962]
[3902,3896,1.0,0.9875394486787343]
[3902,3899,1.0,0.6263584570902562]
[19519,19516,1.0,0.9923798082202058]
[78829,19525,1.0,0.40986948482461094]
[116520,38218,1.0,0.4559447910176576]
[19531,19516,1.0,0.9905564682541387]
[19531,19525,1.0,0.9905564682541387]
[19531,19519,1.0,0.9810795946218575]
[19531,19522,1.0,0.9517467694878876]
[19522,19516,1.0,0.9897025145243307]
[19522,19519,1.0,0.984158934504557]
[102163,6558,1.0,0.5399542671290308]
[102163,102160,1.0,0.9952227536000962]
[102163,19525,1.0,0.7457036477389276]
[3899,3896,1.0,0.7676599102324707]
[24933,24930,1.0,0.6770920105590399]
[24933,24927,1.0,0.8205079158325016]
[45774,12531,1.0,0.42825468068632766]
[17776,17773,1.0,0.982891858825103]
[17776,17770,1.0,0.982891858825103]
[44153,44147,1.0,0.9770368594681279]
[44153,44150,1.0,0.6471736751415366]
[17773,17770,1.0,0.9952227536000962]
[3106,3103,1.0,0.9271058863254863]
[78196,18449,1.0,0.45838921842157565]
[78196,78193,1.0,0.7150906039273601]
[3109,3106,1.0,0.9753500620863628]
[3109,3103,1.0,0.9798403252207151]
[108235,59333,1.0,0.46928833211704163]
[3112,3106,1.0,0.9567254947571123]
[3112,3109,1.0,0.9743923998715508]
[3112,3103,1.0,0.9905564682541387]
[12797,105,1.0,0.4400711124942473]
[88680,88677,1.0,0.9843152045911456]
[88680,88674,1.0,0.9944660782509854]
[115428,64291,1.0,0.7902583662087982]
[88677,88674,1.0,0.9862287932437912]
[66102,59333,1.0,0.46596243957015826]
[64896,59333,1.0,0.5964417715174174]
[122982,115428,1.0,0.6247449102057054]
[24930,24927,1.0,0.9856449464314734]
[88683,88680,1.0,0.9552832675570329]
[88683,88677,1.0,0.9595719278094496]
[88683,88674,1.0,0.9753140609188193]
[104073,104070,1.0,0.990824771921169]
[88686,78196,1.0,0.4415074104484174]
[88686,88680,1.0,0.9789323983729125]
[88686,88677,1.0,0.9821536617565331]
[88686,88674,1.0,0.9891164748499857]
[88686,88683,1.0,0.9793942016079542]
[78193,49708,1.0,0.4247018800495436]
[88689,88680,1.0,0.9620499272481197]
[88689,88677,1.0,0.9514327644024267]
[88689,88674,1.0,0.9691385954636317]
[88689,88683,1.0,0.9633594564119584]
[88689,88686,1.0,0.9393173298143705]
[59803,59800,1.0,0.4897973716549889]
[131074,18449,1.0,0.405978794940124]
[131074,78196,1.0,0.8014015001874005]
[131074,119568,1.0,0.41655423335200215]
[131074,78193,1.0,0.7718338194858234]
[131074,49708,1.0,0.5838505569910306]
[44150,13655,1.0,0.4807439970526541]
[44150,44147,1.0,0.8597382072727173]
[63909,63906,1.0,0.9940160119321153]
[98055,98052,1.0,0.9780088221258031]
[98055,98049,1.0,0.9942129708818666]
[28855,28852,1.0,0.9897790518226997]
[81177,81174,1.0,0.9479075923495632]
[98052,98049,1.0,0.9868054499952877]
[102181,102178,1.0,0.9933550320030448]
[87473,84462,1.0,0.451594864686719]
[92227,92224,1.0,0.9927904021198166]
[105306,57330,1.0,0.637566824743556]
[84462,57330,1.0,0.8730405150112993]
[24080,24077,1.0,0.9807052285860721]
[42255,42252,1.0,0.9800534510798188]
[57083,27555,1.0,0.5532797227793648]
[57083,2767,1.0,0.5394082791988256]
[57083,48086,1.0,0.5136895436501696]
[60475,2767,1.0,0.4862754639548003]
[48086,48080,1.0,0.9946572280446236]
[90250,90247,1.0,0.9841429854753577]
[4107,4104,1.0,0.9877812743869288]
[4107,4098,1.0,0.9688936553987099]
[4107,4095,1.0,0.9877812743869288]
[90256,90250,1.0,0.9485129339357549]
[90256,90247,1.0,0.9828086207948762]
[90256,90253,1.0,0.9524931159602753]
[14350,14347,1.0,0.7038130514150356]
[4104,4098,1.0,0.9869264603515808]
[4104,4095,1.0,0.9952227536000962]
[90253,90250,1.0,0.9866861596481282]
[90253,90247,1.0,0.9854416687496785]
[4098,4095,1.0,0.9911916693839133]
[65571,59039,1.0,0.629139252164554]
[129483,129480,1.0,0.9927904021198166]
[125334,50715,1.0,0.49449082353759316]
[126027,69934,1.0,0.46724081883214125]
[98094,36211,1.0,0.4385152252647863]
[102186,73647,1.0,0.4991189701658145]
[102186,37034,1.0,0.44750725606523206]
[43524,37034,1.0,0.46806725664531945]
[73647,26148,1.0,0.5649088210121226]
[73647,53444,1.0,0.4362931305112321]
[73647,16566,1.0,0.6665331343535216]
[94573,94570,1.0,0.5455725708010373]
[94573,94567,1.0,0.9952227536000962]
[77485,37034,1.0,0.502079662177187]
[73686,37034,1.0,0.7902367158246966]
[73686,24162,1.0,0.4847389572927041]
[73686,37028,1.0,0.41298921226886415]
[75045,37034,1.0,0.45299608066289876]
[84276,37034,1.0,0.5326427840928964]
[43463,37034,1.0,0.7612830097035713]
[43463,24162,1.0,0.508890172271325]
[43463,37028,1.0,0.43248812983286195]
[43463,37031,1.0,0.42969319046254956]
[37034,26148,1.0,0.5482972204691855]
[37034,22637,1.0,0.5827625172031978]
[37034,31127,1.0,0.41964075193957556]
[37034,24162,1.0,0.7147327735790777]
[37034,37028,1.0,0.9946939993737459]
[37034,4935,1.0,0.5160870913830924]
[37034,37031,1.0,0.992338746777067]
[53444,37034,1.0,0.5803834658779988]
[121137,37034,1.0,0.5289070577234215]
[75054,75045,1.0,0.9930750981066655]
[75054,37034,1.0,0.45299608066289876]
[75054,75051,1.0,0.9905512966715594]
[75054,75048,1.0,0.9826116732970259]
[57768,57756,1.0,0.991187305136679]
[57768,57762,1.0,0.8425158534112825]
[105915,73647,1.0,0.4124614756148093]
[55569,37034,1.0,0.5349610505884753]
[55033,37034,1.0,0.8067847856201286]
[43469,43463,1.0,0.8169458819066724]
[43469,37034,1.0,0.7015483699233365]
[75051,75045,1.0,0.9921887709632617]
[75051,37034,1.0,0.41984607518060346]
[75051,75048,1.0,0.981223611269936]
[121488,37034,1.0,0.7635600251717727]
[119494,37034,1.0,0.41627961619480497]
[57112,37034,1.0,0.43764012512464023]
[94570,94567,1.0,0.5316837247462265]
[86639,37034,1.0,0.43772810222323577]
[37028,24162,1.0,0.4522343203629958]
[57762,57756,1.0,0.8965297223367819]
[57762,37034,1.0,0.41675219230462907]
[41507,37034,1.0,0.4555053899490809]
[43472,43463,1.0,0.994317936405958]
[43472,37034,1.0,0.7015483699233365]
[43472,43469,1.0,0.8133007371488811]
[43472,24162,1.0,0.4934072451982633]
[16572,16566,1.0,0.9927904021198166]
[75048,75045,1.0,0.9796406927555322]
[75048,37034,1.0,0.4515154098684884]
[85042,37034,1.0,0.5048209168487869]
[37031,24162,1.0,0.5098332545582074]
[37031,37028,1.0,0.9903459533107182]
[45803,45797,1.0,0.9438839225801086]
[45803,45800,1.0,0.8657988707589463]
[67354,25040,1.0,0.47448092583798435]
[107025,96726,1.0,0.5990326494229914]
[107316,107313,1.0,0.9935292479653834]
[55039,55036,1.0,0.7005341647782078]
[45800,45797,1.0,0.993448310188078]
[5638,5635,1.0,0.9725528595350064]
[5644,5635,1.0,0.9923958418221456]
[5644,5638,1.0,0.9581436169721187]
[111742,111739,1.0,0.9889049419371736]
[5650,5635,1.0,0.9946149626479851]
[5650,5638,1.0,0.9697248410102313]
[5650,5644,1.0,0.991488837207211]
[5650,5647,1.0,0.9932310879218696]
[53822,53819,1.0,0.9758891731417159]
[5647,5635,1.0,0.991239788683933]
[5647,5638,1.0,0.9547166185962879]
[5647,5644,1.0,0.9865019603011438]
[27510,27507,1.0,0.8808971118335327]
[27513,27510,1.0,0.847707540161452]
[27513,27507,1.0,0.9937807051809457]
[43231,43228,1.0,0.6446623384354946]
[13039,5728,1.0,0.6832841529389643]
[68488,68485,1.0,0.9877726362494229]
[20638,20635,1.0,0.9942129708818666]
[34108,21102,1.0,0.5024315773415385]
[40780,21102,1.0,0.5454549912796125]
[76034,76031,1.0,0.9875943330177959]
[76034,76028,1.0,0.9946149626479851]
[12509,12506,1.0,0.4440729120594648]
[76031,76028,1.0,0.988848171392966]
[12512,12509,1.0,0.4440729120594648]
[12512,12506,1.0,0.9952227536000962]
[73621,39807,1.0,0.45562458996674826]
[73621,54477,1.0,0.4193738941330444]
[37244,37241,1.0,0.9746777981994065]
[125536,73621,1.0,0.41002582908958285]
[45298,26258,1.0,0.7321243218282923]
[26258,3918,1.0,0.5897106930241058]
[26258,4726,1.0,0.53204108529788]
[26258,15579,1.0,0.4519993333995204]
[26258,25315,1.0,0.6091288560836404]
[26258,3924,1.0,0.5897106930241058]
[26258,8498,1.0,0.7688678234538103]
[26258,10829,1.0,0.7247724158735438]
[26258,3906,1.0,0.4649729351152903]
[4726,3924,1.0,0.7533935892152714]
[102592,3924,1.0,0.4171107176750289]
[15579,3924,1.0,0.42492612149288045]
[15579,15576,1.0,0.9900147951102803]
[131079,26258,1.0,0.7662063747481118]
[71163,22832,1.0,0.4178955206054818]
[116385,36351,1.0,0.4603501411932739]
[62854,26258,1.0,0.8365185062705783]
[70045,26258,1.0,0.8039023125654446]
[70045,70042,1.0,0.9952227536000962]
[123004,3924,1.0,0.528790185920026]
[126036,26258,1.0,0.7881045538392746]
[126036,120103,1.0,0.41755732349770736]
[37866,26258,1.0,0.7952398028795781]
[11032,11026,1.0,0.9905564682541387]
[114364,109768,1.0,0.41503529454580435]
[38118,3924,1.0,0.5175470899927446]
[109768,3918,1.0,0.47678796462416567]
[109768,4726,1.0,0.6617963181828946]
[109768,38118,1.0,0.4031497069951468]
[109768,3924,1.0,0.47678796462416567]
[109768,109762,1.0,0.9952227536000962]
[109768,59257,1.0,0.4708600713554862]
[109768,42529,1.0,0.4935340361507246]
[109768,24863,1.0,0.4136405297270317]
[109768,36152,1.0,0.4078632921313508]
[109768,1443,1.0,0.4014894386072331]
[109768,36351,1.0,0.4826910201426289]
[109768,37517,1.0,0.4271203817822266]
[3924,3918,1.0,0.9952227536000962]
[3924,1443,1.0,0.589397042041509]
[3924,3906,1.0,0.5505627463453404]
[109762,3924,1.0,0.47678796462416567]
[42168,26258,1.0,0.8501522581445603]
[91599,26258,1.0,0.6520418597910229]
[76877,26258,1.0,0.8614432568899054]
[121216,26258,1.0,0.8694995877151012]
[121216,120103,1.0,0.41372375435725267]
[73067,26258,1.0,0.8405204879109986]
[31086,22832,1.0,0.5242184604110727]
[70042,26258,1.0,0.8039023125654446]
[65800,4726,1.0,0.45846897955234917]
[120103,26258,1.0,0.7825031562141856]
[120103,62854,1.0,0.4181184455207116]
[120103,78300,1.0,0.44966194721925734]
[44025,26258,1.0,0.7087881278447126]
[34727,26258,1.0,0.41666688204143415]
[34727,3924,1.0,0.4287292135375347]
[127251,26258,1.0,0.9737132763975649]
[127251,37866,1.0,0.41160539451677375]
[127251,109768,1.0,0.40497163134161834]
[127251,73067,1.0,0.40161247399248806]
[127251,120103,1.0,0.8398379183783788]
[127251,22832,1.0,0.4354736770447276]
[127251,10829,1.0,0.46789352429528674]
[68754,3924,1.0,0.5857792207404984]
[129226,26258,1.0,0.7582692397578402]
[22832,3918,1.0,0.5228735722928229]
[22832,4726,1.0,0.6465262338986428]
[22832,3924,1.0,0.5228735722928229]
[22832,17375,1.0,0.4634936977702677]
[22832,3906,1.0,0.41558419113705447]
[42529,3924,1.0,0.47586316301758713]
[70048,26258,1.0,0.8039023125654446]
[70048,70045,1.0,0.9941373313217248]
[70048,70042,1.0,0.9941373313217248]
[15576,3924,1.0,0.41620282868830005]
[41559,26258,1.0,0.7682396644186145]
[24863,22832,1.0,0.4290718385213125]
[65464,26258,1.0,0.7928022915312373]
[36152,26258,1.0,0.4025544590914446]
[36152,3924,1.0,0.6305865957304329]
[78300,26258,1.0,0.8248895362133444]
[95316,22832,1.0,0.5597179403559224]
[98581,26258,1.0,0.8287254069510341]
[109771,109768,1.0,0.9952227536000962]
[109771,3924,1.0,0.47678796462416567]
[109771,109762,1.0,0.9878322765641779]
[127993,22832,1.0,0.45111882396659303]
[70220,3924,1.0,0.4196189301645412]
[17375,3924,1.0,0.4243052714590216]
[45301,45298,1.0,0.9952227536000962]
[45301,26258,1.0,0.7321243218282923]
[82644,26258,1.0,0.641640848647181]
[36351,26258,1.0,0.5663944133168203]
[36351,3924,1.0,0.6329599089944822]
[36351,22832,1.0,0.5923743944608055]
[120807,26258,1.0,0.8386405872220387]
[120807,120103,1.0,0.4614250572215431]
[37517,3924,1.0,0.4454679844063456]
[84592,14967,1.0,0.4397081906293882]
[91238,46902,1.0,0.584837824538102]
[91238,84592,1.0,0.6433748886258805]
[91238,61246,1.0,0.6914116251544452]
[76803,46902,1.0,0.4325082876325808]
[84061,18995,1.0,0.634629659762474]
[84061,48834,1.0,0.4233586581639863]
[84061,82254,1.0,0.5867920202732048]
[84061,43456,1.0,0.47606842242400416]
[84061,63986,1.0,0.43253296756829795]
[84061,58484,1.0,0.5452294037827293]
[63977,63974,1.0,0.9293816420034134]
[21939,21936,1.0,0.9517328429394606]
[63983,63977,1.0,0.9947803113316972]
[63983,63974,1.0,0.988017187137192]
[63983,63980,1.0,0.988017187137192]
[63983,43456,1.0,0.4713602213255132]
[63980,63977,1.0,0.9377624846434625]
[63980,63974,1.0,0.981659156018156]
[63986,63977,1.0,0.9120102029027842]
[63986,63983,1.0,0.9828345082511449]
[63986,63974,1.0,0.9926680456172919]
[63986,63980,1.0,0.9727926314996074]
[22285,22282,1.0,0.957109702721935]
[105624,84061,1.0,0.4540807017264052]
[125928,125925,1.0,0.942812868573504]
[125928,1942,1.0,0.5602074918957006]
[125928,125922,1.0,0.9795935667962108]
[125925,1942,1.0,0.6572561355355034]
[125925,125922,1.0,0.9710605949847702]
[39840,38143,1.0,0.4770391281544595]
[32556,32550,1.0,0.9654511710742674]
[32556,32553,1.0,0.9371704181738275]
[32553,32550,1.0,0.9923252222186968]
[125922,1942,1.0,0.55804613964286]
[92264,92261,1.0,0.9931524785583898]
[41982,41979,1.0,0.994205387626701]
[41982,41976,1.0,0.9771850579426724]
[41982,41973,1.0,0.994205387626701]
[19356,19353,1.0,0.9952227536000962]
[41979,41976,1.0,0.9771850579426724]
[41979,41973,1.0,0.9952227536000962]
[86913,86910,1.0,0.9835978542892383]
[81274,81271,1.0,0.9895707056247579]
[8363,8357,1.0,0.9952227536000962]
[8363,8360,1.0,0.9952227536000962]
[116992,116989,1.0,0.8617020192735927]
[41976,41973,1.0,0.9764875940300609]
[19362,19353,1.0,0.9874094157388765]
[19362,19356,1.0,0.9874094157388765]
[8366,8357,1.0,0.9160388173174754]
[8366,8363,1.0,0.9160388173174754]
[8366,8360,1.0,0.7449126418048403]
[8369,8357,1.0,0.9952227536000962]
[8369,8363,1.0,0.9952227536000962]
[8369,8366,1.0,0.9629620277828261]
[8369,8360,1.0,0.9760475988719239]
[73887,73881,1.0,0.9916606834562801]
[73887,73884,1.0,0.9876428562626036]
[73884,73881,1.0,0.9945081630075626]
[8360,8357,1.0,0.9937910695216918]
[27000,26997,1.0,0.993172515220938]
[27009,27000,1.0,0.9831210029568618]
[27009,27003,1.0,0.9798710938409516]
[27009,26997,1.0,0.9872021338195044]
[27003,27000,1.0,0.987034829563643]
[27003,26997,1.0,0.9948237371826054]
[55192,55186,1.0,0.9952227536000962]
[55192,55189,1.0,0.9952227536000962]
[110187,60140,1.0,0.40744745354848105]
[110187,110184,1.0,0.9944393446098015]
[81309,81306,1.0,0.9498500363824645]
[105309,60140,1.0,0.6833641395692676]
[120346,60140,1.0,0.43500947946680535]
[60140,55186,1.0,0.5319572249223904]
[60140,55192,1.0,0.5319572249223904]
[60140,12035,1.0,0.40849506572143]
[60140,12038,1.0,0.40849506572143]
[60140,34568,1.0,0.5597497123665207]
[60140,34235,1.0,0.5150258941043891]
[60140,25436,1.0,0.636082072508832]
[60140,55189,1.0,0.5319572249223904]
[60140,12041,1.0,0.40849506572143]
[12038,12035,1.0,0.9905564682541387]
[110190,110187,1.0,0.982948026464645]
[110190,60140,1.0,0.4101992912401439]
[110190,110184,1.0,0.9900030202780228]
[74919,74916,1.0,0.9588181939872095]
[55189,55186,1.0,0.9952227536000962]
[132216,60140,1.0,0.4448888686246211]
[81312,81309,1.0,0.9163695913174953]
[81312,81306,1.0,0.9938879863444803]
[12041,12035,1.0,0.9929318100825512]
[12041,12038,1.0,0.9865100555301104]
[110184,60140,1.0,0.4158500385372637]
[110193,110187,1.0,0.9881525479848571]
[110193,60140,1.0,0.41193530078762985]
[110193,110190,1.0,0.9853630416530357]
[110193,110184,1.0,0.9936089893855885]
[74922,74916,1.0,0.9883199097054204]
[74922,74919,1.0,0.9842079520339592]
[44739,44736,1.0,0.9739528329080587]
[83421,17899,1.0,0.4562140945385259]
[38169,38163,1.0,0.9814465529427653]
[79803,79800,1.0,0.9741851287137727]
[79803,79794,1.0,0.9795685338942977]
[79800,79794,1.0,0.9937353308824888]
[3571,3568,1.0,0.9952227536000962]
[93938,3571,1.0,0.5158250102029212]
[76886,76883,1.0,0.9945824684490346]
[76889,76886,1.0,0.9883944200657581]
[76889,76883,1.0,0.9894360540632599]
[74175,37362,1.0,0.4512406893077657]
[76364,76019,1.0,0.43541648932703625]
[129057,63501,1.0,0.46157390051630093]
[129057,124899,1.0,0.552549778318273]
[50975,50969,1.0,0.5165911705351791]
[50975,50972,1.0,0.9688059127984292]
[50972,50969,1.0,0.9952227536000962]
[104407,75471,1.0,0.60694967260179]
[104407,75477,1.0,0.60694967260179]
[104407,75474,1.0,0.5884836117355519]
[104407,9408,1.0,0.562044497714278]
[78091,75471,1.0,0.5970534934018191]
[78091,75477,1.0,0.5970534934018191]
[78091,75474,1.0,0.5909973892270516]
[78091,18424,1.0,0.42646466722594506]
[78091,78088,1.0,0.9925226145900374]
[78091,9408,1.0,0.4888232340863114]
[118375,75477,1.0,0.4428612108497264]
[75471,72638,1.0,0.682020561789258]
[75471,11426,1.0,0.6012349743131026]
[72638,9408,1.0,0.481108300973889]
[41078,41075,1.0,0.9822060169832896]
[41078,41072,1.0,0.9918818867765093]
[75477,17356,1.0,0.5152888932401357]
[75477,30343,1.0,0.8271776478605132]
[75477,66232,1.0,0.5154636077779066]
[75477,70481,1.0,0.6648070073606392]
[75477,75471,1.0,0.9952227536000962]
[75477,23432,1.0,0.5225577344307887]
[75477,72638,1.0,0.682020561789258]
[75477,41078,1.0,0.7107069153707058]
[75477,30316,1.0,0.7122030467386474]
[75477,41075,1.0,0.7107069153707058]
[75477,13718,1.0,0.5509136633949274]
[75477,43409,1.0,0.6445397137222316]
[75477,8835,1.0,0.5793254746594376]
[75477,75474,1.0,0.9822269710117146]
[75477,67237,1.0,0.6387504941649682]
[75477,52085,1.0,0.483401196518918]
[75477,18424,1.0,0.5294350338870194]
[75477,48149,1.0,0.5796128115913215]
[75477,6645,1.0,0.6386911227966724]
[75477,22472,1.0,0.7063749895876804]
[75477,51138,1.0,0.5758665211275623]
[75477,11426,1.0,0.9234103384073044]
[75477,9408,1.0,0.7897228972499882]
[75477,41072,1.0,0.7107069153707058]
[75477,73082,1.0,0.6360753263345343]
[41075,41072,1.0,0.9891356835907431]
[84079,75477,1.0,0.8430120840533372]
[96060,75477,1.0,0.6301661417770961]
[75474,30343,1.0,0.45467157422070253]
[75474,75471,1.0,0.9677247708413654]
[75474,72638,1.0,0.7317113757806253]
[75474,11426,1.0,0.6519025805531932]
[78088,75471,1.0,0.6128942099357618]
[78088,75477,1.0,0.6128942099357618]
[78088,75474,1.0,0.6055791754513423]
[78088,18424,1.0,0.4121874193664914]
[78088,9408,1.0,0.5077258278462128]
[78200,75477,1.0,0.7746803305972844]
[115620,72638,1.0,0.41563173532132697]
[115620,75477,1.0,0.4873723612469155]
[115620,78088,1.0,0.4292710307028334]
[102256,12218,1.0,0.5008429589888914]
[112371,112365,1.0,0.9758470870469107]
[81690,6297,1.0,0.5432960831227753]
[81690,6303,1.0,0.5432960831227753]
[81690,51110,1.0,0.4272257042537259]
[81690,36469,1.0,0.4406346840029125]
[112380,112371,1.0,0.9294212693769338]
[112380,112365,1.0,0.9830431054116674]
[112380,112377,1.0,0.9742312642562292]
[112380,112374,1.0,0.9594832191711988]
[114690,36469,1.0,0.4579466427409866]
[113626,113623,1.0,0.9944393446098015]
[40904,24607,1.0,0.42292895390202095]
[6303,6297,1.0,0.9952227536000962]
[6303,6300,1.0,0.9909473678200307]
[99148,46228,1.0,0.5477025870896975]
[113623,102256,1.0,0.46493612913204796]
[113623,6297,1.0,0.40521142417490374]
[113623,41190,1.0,0.4235109852924508]
[113623,6303,1.0,0.40521142417490374]
[113623,87149,1.0,0.46114574773881434]
[113629,102256,1.0,0.44231431356883705]
[113629,41190,1.0,0.42554959413035465]
[113629,113626,1.0,0.9879009696890356]
[113629,113623,1.0,0.9925322638892284]
[113629,87149,1.0,0.4312253322566166]
[40907,40904,1.0,0.886761935841746]
[6300,6297,1.0,0.9909473678200307]
[75995,75992,1.0,0.9952227536000962]
[112377,112371,1.0,0.9730349725696018]
[112377,112365,1.0,0.9945081630075626]
[112377,112374,1.0,0.9886011323476165]
[112374,112371,1.0,0.9651851885080266]
[112374,112365,1.0,0.9923672802333737]
[87149,81690,1.0,0.4810548978176953]
[34541,34538,1.0,0.9946572280446236]
[34544,34538,1.0,0.9684589425226826]
[34544,34541,1.0,0.9554852540808054]
[97495,83234,1.0,0.42545391140025157]
[97495,22801,1.0,0.44345757392427726]
[72806,72803,1.0,0.9952227536000962]
[83234,29573,1.0,0.5175867772825392]
[72812,72806,1.0,0.9899738327441467]
[72812,72803,1.0,0.9899738327441467]
[124600,83234,1.0,0.5267646523542256]
[73796,12321,1.0,0.5796106328212192]
[72815,72806,1.0,0.9934567839627333]
[72815,72812,1.0,0.9564424296673681]
[72815,72803,1.0,0.9934567839627333]
[33746,33734,1.0,0.9575872296090326]
[33746,33740,1.0,0.8874516305804967]
[33746,33737,1.0,0.4356057026700638]
[33749,33746,1.0,0.9903630953180518]
[33749,33734,1.0,0.9834245331619386]
[33749,33740,1.0,0.9446951961845602]
[33749,33737,1.0,0.592952649491463]
[33740,33734,1.0,0.9916679602551614]
[33740,33737,1.0,0.5438750658287558]
[33737,33734,1.0,0.5682544522817143]
[37587,37584,1.0,0.9896729946981089]
[37587,37581,1.0,0.9943584858551965]
[37584,37581,1.0,0.9911457621988602]
[37593,37587,1.0,0.9780934106667017]
[37593,37584,1.0,0.9785332089053004]
[37593,37581,1.0,0.9877812743869288]
[37593,37590,1.0,0.9436724511968999]
[37590,37587,1.0,0.9622040345418172]
[37590,37584,1.0,0.9740931304771562]
[37590,37581,1.0,0.9770852295737608]
[34539,34536,1.0,0.9945658731879131]
[62682,31191,1.0,0.42182229748077776]
[125775,125772,1.0,0.9877726362494229]
[100002,8122,1.0,0.5412820214495161]
[100002,15959,1.0,0.5539609242726868]
[15959,14670,1.0,0.4182194659180042]
[34542,34539,1.0,0.9897611553409428]
[34542,34536,1.0,0.9939453078520322]
[89153,15959,1.0,0.4993724202514585]
[18498,18495,1.0,0.9952227536000962]
[48603,48600,1.0,0.9898705765406814]
[48609,48603,1.0,0.9911016135985506]
[48609,48606,1.0,0.9833707128536952]
[48609,48600,1.0,0.9884220225859676]
[61832,61826,1.0,0.9620194692203341]
[61832,61823,1.0,0.9842254251987945]
[61832,61829,1.0,0.96323738285098]
[48606,48603,1.0,0.9853341439782881]
[48606,48600,1.0,0.9930676807585843]
[61826,61823,1.0,0.988148450643207]
[61829,61826,1.0,0.9801622633617678]
[61829,61823,1.0,0.987706239241368]
[19397,19394,1.0,0.9680637999761359]
[19403,19397,1.0,0.9752898496651958]
[19403,19394,1.0,0.988970139599148]
[19403,19400,1.0,0.9856318573731242]
[83392,38611,1.0,0.407588757426737]
[19400,19397,1.0,0.9801675874578203]
[19400,19394,1.0,0.989600274614173]
[19406,19397,1.0,0.9136835175041964]
[19406,19403,1.0,0.9334269608269796]
[19406,19394,1.0,0.9697508895775255]
[19406,19400,1.0,0.9785960012516286]
[89751,89748,1.0,0.9083775705520718]
[87277,87265,1.0,0.6605624244423463]
[87277,87274,1.0,0.4661144280641362]
[87277,87271,1.0,0.6596144830965277]
[18584,18578,1.0,0.9891293458725012]
[18584,18581,1.0,0.98120110547078]
[58289,49101,1.0,0.43334686356108293]
[49101,40735,1.0,0.6414374175136387]
[49101,40732,1.0,0.5761984536065067]
[49101,18960,1.0,0.5416497561317324]
[19183,19180,1.0,0.9868374262327831]
[19183,18587,1.0,0.438884646673792]
[77225,49101,1.0,0.4314115247075409]
[118674,118671,1.0,0.8639896076515184]
[118674,118668,1.0,0.9658569972553723]
[87280,87277,1.0,0.5500553269399336]
[87280,87265,1.0,0.987700044645388]
[87280,87274,1.0,0.9675990725987251]
[87280,87268,1.0,0.9416963917145801]
[87280,87271,1.0,0.9807876331022645]
[40735,40732,1.0,0.9650417919899434]
[126066,19183,1.0,0.4734785437527492]
[126066,19180,1.0,0.409796975275463]
[126066,19186,1.0,0.409796975275463]
[98403,98400,1.0,0.9942329240683621]
[50502,19183,1.0,0.5222541690284604]
[50502,19180,1.0,0.5212123789117413]
[50502,19186,1.0,0.5212123789117413]
[108672,108669,1.0,0.9927374500728507]
[108678,108669,1.0,0.7808720650728482]
[108678,108672,1.0,0.7808720650728482]
[108678,108675,1.0,0.7287668490889786]
[108675,108669,1.0,0.9930750981066655]
[108675,108672,1.0,0.9896090756108872]
[118671,118668,1.0,0.9720599037020279]
[18581,18578,1.0,0.9914756223331858]
[87274,87265,1.0,0.9656139815577353]
[87274,87268,1.0,0.99133259848331]
[87274,87271,1.0,0.9500942302842752]
[87268,87265,1.0,0.9382698930631336]
[107323,107317,1.0,0.9941331399080218]
[107323,107320,1.0,0.9941331399080218]
[123676,107320,1.0,0.5280300695864962]
[13872,13866,1.0,0.993082199924913]
[13872,13869,1.0,0.9840647151896631]
[55909,49101,1.0,0.4249837834766139]
[71299,71296,1.0,0.9942129708818666]
[19186,19183,1.0,0.9942322398449379]
[19186,19180,1.0,0.9952227536000962]
[87271,87265,1.0,0.9946065170958023]
[87271,87268,1.0,0.9330062433077224]
[18587,18584,1.0,0.9936603941515051]
[18587,18578,1.0,0.9952227536000962]
[18587,18581,1.0,0.9914756223331858]
[118677,118674,1.0,0.6729668759782329]
[118677,118671,1.0,0.9612146438523883]
[118677,118668,1.0,0.9523880082038395]
[107326,107317,1.0,0.9891004223685389]
[107326,107323,1.0,0.9867274137772079]
[107326,107320,1.0,0.993958142263311]
[2590,2587,1.0,0.9676564757875525]
[70305,70302,1.0,0.9649131676239978]
[13869,13866,1.0,0.9938747443868814]
[107320,107317,1.0,0.9952227536000962]
[107320,16025,1.0,0.5030696763921193]
[92951,49101,1.0,0.5323971056373378]
[100879,49101,1.0,0.7688363748878007]
[100879,77225,1.0,0.44533519593074267]
[100879,40735,1.0,0.4678990758924145]
[100879,50502,1.0,0.5048927027871218]
[100879,40732,1.0,0.48449502951012674]
[100879,18960,1.0,0.4295049588465347]
[100879,55909,1.0,0.4029168816189103]
[100879,32453,1.0,0.5478101524215587]
[32453,18960,1.0,0.4129475227120256]
[111813,111807,1.0,0.9952227536000962]
[111813,111810,1.0,0.9629966749105188]
[111810,111807,1.0,0.9893775885835971]
[38092,27689,1.0,0.4377013646618897]
[36196,31225,1.0,0.42822073576830344]
[43627,38092,1.0,0.6260085918970059]
[92266,92260,1.0,0.9669656491639406]
[92266,92263,1.0,0.9398693897010691]
[92263,92260,1.0,0.9440838758605081]
[81200,81194,1.0,0.9910172948135948]
[92436,3497,1.0,0.47808532183996894]
[92436,92433,1.0,0.9865783698612128]
[92436,64025,1.0,0.6139235383051508]
[92436,92430,1.0,0.9854716332474897]
[92436,49111,1.0,0.4738761837814643]
[73049,73043,1.0,0.9946784065926364]
[73049,73046,1.0,0.8680866062192394]
[73058,73043,1.0,0.9745931147970317]
[73058,73049,1.0,0.9720314284979764]
[73058,73046,1.0,0.6672246838737727]
[73058,73055,1.0,0.9796888899899208]
[73058,73052,1.0,0.9584453889935677]
[92433,64025,1.0,0.6817685112693254]
[92433,92430,1.0,0.9934161346938717]
[71778,71775,1.0,0.6554364029627443]
[67654,67651,1.0,0.966318506912526]
[73046,73043,1.0,0.9144717277239951]
[73055,73043,1.0,0.9938289672647332]
[73055,73049,1.0,0.9931415228401609]
[73055,73046,1.0,0.8658916141213165]
[73055,73052,1.0,0.9894028928326744]
[125875,57054,1.0,0.40593782893095026]
[44249,44243,1.0,0.9952227536000962]
[44249,44246,1.0,0.9863707734172142]
[44246,44243,1.0,0.9809954589769497]
[28543,28540,1.0,0.9942819304487751]
[67657,67654,1.0,0.913793503347666]
[67657,67651,1.0,0.9881761805738833]
[28546,28543,1.0,0.8443277815970514]
[28546,28540,1.0,0.8443277815970514]
[73052,73043,1.0,0.9916975038550923]
[73052,73049,1.0,0.9942343770399977]
[73052,73046,1.0,0.8192813620589853]
[120763,120760,1.0,0.7168200332382698]
[16001,15995,1.0,0.9655574707659812]
[16001,15998,1.0,0.9389683701987889]
[28470,28467,1.0,0.9919839916101322]
[15998,15995,1.0,0.9530599975134123]
[88915,88909,1.0,0.9932592711939473]
[32419,32416,1.0,0.9952227536000962]
[28751,28736,1.0,0.9917241105770298]
[28751,28748,1.0,0.9917241105770298]
[28751,28742,1.0,0.9714744987024054]
[28751,28739,1.0,0.9838881314745267]
[28751,28745,1.0,0.6067557197022024]
[115827,74090,1.0,0.4022104372933418]
[115827,6658,1.0,0.4148667101357581]
[28748,28736,1.0,0.9952227536000962]
[28748,28742,1.0,0.9826375285795352]
[28748,28739,1.0,0.9878560879954705]
[28748,28745,1.0,0.6575268336523318]
[119442,119436,1.0,0.9952227536000962]
[75075,75072,1.0,0.9525065460131078]
[28742,28736,1.0,0.9826375285795352]
[28742,28739,1.0,0.9621209251227811]
[75078,75075,1.0,0.9021576613005948]
[75078,75072,1.0,0.9611353506571828]
[43297,6658,1.0,0.5049494193303065]
[28739,28736,1.0,0.9878560879954705]
[28745,28736,1.0,0.48182265129688784]
[28745,28742,1.0,0.4216435359496338]
[28745,28739,1.0,0.41726449837136986]
[70950,70947,1.0,0.9921136341340895]
[101484,101481,1.0,0.9083016507738672]
[101484,101478,1.0,0.979204705082129]
[29648,29642,1.0,0.9939734548566995]
[29648,29645,1.0,0.9488644491067604]
[107190,70956,1.0,0.47838261383850444]
[107190,98151,1.0,0.4738581910147284]
[107190,71811,1.0,0.49096369468506884]
[70956,70950,1.0,0.987744537917907]
[70956,39717,1.0,0.4302132891328537]
[70956,70953,1.0,0.9770265958253115]
[70956,70947,1.0,0.9895200950705391]
[70956,66734,1.0,0.576945757907403]
[70956,51974,1.0,0.5946953373723299]
[70956,29651,1.0,0.6506626627942985]
[98151,75962,1.0,0.45280142625241465]
[101481,101478,1.0,0.8528197592369352]
[114462,70956,1.0,0.5142127582546612]
[114462,114459,1.0,0.9728760650898555]
[83603,29651,1.0,0.5361956340661755]
[55566,29651,1.0,0.5219751433740948]
[55566,33837,1.0,0.6487019622979475]
[70953,70950,1.0,0.980509570635422]
[70953,70947,1.0,0.9831560588401489]
[66734,34605,1.0,0.4246397450734979]
[51974,37010,1.0,0.5014789855982505]
[51974,17392,1.0,0.490996560106825]
[29651,29642,1.0,0.9910525421907409]
[29651,29648,1.0,0.9684077046464642]
[29651,29645,1.0,0.9575322097356108]
[117849,70956,1.0,0.41089335326881526]
[33834,33831,1.0,0.9911115793587988]
[70959,70950,1.0,0.9804624414252737]
[70959,70956,1.0,0.9679669098904958]
[70959,70953,1.0,0.9425736103730282]
[70959,70947,1.0,0.9808753060074469]
[33837,33831,1.0,0.9585948232830833]
[33837,33834,1.0,0.9363811791279569]
[33837,29645,1.0,0.40862681493342634]
[29645,29642,1.0,0.9575322097356108]
[29654,29642,1.0,0.9939734548566995]
[29654,29648,1.0,0.9908706246641223]
[29654,29651,1.0,0.9888353892193932]
[29654,29645,1.0,0.9488644491067604]
[33843,33831,1.0,0.9930676807585843]
[33843,33834,1.0,0.9875456147973548]
[33843,33837,1.0,0.9410631463859017]
[26694,26573,1.0,0.4590068023338879]
[26694,26576,1.0,0.409122893310629]
[26579,26573,1.0,0.9933269686831414]
[26579,26576,1.0,0.7546118975303724]
[111793,111790,1.0,0.9940396568789889]
[26697,26694,1.0,0.9945194946989725]
[26697,26573,1.0,0.4752787308865068]
[26697,26576,1.0,0.42434883214647007]
[9636,9633,1.0,0.9550930405288566]
[1560,1551,1.0,0.9794979706191342]
[1560,1554,1.0,0.8692518739347529]
[1560,1557,1.0,0.9566378481649745]
[65021,26579,1.0,0.4440491262214602]
[111805,111790,1.0,0.9671212384955776]
[111805,111793,1.0,0.9671212384955776]
[111805,111799,1.0,0.9709725541181822]
[111805,111802,1.0,0.950102651770625]
[26576,26573,1.0,0.7607766265092138]
[111799,111790,1.0,0.993833290446873]
[111799,111793,1.0,0.9923080913183019]
[80219,80216,1.0,0.9945658731879131]
[111802,111790,1.0,0.9806364602681393]
[111802,111793,1.0,0.9806364602681393]
[111802,111799,1.0,0.9874600241259963]
[1554,1551,1.0,0.9695943686080654]
[25254,25251,1.0,0.9892008154209376]
[9639,9636,1.0,0.975889105611894]
[9639,9633,1.0,0.9909178282571507]
[1557,1551,1.0,0.988148450643207]
[1557,1554,1.0,0.8579623242829898]
[26700,26694,1.0,0.9815161088497429]
[26700,26697,1.0,0.97062431617125]
[26700,26573,1.0,0.43792752124895523]
[100348,100345,1.0,0.9925468645354409]
[102648,37614,1.0,0.6180854498111644]
[130797,130794,1.0,0.9435757433873435]
[130800,130797,1.0,0.6524241364599445]
[130800,130794,1.0,0.9277453222260372]
[76774,76771,1.0,0.9952227536000962]
[76777,76774,1.0,0.9944170522267095]
[76777,62477,1.0,0.5534771680952244]
[76777,76771,1.0,0.9944170522267095]
[79216,76777,1.0,0.5863249188408867]
[104856,104853,1.0,0.9385673557231895]
[104856,104850,1.0,0.9900592205763161]
[104853,104850,1.0,0.9385673557231895]
[5268,5265,1.0,0.9952227536000962]
[5271,5265,1.0,0.9952227536000962]
[5271,5268,1.0,0.9952227536000962]
[81160,81157,1.0,0.9915964436623776]
[81163,81157,1.0,0.9931484548490003]
[81163,81160,1.0,0.9924593024445353]
[75948,72500,1.0,0.48180644468535416]
[75948,75945,1.0,0.9612855759635864]
[89045,89042,1.0,0.9900850340350941]
[86669,86666,1.0,0.961080493009542]
[75945,72500,1.0,0.6216359637991593]
[12245,12242,1.0,0.9917038292066669]
[110875,110872,1.0,0.9087003605815412]
[110875,110869,1.0,0.9721599819387186]
[58232,54890,1.0,0.425980423072537]
[80248,38784,1.0,0.5142960048671]
[80248,80242,1.0,0.9769276959049423]
[80248,80245,1.0,0.9631125729026274]
[80242,38784,1.0,0.5080621816768731]
[110872,110869,1.0,0.9547121827570723]
[12638,12635,1.0,0.9259724745489762]
[25364,25361,1.0,0.9822750814405513]
[102249,102246,1.0,0.9842334868322035]
[37606,37603,1.0,0.9910022673559616]
[102325,58232,1.0,0.5566549011564862]
[25370,25364,1.0,0.9541479260007806]
[25370,25361,1.0,0.9806473297306403]
[25370,25367,1.0,0.9363852456271935]
[25367,25364,1.0,0.9713775839551511]
[25367,25361,1.0,0.9763173829810204]
[80245,38784,1.0,0.4823139219366647]
[80245,80242,1.0,0.9893793524958812]
[54893,54890,1.0,0.9936220614614262]
[119296,119293,1.0,0.9828946572860252]
[112603,627,1.0,0.4094881680900254]
[112603,8306,1.0,0.5200505230868671]
[14882,14879,1.0,0.9899925114060135]
[11235,627,1.0,0.5164883078240571]
[7828,7822,1.0,0.9933607062578763]
[7828,7825,1.0,0.9869450840270104]
[7825,7822,1.0,0.9929984661036967]
[83987,83981,1.0,0.9938647243311929]
[83987,83984,1.0,0.9813460729408696]
[83993,83987,1.0,0.9938647243311929]
[83993,75923,1.0,0.7532523705905404]
[83993,83981,1.0,0.9952227536000962]
[83993,41740,1.0,0.5479762720716538]
[83993,83984,1.0,0.9851281100581999]
[83993,41743,1.0,0.5246925800040297]
[83993,70235,1.0,0.6183828699654448]
[83984,83981,1.0,0.9851281100581999]
[90133,83993,1.0,0.6777979466497952]
[41743,41740,1.0,0.9949785116292866]
[119875,119872,1.0,0.9952227536000962]
[119875,43320,1.0,0.41782586999730037]
[65931,65928,1.0,0.9775295315125129]
[65931,65925,1.0,0.9878607423534803]
[74322,3691,1.0,0.5619231153638478]
[74322,39174,1.0,0.4671655695617643]
[118821,118815,1.0,0.9946149626479851]
[118821,118818,1.0,0.9716964481819487]
[108360,6326,1.0,0.47717925636292235]
[108360,74322,1.0,0.47219325523318484]
[108360,6329,1.0,0.40616961789907136]
[108360,108357,1.0,0.993958142263311]
[108360,6332,1.0,0.49129393086789136]
[108360,55860,1.0,0.4631909452720456]
[93801,93798,1.0,0.8454902467672897]
[93801,93795,1.0,0.9952227536000962]
[93798,74322,1.0,0.4277917676680388]
[93798,93795,1.0,0.6621711803011754]
[6329,6326,1.0,0.9083484511287213]
[6332,6326,1.0,0.9905564682541387]
[6332,6329,1.0,0.9631241441190356]
[56235,56232,1.0,0.9952227536000962]
[118818,118815,1.0,0.9504898011327761]
[55860,6408,1.0,0.44608027458045146]
[55860,43320,1.0,0.47341789353824326]
[74146,6408,1.0,0.6493982151834791]
[127434,127431,1.0,0.9804803957047131]
[74155,6408,1.0,0.5012447038858775]
[74155,74146,1.0,0.9783254588067185]
[74155,74149,1.0,0.959549994083334]
[67977,7930,1.0,0.4096628701225344]
[65928,65925,1.0,0.9926278674655746]
[97216,60932,1.0,0.4376796249883574]
[43320,6326,1.0,0.4946958975812186]
[43320,6329,1.0,0.5143835355365222]
[43320,6332,1.0,0.47958144439400086]
[86435,86432,1.0,0.9890080808215632]
[74149,6408,1.0,0.637114360853384]
[74149,74146,1.0,0.9886976786756018]
[74158,74146,1.0,0.7122258811578871]
[74158,74155,1.0,0.5350536507616032]
[74158,74149,1.0,0.5784759527581903]
[35867,35864,1.0,0.992267119561322]
[101667,43320,1.0,0.6738472448446121]
[127440,127431,1.0,0.9952227536000962]
[127440,127434,1.0,0.9804803957047131]
[75065,75062,1.0,0.9905564682541387]
[75065,75059,1.0,0.9952227536000962]
[75065,4645,1.0,0.4115738696742175]
[49314,49311,1.0,0.7715381357740235]
[81680,81677,1.0,0.990515878461667]
[81680,21118,1.0,0.5163334718432867]
[49317,49314,1.0,0.8107952950292117]
[49317,49311,1.0,0.992618336087149]
[86424,86415,1.0,0.8470349145216731]
[86424,86421,1.0,0.7203139173995755]
[95796,9674,1.0,0.4295036478457769]
[75062,75059,1.0,0.9854482705971164]
[49320,49314,1.0,0.7075330570421229]
[49320,49317,1.0,0.9869662470102346]
[49320,49311,1.0,0.9869662470102346]
[81677,21118,1.0,0.5163334718432867]
[118999,118996,1.0,0.9729529599445066]
[11763,9674,1.0,0.49285921484051864]
[75068,75065,1.0,0.9909531211904119]
[75068,75062,1.0,0.9736388358746538]
[75068,75059,1.0,0.9909531211904119]
[40129,9674,1.0,0.4264423426828441]
[40129,21118,1.0,0.4720843574965245]
[86421,86415,1.0,0.9916976866416192]
[86421,86418,1.0,0.8151380226785341]
[86418,86415,1.0,0.8568494792835815]
[90455,40129,1.0,0.44599733187018603]
[90455,17665,1.0,0.4218034219627244]
[122520,122514,1.0,0.9952227536000962]
[122520,122517,1.0,0.9877812743869288]
[122517,122514,1.0,0.9877812743869288]
[68990,68987,1.0,0.9895707056247579]
[98104,47808,1.0,0.4573503795798838]
[32956,32950,1.0,0.9908816929606714]
[83594,83588,1.0,0.9952227536000962]
[83594,83591,1.0,0.993833290446873]
[64844,47808,1.0,0.5068867290045989]
[83591,83588,1.0,0.9919288269622809]
[83597,83588,1.0,0.9923780235864583]
[83597,83594,1.0,0.9923780235864583]
[83597,83591,1.0,0.9875203225692455]
[32959,32956,1.0,0.9769101279671957]
[32959,32950,1.0,0.9874882310208049]
[38061,24812,1.0,0.4787718621304472]
[121815,62875,1.0,0.49947035876026513]
[9471,9468,1.0,0.9803476825904557]
[9471,5883,1.0,0.4800712073436525]
[9471,9465,1.0,0.9952227536000962]
[9468,9465,1.0,0.7873688422841378]
[5903,5900,1.0,0.8882219048011402]
[5906,5903,1.0,0.8575760109288777]
[5906,5900,1.0,0.9314236200342237]
[5909,5903,1.0,0.8482771822501991]
[5909,5900,1.0,0.9884976622176969]
[5909,5906,1.0,0.6850462982884904]
[84092,84089,1.0,0.9757125057408461]
[84095,84092,1.0,0.9614850991168207]
[84095,84089,1.0,0.9913719155278211]
[79353,25366,1.0,0.46698586789719393]
[73140,25366,1.0,0.6147446166525816]
[88481,25366,1.0,0.6045734024960167]
[62440,62437,1.0,0.9911109700430907]
[62440,25366,1.0,0.4675812575668657]
[66733,25366,1.0,0.5285546084594698]
[62446,62440,1.0,0.9708314947165543]
[62446,62437,1.0,0.9939287085123063]
[62446,25366,1.0,0.4974535933088063]
[62446,62443,1.0,0.9638781758123691]
[122014,25366,1.0,0.4261901311398431]
[26848,25366,1.0,0.5073952169933142]
[25090,25087,1.0,0.9952227536000962]
[62437,25366,1.0,0.49051786417508547]
[25366,22478,1.0,0.501133187583485]
[71069,25366,1.0,0.4411097792292277]
[32196,25366,1.0,0.4795490222158472]
[61964,25366,1.0,0.5463050253296501]
[62519,25366,1.0,0.46962814365436917]
[58029,25366,1.0,0.579932672063976]
[25093,25087,1.0,0.9933607062578763]
[25093,25090,1.0,0.9933607062578763]
[26465,25366,1.0,0.5398154695805671]
[66132,28106,1.0,0.5286641437828414]
[66132,25366,1.0,0.4652849288506818]
[105481,25366,1.0,0.5291430641446424]
[32202,25366,1.0,0.5025578628801732]
[32202,32196,1.0,0.9115826204700584]
[125827,66407,1.0,0.43762128340650686]
[48401,25090,1.0,0.474877248867956]
[25983,25090,1.0,0.4134861542534778]
[25983,25366,1.0,0.5753579515207683]
[25096,25087,1.0,0.9330150753390881]
[25096,25090,1.0,0.9435757433873435]
[25096,25093,1.0,0.914459368954683]
[62443,62440,1.0,0.8777654701768232]
[62443,62437,1.0,0.9698762889492096]
[62443,25366,1.0,0.47120971517553467]
[78650,25366,1.0,0.5327238625165069]
[41962,21851,1.0,0.5312433973775675]
[14830,14827,1.0,0.9922323843947127]
[50286,50283,1.0,0.9950492062368131]
[37012,21851,1.0,0.4089635005325336]
[37015,21851,1.0,0.440733193976437]
[37015,37012,1.0,0.9520821697537749]
[37021,37012,1.0,0.977654719923328]
[37021,37015,1.0,0.8342233088027546]
[37021,37018,1.0,0.9650126796864876]
[37018,21851,1.0,0.4089635005325336]
[37018,37012,1.0,0.9921053566973878]
[37018,37015,1.0,0.930088188887177]
[82985,82982,1.0,0.9877726362494229]
[47041,47035,1.0,0.9884323281246554]
[47041,47038,1.0,0.9884323281246554]
[59974,27013,1.0,0.40520065543670086]
[17870,5444,1.0,0.7342121102604272]
[47038,47035,1.0,0.9952227536000962]
[37103,37100,1.0,0.9074237489054574]
[37106,37103,1.0,0.884731880019063]
[37106,37100,1.0,0.9910304312154885]
[78550,67404,1.0,0.5436093778084556]
[9482,9479,1.0,0.9877812743869288]
[114151,92434,1.0,0.4772850790309527]
[114151,1713,1.0,0.5498435667672786]
[114151,11455,1.0,0.40259966688317933]
[63168,14116,1.0,0.49170417014283857]
[80412,1713,1.0,0.5177028305055971]
[103647,53843,1.0,0.45370968413574353]
[72752,68546,1.0,0.5564539575719876]
[72752,72749,1.0,0.9630048042684329]
[72752,72746,1.0,0.988140086313413]
[72752,72743,1.0,0.9940141113486761]
[72749,68546,1.0,0.6573032198122543]
[72749,72746,1.0,0.932505428971706]
[72749,72743,1.0,0.9610415773636063]
[74003,68546,1.0,0.44693511036667577]
[74003,74000,1.0,0.9797133207370916]
[53843,14821,1.0,0.4311899434233413]
[74006,68546,1.0,0.4181109338290032]
[74006,74003,1.0,0.9642673614915848]
[74006,74000,1.0,0.984922401931146]
[121941,53843,1.0,0.4088452200075588]
[74000,68546,1.0,0.4382565760090636]
[122079,122070,1.0,0.9450217606211203]
[122079,122076,1.0,0.9189675557639413]
[122079,122073,1.0,0.9109432210402634]
[122076,122070,1.0,0.9803977727449131]
[122076,122073,1.0,0.9580225236619389]
[122073,122070,1.0,0.9856379713891603]
[72746,68546,1.0,0.5564539575719876]
[72746,72743,1.0,0.9904170844565569]
[72743,68546,1.0,0.5564539575719876]
[64582,64573,1.0,0.9899079378881928]
[64582,64579,1.0,0.9627639976203467]
[64582,64576,1.0,0.9792698162412443]
[64579,64573,1.0,0.9799021989125739]
[64579,64576,1.0,0.9592610811795634]
[64576,64573,1.0,0.9880220473501452]
[108801,108798,1.0,0.9900592205763161]
[108807,108798,1.0,0.9227312149872731]
[108807,108801,1.0,0.8936515339625204]
[108807,108804,1.0,0.8602730329567431]
[108804,108798,1.0,0.9892819917996648]
[108804,108801,1.0,0.9784057863866166]
[23625,23622,1.0,0.9561443736566869]
[5225,5222,1.0,0.9599795512402783]
[17772,17766,1.0,0.9481728826287206]
[87365,41239,1.0,0.44008773625492]
[87365,73424,1.0,0.446828497821134]
[87365,18884,1.0,0.4230242142943711]
[131793,131787,1.0,0.9694932806315548]
[41239,18884,1.0,0.4253104083901134]
[60552,60549,1.0,0.9879694010261663]
[125962,89749,1.0,0.4457654774364002]
[108655,108649,1.0,0.9887577216829567]
[108655,108646,1.0,0.993460272383517]
[108655,108652,1.0,0.9609783814370038]
[124149,10982,1.0,0.5430885969621413]
[124149,51753,1.0,0.5096013549603445]
[124149,78807,1.0,0.4240724479409929]
[108649,108646,1.0,0.9943305873712188]
[42288,42285,1.0,0.9877602619838823]
[60555,60552,1.0,0.9663167732172606]
[60555,60549,1.0,0.9849714982527876]
[124557,124149,1.0,0.4484388022711701]
[10494,10491,1.0,0.9808337205563546]
[73558,73555,1.0,0.9908397224750475]
[89749,1112,1.0,0.41097040840310506]
[73424,41239,1.0,0.4210351043423835]
[108652,108649,1.0,0.9477137166358487]
[108652,108646,1.0,0.9694977359694635]
[125776,9900,1.0,0.5695253407566548]
[103488,103485,1.0,0.967786868802611]
[83962,58903,1.0,0.5009195630732979]
[131796,131793,1.0,0.9392471603211797]
[131796,131787,1.0,0.9905564682541387]
[39901,39898,1.0,0.9902913432757028]
[115003,114997,1.0,0.9916975038550923]
[115003,115000,1.0,0.9843854281128174]
[88704,88701,1.0,0.9911228876444816]
[117273,6361,1.0,0.40983287968256793]
[16258,16255,1.0,0.9770165309849426]
[16258,16249,1.0,0.9859154203402282]
[94150,94147,1.0,0.9919839916101322]
[110520,81328,1.0,0.5280269795014727]
[110520,110517,1.0,0.9937807051809457]
[110520,110514,1.0,0.9937807051809457]
[99436,99433,1.0,0.9683358413069586]
[16255,16249,1.0,0.9917073859627048]
[132553,80424,1.0,0.5163107110344024]
[110517,81328,1.0,0.5280269795014727]
[110517,110514,1.0,0.9952227536000962]
[96016,96010,1.0,0.9944660782509854]
[37620,37617,1.0,0.9911457621988602]
[110514,81328,1.0,0.5280269795014727]
[115000,114997,1.0,0.9905564682541387]
[88707,88704,1.0,0.9911228876444816]
[88707,88701,1.0,0.9952227536000962]
[111559,111556,1.0,0.9861647312577699]
[111559,15942,1.0,0.4509101872877917]
[111556,15942,1.0,0.4660862044015692]
[103837,103834,1.0,0.9946052414762938]
[55982,55979,1.0,0.7238374213139858]
[55985,55982,1.0,0.8728131646825406]
[55985,55979,1.0,0.9796717564003197]
[222,213,1.0,0.9904844431418558]
[222,216,1.0,0.9904844431418558]
[103840,103837,1.0,0.9238947583260178]
[103840,103834,1.0,0.9283749410846467]
[103840,67819,1.0,0.4051532794759946]
[132066,67819,1.0,0.4395362721850632]
[216,213,1.0,0.9952227536000962]
[52882,216,1.0,0.41728649083267316]
[19060,19057,1.0,0.977654719923328]
[103617,103614,1.0,0.9562165866482285]
[63356,63353,1.0,0.99219243972704]
[19063,19060,1.0,0.977654719923328]
[19063,19057,1.0,0.9797933367725749]
[66344,66338,1.0,0.9952227536000962]
[66344,66341,1.0,0.993958142263311]
[66341,66338,1.0,0.993958142263311]
[128704,128701,1.0,0.9672669271944505]
[98631,63356,1.0,0.47759853150884374]
[79105,79102,1.0,0.9952227536000962]
[66404,66401,1.0,0.8530139418442331]
[66404,66398,1.0,0.9187787630148765]
[66401,66398,1.0,0.987700044645388]
[22406,22400,1.0,0.9901918127542898]
[27905,11782,1.0,0.4948999506819456]
[27905,27902,1.0,0.9952227536000962]
[106743,106734,1.0,0.9926297125923712]
[106743,106740,1.0,0.6806512467105605]
[106743,106737,1.0,0.9926297125923712]
[12940,12937,1.0,0.9921319581968403]
[27902,11782,1.0,0.4948999506819456]
[106740,106734,1.0,0.6871450933279737]
[106740,106737,1.0,0.6871450933279737]
[97456,24194,1.0,0.4118134867813599]
[27908,27905,1.0,0.9916975038550923]
[27908,11782,1.0,0.4948999506819456]
[27908,27902,1.0,0.9916975038550923]
[106737,106734,1.0,0.9952227536000962]
[77086,30709,1.0,0.6241720815680823]
[92312,30709,1.0,0.43429710045588893]
[29667,29658,1.0,0.994133150892806]
[29667,29664,1.0,0.9850358401455641]
[29667,29661,1.0,0.7097987750172963]
[29670,29658,1.0,0.9909987000162103]
[29670,29667,1.0,0.9762686819470995]
[29670,29664,1.0,0.9780376737368113]
[29670,29661,1.0,0.6794409800130085]
[29673,29658,1.0,0.9922323843947127]
[29673,29667,1.0,0.9788917958560254]
[29673,29670,1.0,0.985744870832178]
[29673,29664,1.0,0.9802260976623136]
[29673,29661,1.0,0.7198785042173209]
[112150,30709,1.0,0.5654548620874414]
[71394,30709,1.0,0.42814641186191044]
[29664,29658,1.0,0.9841720050882057]
[29664,29661,1.0,0.6406741743180383]
[30709,23314,1.0,0.770914353815474]
[30709,20129,1.0,0.5438572645076266]
[30709,30706,1.0,0.9899111750471966]
[30709,20786,1.0,0.414990522992121]
[30709,24092,1.0,0.6556413919202863]
[30709,6076,1.0,0.5785153612055419]
[106180,30709,1.0,0.5436807155842827]
[41821,30709,1.0,0.4523766842642493]
[30706,20786,1.0,0.4341007335265151]
[44986,30709,1.0,0.5384738041120478]
[113131,30709,1.0,0.5752953728929924]
[112873,30709,1.0,0.42416851807990275]
[29661,29658,1.0,0.7402781406566425]
[68323,30709,1.0,0.47137498380337567]
[85732,30709,1.0,0.5692209983809439]
[126904,126898,1.0,0.9876333274084264]
[47525,30709,1.0,0.4309131396791548]
[30367,2125,1.0,0.5670377171757705]
[57637,57634,1.0,0.9923208045933348]
[5250,5244,1.0,0.9934100242765195]
[122170,122167,1.0,0.9952227536000962]
[75655,75649,1.0,0.980215509266188]
[75655,75652,1.0,0.9793679640511115]
[75652,75649,1.0,0.9935047841791984]
[64522,64519,1.0,0.9758814105661802]
[64525,64522,1.0,0.948008047837523]
[64525,64519,1.0,0.9894832625419011]
[82834,29617,1.0,0.49601135702876004]
[82834,29605,1.0,0.5090602816661616]
[82834,45897,1.0,0.46200690011376183]
[113008,107509,1.0,0.4700875422075956]
[27450,10451,1.0,0.40282530153999707]
[33334,31142,1.0,0.5918368371152166]
[39478,39466,1.0,0.9892094968914462]
[39478,39475,1.0,0.9892094968914462]
[39478,39469,1.0,0.9878357751847451]
[39478,39472,1.0,0.9800006202499187]
[119955,119952,1.0,0.9910445834144138]
[122298,22679,1.0,0.40454083076449343]
[122298,50685,1.0,0.407529229699943]
[34234,34231,1.0,0.6738924839200494]
[39475,39466,1.0,0.9952227536000962]
[39475,39469,1.0,0.9934622171590708]
[39475,39472,1.0,0.9905603782847903]
[34237,34234,1.0,0.6216552231128508]
[34237,34231,1.0,0.9816301588439045]
[4934,4931,1.0,0.9750311472509947]
[119958,119955,1.0,0.9263529653976716]
[119958,119952,1.0,0.9588852148945104]
[119961,119955,1.0,0.9827729454490965]
[119961,119958,1.0,0.8819458113499247]
[119961,119952,1.0,0.9827461634773411]
[92314,22679,1.0,0.40585028268891954]
[39469,39466,1.0,0.974834097955922]
[39472,39466,1.0,0.9893111799006615]
[39472,39469,1.0,0.9858055699588938]
[28550,28544,1.0,0.9455179165409142]
[28547,28544,1.0,0.5488842970445539]
[72831,72822,1.0,0.9872654584950318]
[72831,72825,1.0,0.9775332896442576]
[72831,72828,1.0,0.9817286317920717]
[62009,62003,1.0,0.9832932900980849]
[20397,20385,1.0,0.9948031445632672]
[20397,20394,1.0,0.9910302661123456]
[62012,62009,1.0,0.950381097569267]
[62012,62003,1.0,0.9249762415639894]
[72825,72822,1.0,0.9911457621988602]
[96939,96936,1.0,0.9900741440345397]
[72834,72831,1.0,0.98415727415551]
[72834,72822,1.0,0.9950492062368131]
[72834,72825,1.0,0.9908943244926873]
[72834,72828,1.0,0.9950492062368131]
[20827,20821,1.0,0.9943027415112606]
[46930,46927,1.0,0.9941331399080218]
[72828,72822,1.0,0.9929945970442641]
[72828,72825,1.0,0.9872624823258412]
[20394,20385,1.0,0.9870951571652614]
[118903,118900,1.0,0.9397766533815606]
