[41121,41118,1.0,0.9952227536000962]
[41124,41121,1.0,0.9882094482810354]
[41124,41118,1.0,0.9882094482810354]
[41127,41121,1.0,0.9195792147295027]
[41127,41124,1.0,0.9544574697153021]
[41127,41118,1.0,0.9195792147295027]
[70200,70197,1.0,0.9928756864963941]
[70206,70200,1.0,0.991595676444185]
[70206,70197,1.0,0.9943384210256048]
[70206,70203,1.0,0.9521203526109085]
[81844,81838,1.0,0.9802704610270954]
[119469,74261,1.0,0.4602395884646127]
[81847,81838,1.0,0.9891164748499857]
[81847,81844,1.0,0.981526250395462]
[70203,70200,1.0,0.9584582954284078]
[70203,70197,1.0,0.9584582954284078]
[46163,46157,1.0,0.9724055505917337]
[46163,46160,1.0,0.5883851217992535]
[119295,119292,1.0,0.9952227536000962]
[33816,33813,1.0,0.9777076533457498]
[60242,12671,1.0,0.4003906487213201]
[12671,12668,1.0,0.9883204519295429]
[83897,83894,1.0,0.9952227536000962]
[33819,33813,1.0,0.976019160117871]
[33819,33816,1.0,0.957738235740629]
[46160,46157,1.0,0.8415312208506922]
[52649,13235,1.0,0.4996715018327903]
[68265,13235,1.0,0.6490775530525607]
[58557,13235,1.0,0.668033090928236]
[58557,11660,1.0,0.40993651587359997]
[127488,13235,1.0,0.693170283301718]
[127488,11660,1.0,0.576691304882873]
[77457,11654,1.0,0.48277315405193416]
[77457,13238,1.0,0.5945556297878748]
[77457,71360,1.0,0.6209149775830672]
[77457,11657,1.0,0.5769344430401618]
[77457,13232,1.0,0.5836381830604123]
[77457,13226,1.0,0.5836381830604123]
[77457,13235,1.0,0.5836381830604123]
[77457,11660,1.0,0.5107070871993357]
[77457,11651,1.0,0.4763549479057601]
[77457,13229,1.0,0.4219267242469217]
[77457,126,1.0,0.44276936600505534]
[108199,13235,1.0,0.7630673567951998]
[108199,11660,1.0,0.44243193986287893]
[82795,13235,1.0,0.5934621888349983]
[15010,13238,1.0,0.45875218169193815]
[15010,13232,1.0,0.45875218169193815]
[15010,13226,1.0,0.45875218169193815]
[15010,13235,1.0,0.8896731917202644]
[11654,11651,1.0,0.9937374522518729]
[63847,13235,1.0,0.8031771136208233]
[1890,1887,1.0,0.8447596349862081]
[1890,1884,1.0,0.8570249104903966]
[100267,100261,1.0,0.8242974984400679]
[100267,100264,1.0,0.8092756808060318]
[100267,13235,1.0,0.52746252912164]
[100267,11660,1.0,0.41483351050211903]
[13238,13232,1.0,0.990518935773228]
[13238,13226,1.0,0.9933011955181132]
[13238,13235,1.0,0.9843893583618863]
[13238,11660,1.0,0.744672502726097]
[13238,13229,1.0,0.9746757540734214]
[96738,13235,1.0,0.6435494004714876]
[96738,11660,1.0,0.6443263289792567]
[74745,13235,1.0,0.4385628230891134]
[74745,11660,1.0,0.4628816722710519]
[131391,75162,1.0,0.496738053751485]
[93952,11654,1.0,0.5725150389368632]
[93952,13238,1.0,0.7470089744527927]
[93952,11657,1.0,0.6125109207347128]
[93952,13232,1.0,0.7582534840719655]
[93952,93949,1.0,0.9543461876144897]
[93952,13226,1.0,0.7582534840719655]
[93952,13235,1.0,0.6993187984003626]
[93952,11660,1.0,0.5725150389368632]
[93952,11651,1.0,0.581655691189055]
[93952,13229,1.0,0.6065740970089016]
[42013,13235,1.0,0.6343388515341604]
[42013,11660,1.0,0.5207753442869352]
[71360,13235,1.0,0.5974221038522083]
[71360,11660,1.0,0.4069174826107591]
[122985,13235,1.0,0.6165393341365378]
[11657,11654,1.0,0.9939489093235349]
[11657,11651,1.0,0.9946572280446236]
[21197,13235,1.0,0.6784809064275228]
[21197,11660,1.0,0.5676767875569271]
[80411,13235,1.0,0.4927959790972734]
[13232,13226,1.0,0.9931446409763284]
[13232,11660,1.0,0.779790777926244]
[13232,13229,1.0,0.9668833427554144]
[115678,11660,1.0,0.4268537984720627]
[76537,13235,1.0,0.7081332360640324]
[76537,11660,1.0,0.505174427013239]
[93949,13235,1.0,0.6328460032030625]
[93949,11660,1.0,0.5359872800604368]
[100261,13235,1.0,0.52746252912164]
[100261,11660,1.0,0.5054975890098273]
[51954,13235,1.0,0.6465297998139924]
[45670,13235,1.0,0.5738340957816912]
[45670,11660,1.0,0.5195981375006173]
[54846,13235,1.0,0.6022364157134458]
[54846,11660,1.0,0.45657511850341603]
[100264,100261,1.0,0.9817807320124357]
[100264,13235,1.0,0.52746252912164]
[100264,11660,1.0,0.48939314734636297]
[90479,13238,1.0,0.6526471155786318]
[90479,11657,1.0,0.4974810032485749]
[90479,13232,1.0,0.6526471155786318]
[90479,13226,1.0,0.6526471155786318]
[90479,13235,1.0,0.6526471155786318]
[90479,11651,1.0,0.4064080192053679]
[13226,11660,1.0,0.779790777926244]
[47613,13235,1.0,0.40364464720306475]
[13235,8731,1.0,0.8231490482818619]
[13235,11654,1.0,0.7248878306331906]
[13235,11657,1.0,0.79825176744265]
[13235,13232,1.0,0.9877726362494229]
[13235,13226,1.0,0.9877726362494229]
[13235,9754,1.0,0.6032356151500808]
[13235,11660,1.0,0.7248878306331906]
[13235,7718,1.0,0.816628098509424]
[13235,11651,1.0,0.7248878306331906]
[13235,13229,1.0,0.9504064086812292]
[13235,126,1.0,0.6338364848882176]
[13235,1030,1.0,0.5611780304931322]
[26673,13235,1.0,0.6269711172657756]
[26673,11660,1.0,0.5443581479279677]
[75162,1890,1.0,0.4108328280836239]
[75162,62159,1.0,0.49108078016764034]
[75162,47613,1.0,0.44965509956186506]
[75162,1884,1.0,0.43480309181305954]
[20346,13235,1.0,0.6348852495618581]
[20346,11660,1.0,0.4480400282232615]
[23663,13235,1.0,0.7870717219323681]
[23663,11660,1.0,0.4394183542967417]
[117616,13235,1.0,0.6411978565262051]
[117616,11660,1.0,0.49034998956155385]
[11660,11654,1.0,0.9868474468701884]
[11660,11657,1.0,0.9847123723231972]
[11660,7718,1.0,0.5429280211291361]
[11660,11651,1.0,0.9850318328043232]
[11660,126,1.0,0.5853673963975985]
[11660,1030,1.0,0.429002849348088]
[120589,13235,1.0,0.8291295553725964]
[18158,13235,1.0,0.48309378052271507]
[18158,11660,1.0,0.4327802706307205]
[54189,13238,1.0,0.4155244305866692]
[54189,13232,1.0,0.4429475592807559]
[54189,13226,1.0,0.4429475592807559]
[54189,13235,1.0,0.8966559762288032]
[54189,11660,1.0,0.6949348772742445]
[40020,13235,1.0,0.5830527332297785]
[40020,11660,1.0,0.6082641025169572]
[48308,13235,1.0,0.6627489325905699]
[48308,11660,1.0,0.4250106347711816]
[57611,13235,1.0,0.7040168979382406]
[57611,11660,1.0,0.5003774148839414]
[20661,13235,1.0,0.7867158237115729]
[96753,77457,1.0,0.4979995163915009]
[96753,13235,1.0,0.508191162592921]
[96753,11660,1.0,0.5210444699763689]
[63149,13235,1.0,0.625467548330107]
[63149,11660,1.0,0.5140270250518186]
[31965,13235,1.0,0.6574760417299292]
[31965,11660,1.0,0.5780782831501268]
[18618,13235,1.0,0.623321836554633]
[18618,11660,1.0,0.6072817776426643]
[57121,13235,1.0,0.8547061165210055]
[1887,1884,1.0,0.9784613774260726]
[79681,13235,1.0,0.5638941526545298]
[57182,13235,1.0,0.6166792702602891]
[57182,11660,1.0,0.4299505008192487]
[13229,13226,1.0,0.9740931304771562]
[13229,11660,1.0,0.683705941970328]
[114336,13235,1.0,0.6085995105183992]
[114336,11660,1.0,0.4980997431012743]
[89030,13235,1.0,0.7117948778134043]
[89030,11660,1.0,0.4355853231640715]
[17000,9133,1.0,0.5487829512741176]
[20130,20124,1.0,0.9649131676239978]
[20133,20130,1.0,0.9130488682783517]
[20133,20124,1.0,0.9859369605433117]
[66104,66101,1.0,0.9871567440756661]
[66104,66098,1.0,0.9828602376624167]
[59050,59047,1.0,0.9909728179801929]
[126550,6090,1.0,0.4550096458985932]
[23190,9133,1.0,0.45838997959612326]
[20136,20130,1.0,0.9220799847053114]
[20136,20133,1.0,0.9655686337923792]
[20136,20124,1.0,0.9874651605948294]
[66101,66098,1.0,0.9934637941520884]
[8223,8220,1.0,0.992118598480181]
[8226,8220,1.0,0.9832695446687538]
[8226,8223,1.0,0.9732644938587937]
[82347,82341,1.0,0.9952227536000962]
[82347,82344,1.0,0.9952227536000962]
[82344,82341,1.0,0.9952227536000962]
[75201,75198,1.0,0.9793312449467435]
[131953,130396,1.0,0.4321953286452418]
[67561,67558,1.0,0.8933306508140042]
[105126,105123,1.0,0.9551497443188914]
[34979,34973,1.0,0.9924229130625422]
[34979,34970,1.0,0.9952227536000962]
[130396,31629,1.0,0.4277812825046666]
[130396,104668,1.0,0.4616483774608051]
[130396,91961,1.0,0.5312249094599238]
[130396,24184,1.0,0.6439024946348468]
[130396,105178,1.0,0.42102359308515497]
[130396,100440,1.0,0.4963042482926098]
[130396,130390,1.0,0.9874909073402778]
[130396,12365,1.0,0.5769338466657774]
[130396,12268,1.0,0.5235163755057021]
[130396,90336,1.0,0.48371833720775576]
[130396,14460,1.0,0.5246074544606019]
[130396,88131,1.0,0.45824018717528026]
[130396,53841,1.0,0.4116622058617144]
[34973,34970,1.0,0.9924229130625422]
[115557,115554,1.0,0.9768687872882823]
[115557,115551,1.0,0.9891164748499857]
[43202,13034,1.0,0.4662904485783552]
[70232,68188,1.0,0.526380276899217]
[97549,75999,1.0,0.5579276193930054]
[2332,2326,1.0,0.9914729588753374]
[2332,2329,1.0,0.9909364892644144]
[52415,43202,1.0,0.6655586651441017]
[52415,52412,1.0,0.9952227536000962]
[52415,16697,1.0,0.5607511400793944]
[95572,95569,1.0,0.9793958302619235]
[95572,95566,1.0,0.9940652748684415]
[131718,45494,1.0,0.45402277273959174]
[95569,95566,1.0,0.9829714173435662]
[128160,43202,1.0,0.4161109195451103]
[128160,30882,1.0,0.512511876196923]
[128160,101256,1.0,0.5212871759869157]
[115554,115551,1.0,0.9934775635560857]
[52222,16697,1.0,0.41916671889537277]
[2329,2326,1.0,0.9940396568789889]
[16697,7370,1.0,0.4145152845117571]
[79181,43202,1.0,0.5615788719151642]
[79181,41795,1.0,0.40371183710473574]
[79181,16697,1.0,0.542958000568226]
[68188,7130,1.0,0.4732941140362715]
[107791,44372,1.0,0.4410126777023679]
[59052,59049,1.0,0.9906660726635514]
[44372,12925,1.0,0.719294429558445]
[81405,81399,1.0,0.991933846814903]
[98265,31007,1.0,0.4308126156716478]
[5746,5740,1.0,0.9655564214711048]
[5746,5737,1.0,0.9944159498740557]
[5740,5737,1.0,0.989500601672666]
[103083,5746,1.0,0.41477032426464977]
[103083,5740,1.0,0.44469132679089]
[103083,5737,1.0,0.41477032426464977]
[49515,30657,1.0,0.5205833832796796]
[49515,48860,1.0,0.4302711590950952]
[56868,56865,1.0,0.9932931739909694]
[67777,30657,1.0,0.4526290848889506]
[67777,48860,1.0,0.40456829190323096]
[48860,30657,1.0,0.5689900808678848]
[89932,78744,1.0,0.5926049144618558]
[89932,66374,1.0,0.40740785963870163]
[78744,24185,1.0,0.6128170705290525]
[23834,23831,1.0,0.9191463048723697]
[45026,45023,1.0,0.9840243287339497]
[70271,70265,1.0,0.9936734116065394]
[70271,70268,1.0,0.9375852292070638]
[47587,21198,1.0,0.6698484408783899]
[101712,101706,1.0,0.9867221632291971]
[101712,101709,1.0,0.7615480117557387]
[101709,101706,1.0,0.9009820290125844]
[70277,70271,1.0,0.9778063497864341]
[70277,70265,1.0,0.9892819917996648]
[70277,70274,1.0,0.6158597724395491]
[70277,70268,1.0,0.8862147492336527]
[70274,70271,1.0,0.739386967306258]
[70274,70265,1.0,0.7440706495363175]
[70274,70268,1.0,0.7478286965088001]
[70268,70265,1.0,0.916415014175385]
[45029,45026,1.0,0.9791237209454987]
[45029,45023,1.0,0.9936282955531263]
[102903,102900,1.0,0.9952227536000962]
[133116,116269,1.0,0.5210599097643832]
[45513,45510,1.0,0.9755507717637862]
[50987,1212,1.0,0.4056316789915125]
[50987,1209,1.0,0.41507118897837025]
[69118,69115,1.0,0.9872021338195044]
[1212,1209,1.0,0.9837471340663192]
[42279,27314,1.0,0.43246316291792763]
[41288,41282,1.0,0.9900896798063967]
[41288,41276,1.0,0.9900896798063967]
[37475,37472,1.0,0.9783973376071988]
[102906,102903,1.0,0.9952227536000962]
[102906,102900,1.0,0.9952227536000962]
[23291,23288,1.0,0.8796940811100444]
[65038,44373,1.0,0.4185367211441108]
[41291,41288,1.0,0.9537410005880765]
[41291,41282,1.0,0.9737596431830907]
[41291,41276,1.0,0.9737596431830907]
[84041,1212,1.0,0.41324844106757797]
[84041,14,1.0,0.5379495626038356]
[84041,1209,1.0,0.4209849434511954]
[102909,102903,1.0,0.9893471115588353]
[102909,102906,1.0,0.9893471115588353]
[102909,102900,1.0,0.9893471115588353]
[7781,7772,1.0,0.9334388912967619]
[7781,7775,1.0,0.9334388912967619]
[7781,7778,1.0,0.6205799664117209]
[19694,19688,1.0,0.9921319581968403]
[7775,7772,1.0,0.993172515220938]
[41282,41276,1.0,0.9952227536000962]
[116604,102903,1.0,0.5391665988999401]
[116604,102900,1.0,0.5391665988999401]
[116604,102909,1.0,0.5320533607209874]
[116604,102912,1.0,0.4515816416449765]
[116269,44373,1.0,0.6918532347437903]
[116269,19688,1.0,0.49413115222292403]
[116269,7781,1.0,0.5717891730728714]
[92635,44373,1.0,0.44789439007550874]
[7778,7772,1.0,0.9093215143565783]
[7778,7775,1.0,0.8132569780836559]
[102912,102903,1.0,0.9932537467430427]
[102912,102906,1.0,0.9932537467430427]
[102912,102900,1.0,0.9932537467430427]
[102912,102909,1.0,0.9794090089824543]
[69121,69118,1.0,0.9834274012821238]
[69121,69115,1.0,0.9936734116065394]
[27841,27838,1.0,0.9952227536000962]
[86205,86202,1.0,0.9836783920444168]
[28459,28456,1.0,0.9902692485043425]
[86208,86205,1.0,0.9774003439288438]
[86208,86202,1.0,0.9908816929606714]
[2726,2723,1.0,0.8123473363971092]
[2726,2720,1.0,0.9796073140411126]
[2723,2720,1.0,0.9639430566585159]
[1870,1864,1.0,0.992774065854653]
[1870,1867,1.0,0.9725488044385374]
[1873,1864,1.0,0.993588241188578]
[1873,1870,1.0,0.9904044858765788]
[1873,1867,1.0,0.9747368723130346]
[1867,1864,1.0,0.9806416553401154]
[88739,88733,1.0,0.6027494292422784]
[88739,88736,1.0,0.9756950784407289]
[88739,88730,1.0,0.9725016131658378]
[88733,88730,1.0,0.7654565906720795]
[88736,88733,1.0,0.7399046087788193]
[88736,88730,1.0,0.9918550823344474]
[57724,57715,1.0,0.9768531129806554]
[84014,70823,1.0,0.43670569847315505]
[84014,35250,1.0,0.6286059511748558]
[35262,35247,1.0,0.9004160083244631]
[35262,35250,1.0,0.9590126092084453]
[35262,35256,1.0,0.780400477082894]
[35262,35259,1.0,0.7612952901745773]
[44297,35250,1.0,0.4232554050971365]
[106356,35250,1.0,0.4704934547050073]
[77500,35250,1.0,0.46651464648846364]
[91027,35250,1.0,0.43099561983002077]
[70823,35262,1.0,0.5291671983439651]
[70823,35247,1.0,0.5665518834817409]
[70823,35250,1.0,0.5407938477571278]
[70823,29752,1.0,0.47072461133038473]
[70823,35256,1.0,0.5501634713863581]
[70823,17500,1.0,0.43522688261524567]
[70823,35259,1.0,0.5150846678810116]
[101439,35250,1.0,0.4290149489443523]
[35250,23303,1.0,0.40910952248213805]
[35250,35247,1.0,0.964847289504335]
[35250,14650,1.0,0.4029953765378048]
[35250,23309,1.0,0.408131771025416]
[35250,31831,1.0,0.502099033166888]
[35250,23306,1.0,0.40910952248213805]
[35250,29752,1.0,0.5394381699124112]
[35250,17500,1.0,0.44190409182748]
[23309,23303,1.0,0.9946743864336534]
[23309,23306,1.0,0.9926091414081382]
[52101,35250,1.0,0.4463739278443182]
[23306,23303,1.0,0.9792865194512043]
[69344,35250,1.0,0.48689862617042085]
[35570,35250,1.0,0.5591997342108517]
[43294,35250,1.0,0.4182830549528325]
[121402,35250,1.0,0.47944588829789475]
[35256,35247,1.0,0.9854262727301956]
[35256,35250,1.0,0.976358242180966]
[73645,35250,1.0,0.47721357172338247]
[35259,35247,1.0,0.9753625071488119]
[35259,35250,1.0,0.939586496116511]
[35259,35256,1.0,0.9389176493829856]
[74619,74616,1.0,0.9766879814063296]
[108046,108040,1.0,0.9952227536000962]
[74622,74619,1.0,0.9816377205365561]
[74622,74616,1.0,0.9927904021198166]
[66432,66429,1.0,0.9925500138987969]
[66432,66426,1.0,0.9925500138987969]
[66429,66426,1.0,0.9952227536000962]
[30420,30417,1.0,0.9952227536000962]
[121830,121827,1.0,0.9942129708818666]
[30423,30420,1.0,0.9769627177370195]
[30423,30417,1.0,0.9769627177370195]
[54640,23809,1.0,0.5215570418181914]
[121833,121827,1.0,0.72240974623333]
[121833,121830,1.0,0.72240974623333]
[121836,121827,1.0,0.991294368326776]
[121836,121830,1.0,0.9897915496972081]
[121836,121833,1.0,0.671071530747588]
[82990,71829,1.0,0.6667797368294947]
[82990,30575,1.0,0.5472257522443407]
[82990,31152,1.0,0.41534006802823925]
[82990,13855,1.0,0.41725997637472867]
[82990,52191,1.0,0.4761016512834113]
[83694,83688,1.0,0.9952227536000962]
[83694,83691,1.0,0.9780592875274916]
[83694,53209,1.0,0.5878078348132157]
[83691,83688,1.0,0.9848590650504148]
[29493,29487,1.0,0.9949181171750051]
[29493,29490,1.0,0.9932267186027695]
[62195,62189,1.0,0.9841672886579516]
[62195,62192,1.0,0.8993716397585707]
[62192,62189,1.0,0.9494968490919734]
[29490,29487,1.0,0.993606776418917]
[97051,97045,1.0,0.84607299490693]
[97051,97042,1.0,0.8622344946415458]
[97045,97042,1.0,0.9765657794900905]
[65850,41703,1.0,0.525115908867273]
[97054,97051,1.0,0.8865457914079299]
[97054,97045,1.0,0.9453851144307138]
[97054,97042,1.0,0.9862753213008808]
[9204,9201,1.0,0.9952227536000962]
[9204,8870,1.0,0.4399936203258305]
[94302,9204,1.0,0.686802453437821]
[89706,89700,1.0,0.9193640893974981]
[126169,126166,1.0,0.5963320015478902]
[89709,89706,1.0,0.9443984871836513]
[89709,89700,1.0,0.9931484548490003]
[84748,84742,1.0,0.9420944942306118]
[84751,84748,1.0,0.9420944942306118]
[84751,84742,1.0,0.9952227536000962]
[105184,36899,1.0,0.5431334719540731]
[105184,4519,1.0,0.6728878231757318]
[105184,4522,1.0,0.6663198200818385]
[105184,4516,1.0,0.4764642973026803]
[105184,4513,1.0,0.6728878231757318]
[24404,4519,1.0,0.4613914435201577]
[24404,4522,1.0,0.42174489957801137]
[24404,4516,1.0,0.4550947849414101]
[24404,4513,1.0,0.4613914435201577]
[16075,16069,1.0,0.9264036125476955]
[16075,4519,1.0,0.7850182239768642]
[16075,16066,1.0,0.9725782800777311]
[16075,16072,1.0,0.600831548624908]
[16075,4522,1.0,0.7511216067720761]
[16075,4516,1.0,0.7333477299134079]
[16075,4513,1.0,0.7850182239768642]
[101550,36899,1.0,0.5350663038626033]
[101550,4519,1.0,0.7213816461092862]
[101550,4522,1.0,0.755843473099042]
[101550,4516,1.0,0.6808625665538743]
[101550,4513,1.0,0.7213816461092862]
[30561,4516,1.0,0.42576381425412996]
[36899,4519,1.0,0.714839091433488]
[36899,4522,1.0,0.750072573285603]
[36899,17477,1.0,0.42571362753704456]
[36899,4516,1.0,0.7193421765559702]
[36899,4513,1.0,0.7581051592511416]
[16069,16066,1.0,0.9837067738932977]
[82910,4516,1.0,0.47429791100614893]
[100905,4519,1.0,0.6137817967350028]
[100905,4522,1.0,0.5293846540299129]
[100905,4516,1.0,0.5701603099906952]
[100905,4513,1.0,0.6137817967350028]
[4519,2389,1.0,0.47879257593417357]
[4519,4516,1.0,0.9588210555681868]
[4519,4513,1.0,0.9904184337670737]
[16066,4519,1.0,0.6107682843341317]
[16066,4522,1.0,0.5700771671314672]
[16066,4516,1.0,0.6826889949485745]
[16066,4513,1.0,0.6107682843341317]
[24407,24404,1.0,0.9933607062578763]
[24407,4519,1.0,0.4613914435201577]
[24407,4522,1.0,0.42174489957801137]
[24407,4516,1.0,0.44988787057302654]
[24407,4513,1.0,0.4613914435201577]
[56045,4519,1.0,0.4621463492620993]
[56045,4516,1.0,0.4303351099506086]
[56045,4513,1.0,0.4162526343667198]
[101556,101550,1.0,0.9905564682541387]
[101556,36899,1.0,0.43339477873311066]
[101556,4519,1.0,0.7213816461092862]
[101556,4522,1.0,0.755843473099042]
[101556,4516,1.0,0.6808625665538743]
[101556,4513,1.0,0.7213816461092862]
[23976,4519,1.0,0.41488601289550736]
[23976,4522,1.0,0.40110637611483857]
[23976,4516,1.0,0.47819750300326136]
[23976,4513,1.0,0.44438651908572213]
[86785,4519,1.0,0.5406795656603971]
[86785,4522,1.0,0.5994599683814026]
[86785,4516,1.0,0.5628101926162333]
[86785,4513,1.0,0.5406795656603971]
[127111,4519,1.0,0.431176653348202]
[127111,4513,1.0,0.431176653348202]
[16072,16069,1.0,0.551770527923496]
[16072,4519,1.0,0.7291603506972626]
[16072,16066,1.0,0.7659964793729672]
[16072,4522,1.0,0.6922889789096258]
[16072,4516,1.0,0.6740035227145033]
[16072,4513,1.0,0.7291603506972626]
[4522,4519,1.0,0.9636038852061665]
[4522,2389,1.0,0.4788576634967928]
[4522,4516,1.0,0.8674257068188267]
[4522,4513,1.0,0.9636038852061665]
[24413,24404,1.0,0.967192187789375]
[24413,24407,1.0,0.9581744263859029]
[38824,4519,1.0,0.6893586873633155]
[38824,4522,1.0,0.7184284970816169]
[38824,4516,1.0,0.5401123787920168]
[38824,4513,1.0,0.705470128361597]
[112093,4519,1.0,0.6035715100504521]
[112093,4522,1.0,0.6321798352801522]
[112093,4516,1.0,0.5619854189423742]
[112093,4513,1.0,0.5476783455705287]
[96361,4519,1.0,0.5631091688410041]
[96361,4522,1.0,0.5980564570152803]
[96361,4516,1.0,0.5184358240144448]
[96361,4513,1.0,0.5631091688410041]
[25173,4519,1.0,0.6538860953524206]
[25173,4522,1.0,0.6909086149366267]
[25173,4516,1.0,0.54374564400815]
[25173,4513,1.0,0.6538860953524206]
[96364,4519,1.0,0.5559478646005295]
[96364,4522,1.0,0.591137135570079]
[96364,96361,1.0,0.9758700359800733]
[96364,4516,1.0,0.5124578102311892]
[96364,4513,1.0,0.5559478646005295]
[53059,4519,1.0,0.5663058190029618]
[53059,4522,1.0,0.568121201266106]
[53059,4516,1.0,0.5663058190029618]
[53059,4513,1.0,0.5663058190029618]
[17477,4519,1.0,0.676715497692568]
[17477,4522,1.0,0.7615617343601057]
[17477,4516,1.0,0.6787884489684227]
[17477,4513,1.0,0.676715497692568]
[4516,1314,1.0,0.4803505438088723]
[4516,2389,1.0,0.4993550907247807]
[4516,4513,1.0,0.9866291923673701]
[4513,2389,1.0,0.47879257593417357]
[101218,101212,1.0,0.9939673730620086]
[31267,19560,1.0,0.4592179964987362]
[58337,58331,1.0,0.9936220614614262]
[39880,33321,1.0,0.4099244049647131]
[48222,39880,1.0,0.45307186036364844]
[33321,33318,1.0,0.9920291723687975]
[33324,33318,1.0,0.9930676807585843]
[33324,33321,1.0,0.9919889422867062]
[32769,32760,1.0,0.9209901098673113]
[32769,32763,1.0,0.7859470037262846]
[32763,32760,1.0,0.9796194390251148]
[33327,33318,1.0,0.9902913432757028]
[33327,33321,1.0,0.9888559063399388]
[33327,33324,1.0,0.9899591876794006]
[118633,118621,1.0,0.9836397313417247]
[118633,118624,1.0,0.9724582949954688]
[118624,118621,1.0,0.9919130404558051]
[22625,22616,1.0,0.9612857456038841]
[22625,22613,1.0,0.9155091989828327]
[22625,22619,1.0,0.5205122962080752]
[22625,22610,1.0,0.9738337002979255]
[22616,22613,1.0,0.9570594721216225]
[22616,22610,1.0,0.9880137799900329]
[22613,22610,1.0,0.9876262889123769]
[97840,45373,1.0,0.4081001337933374]
[97840,3954,1.0,0.509135266382231]
[22619,22616,1.0,0.7269584164406903]
[22619,22613,1.0,0.5672551846327322]
[22619,22610,1.0,0.7688094176189199]
[47279,47273,1.0,0.9952227536000962]
[47279,47276,1.0,0.9947262821994]
[47276,47273,1.0,0.9915964436623776]
[59713,59707,1.0,0.951235870637482]
[59713,59710,1.0,0.9547263157253463]
[59710,59707,1.0,0.9952227536000962]
[52973,52967,1.0,0.9952227536000962]
[55986,55983,1.0,0.9704691683449838]
[52976,52973,1.0,0.980996709621054]
[52976,52967,1.0,0.980996709621054]
[120133,120130,1.0,0.5634277210099273]
[120133,120127,1.0,0.987794989671086]
[120136,120133,1.0,0.9818309160036646]
[120136,120130,1.0,0.63493226426936]
[120136,120127,1.0,0.9927904021198166]
[1799,1793,1.0,0.9952227536000962]
[120130,120127,1.0,0.7428118603650489]
[1802,1799,1.0,0.8973859323197559]
[1802,1793,1.0,0.8973859323197559]
[8949,8946,1.0,0.993833290446873]
[9698,9692,1.0,0.9338511861853931]
[9698,9695,1.0,0.9338511861853931]
[60994,27865,1.0,0.5615352037940926]
[100975,100972,1.0,0.9898750042286466]
[100975,100969,1.0,0.8532185288244736]
[100975,100966,1.0,0.9910387320083207]
[27414,3031,1.0,0.5328331609202027]
[62326,62323,1.0,0.9877890492516855]
[43747,43744,1.0,0.9921386773505181]
[43747,27865,1.0,0.5118035543240511]
[64491,64488,1.0,0.9833629410520877]
[26257,9698,1.0,0.47053085841267345]
[26257,9692,1.0,0.4699591683435614]
[108106,93842,1.0,0.4247016032248459]
[24220,24214,1.0,0.9921770111162729]
[24220,24217,1.0,0.9898142362426456]
[27865,9698,1.0,0.8306198488788034]
[27865,9692,1.0,0.782404763666944]
[24217,24214,1.0,0.9936769569813544]
[62329,62326,1.0,0.9857524210730073]
[62329,62323,1.0,0.9927742648919292]
[37586,37583,1.0,0.9575336547563049]
[131556,93842,1.0,0.41762771809212323]
[100972,100969,1.0,0.8420851972642784]
[100972,43508,1.0,0.49199382803087643]
[100972,100966,1.0,0.9930641667401623]
[100969,100966,1.0,0.9538428116130842]
[25231,25228,1.0,0.9801964933036322]
[40109,27865,1.0,0.4446571426752748]
[53134,53131,1.0,0.981704533648348]
[76567,76564,1.0,0.9795057747410799]
[76570,76564,1.0,0.9289376878199628]
[76570,76567,1.0,0.8117079533122141]
[9695,9692,1.0,0.9952227536000962]
[76573,27865,1.0,0.5358921050511135]
[76573,76564,1.0,0.9430130633711155]
[76573,76567,1.0,0.8232303432938877]
[76573,76570,1.0,0.6347670466705359]
[64494,64491,1.0,0.5849795249339292]
[64494,64488,1.0,0.7906655407161184]
[29002,28999,1.0,0.9878902683312857]
[29002,28996,1.0,0.9943261433669325]
[85560,85557,1.0,0.9927904021198166]
[28999,28996,1.0,0.9932537467430427]
[88041,85569,1.0,0.5220680198938541]
[85566,85560,1.0,0.9902570385699506]
[85566,85557,1.0,0.9905564682541387]
[85566,85563,1.0,0.9854862074561238]
[85569,85560,1.0,0.9927904021198166]
[85569,85557,1.0,0.9952227536000962]
[85569,85566,1.0,0.9905564682541387]
[85569,85563,1.0,0.9932969360802181]
[29005,29002,1.0,0.9535727255588037]
[29005,28999,1.0,0.9535727255588037]
[29005,28996,1.0,0.958431432391706]
[85563,85560,1.0,0.9731204879039151]
[85563,85557,1.0,0.9814529334771753]
[71618,71615,1.0,0.9854344983587927]
[71618,71612,1.0,0.9923138789423898]
[101185,101182,1.0,0.9927904021198166]
[71615,71612,1.0,0.9907705037724863]
[125211,12876,1.0,0.5461954047856674]
[25907,12876,1.0,0.6345411252241947]
[102558,12876,1.0,0.8668914995304831]
[102564,102558,1.0,0.9753239067524722]
[102564,102561,1.0,0.9753239067524722]
[102564,12876,1.0,0.8668914995304831]
[102561,102558,1.0,0.9952227536000962]
[102561,12876,1.0,0.8668914995304831]
[59721,59718,1.0,0.8914066537201499]
[25273,12876,1.0,0.6512406509053483]
[44244,12876,1.0,0.5162260290621703]
[61626,61623,1.0,0.9946572280446236]
[112324,81367,1.0,0.47877062341364024]
[52843,44140,1.0,0.5148307974732477]
[52843,44137,1.0,0.5148307974732477]
[40627,40624,1.0,0.9952227536000962]
[43066,12876,1.0,0.6444513747889621]
[35764,12876,1.0,0.4249539349097632]
[44140,44137,1.0,0.9884976622176969]
[59724,59718,1.0,0.9952227536000962]
[59724,59721,1.0,0.9187787630148765]
[40396,40393,1.0,0.9952227536000962]
[131215,131209,1.0,0.9905564682541387]
[131215,131212,1.0,0.48400698467866604]
[131212,131209,1.0,0.5408077791541412]
[35789,35786,1.0,0.9938804711395797]
[107536,107530,1.0,0.9816356449944437]
[107536,107533,1.0,0.9808247328264906]
[40399,40396,1.0,0.9456992378114943]
[40399,40393,1.0,0.9456992378114943]
[107539,107530,1.0,0.9876194874660417]
[107539,107536,1.0,0.965501744702757]
[107539,107533,1.0,0.983084219862676]
[35795,35789,1.0,0.9858420918348034]
[35795,35792,1.0,0.9794277943347274]
[35795,35786,1.0,0.9944660782509854]
[40402,40396,1.0,0.9952227536000962]
[40402,40393,1.0,0.9952227536000962]
[40402,40399,1.0,0.9586895447411662]
[35792,35789,1.0,0.9856896254992825]
[35792,35786,1.0,0.9856896254992825]
[107533,107530,1.0,0.9925500138987969]
[3722,3716,1.0,0.9752914381810975]
[3722,3713,1.0,0.9922323843947127]
[3722,3719,1.0,0.9895712757227966]
[81247,81241,1.0,0.9952227536000962]
[81250,81247,1.0,0.99236012770395]
[81250,81241,1.0,0.99236012770395]
[3716,3713,1.0,0.9752914381810975]
[109423,109420,1.0,0.9544323385556566]
[109423,109414,1.0,0.9529114369973362]
[109420,109414,1.0,0.9933607062578763]
[81253,81247,1.0,0.9914729588753374]
[81253,81250,1.0,0.9939287085123063]
[81253,81241,1.0,0.9914729588753374]
[3719,3716,1.0,0.9752914381810975]
[3719,3713,1.0,0.9935047841791984]
[46890,18974,1.0,0.44514680940113915]
[48363,18974,1.0,0.4623530411919437]
[3740,3734,1.0,0.9915962381126958]
[3740,3737,1.0,0.9924469388931019]
[37078,37075,1.0,0.9926833917401131]
[67030,37078,1.0,0.49168531228172935]
[67030,37075,1.0,0.49168531228172935]
[3737,3734,1.0,0.9924104275673864]
[32243,32240,1.0,0.6818946559401046]
[32667,18745,1.0,0.5824052410867145]
[10553,10550,1.0,0.9940105225384993]
[10556,10550,1.0,0.9806838632896219]
[10556,10553,1.0,0.968368774299678]
[49422,42939,1.0,0.42438791712288165]
[49425,49422,1.0,0.9448387767035616]
[59787,42939,1.0,0.4599662574781796]
[49428,49422,1.0,0.9952227536000962]
[49428,49425,1.0,0.9244897761586482]
[49428,42939,1.0,0.42438791712288165]
[65868,42939,1.0,0.46030142806196067]
[122608,42939,1.0,0.5395823474165015]
[57628,42939,1.0,0.4370408426580288]
[125403,42939,1.0,0.6110975052033206]
[116932,42939,1.0,0.4771752228906982]
[42257,42254,1.0,0.9329347216509328]
[42939,29723,1.0,0.5558181367150765]
[42939,9214,1.0,0.4450029986681657]
[42939,11086,1.0,0.5126014069404535]
[42939,10606,1.0,0.4365179620068572]
[42939,42257,1.0,0.40000703487022327]
[42939,12872,1.0,0.5373266720045665]
[42939,8646,1.0,0.6059539083706981]
[42939,11575,1.0,0.4615165692648273]
[115038,42939,1.0,0.47862029957234886]
[68598,42939,1.0,0.5931868539271373]
[58064,11134,1.0,0.4163588052734811]
[26150,26147,1.0,0.9927466147175701]
[104001,46957,1.0,0.48625259420039363]
[90639,90636,1.0,0.9889038247901768]
[29211,29208,1.0,0.9431826529816721]
[29211,29205,1.0,0.9801698616523584]
[29211,29202,1.0,0.9920037297014787]
[82115,82112,1.0,0.957729984043046]
[82115,82106,1.0,0.9952227536000962]
[29208,29205,1.0,0.9801498655203389]
[29208,29202,1.0,0.9919298091376051]
[29205,29202,1.0,0.9797994000585715]
[82112,82106,1.0,0.9417088024394507]
[58804,58801,1.0,0.8777350442002486]
[58804,58798,1.0,0.9654980824032692]
[58807,58804,1.0,0.9332038879657683]
[58807,58801,1.0,0.9850926736437391]
[58807,58798,1.0,0.9905564682541387]
[58801,58798,1.0,0.9757830664628175]
[102430,102421,1.0,0.9924304814665007]
[102430,102427,1.0,0.94752632747279]
[39936,18856,1.0,0.42624359236301873]
[28878,28869,1.0,0.9952227536000962]
[52597,52594,1.0,0.9910880288410245]
[105336,105333,1.0,0.99133259848331]
[73582,6928,1.0,0.4472619011642218]
[102427,102421,1.0,0.9632855583383054]
[45480,45477,1.0,0.8103197228199626]
[52994,52991,1.0,0.9793624189293684]
[52994,51068,1.0,0.4679024283921457]
[52994,52988,1.0,0.9947262821994]
[45483,45477,1.0,0.9773268501858404]
[45483,45480,1.0,0.5503094755732595]
[52991,51068,1.0,0.4679024283921457]
[52991,52988,1.0,0.9846225329689098]
[52988,51068,1.0,0.4820267502825607]
[15098,15095,1.0,0.9592849921294784]
[15104,15098,1.0,0.7575577683658236]
[15104,15095,1.0,0.8936727170187362]
[15104,15101,1.0,0.931956268087217]
[15101,15098,1.0,0.9702529994790591]
[15101,15095,1.0,0.9937353308824888]
[30075,30072,1.0,0.9952227536000962]
[49934,49931,1.0,0.7779651360799271]
[83553,8505,1.0,0.4876590780523015]
[94018,8505,1.0,0.4944777250142929]
[38038,8505,1.0,0.6244621136833476]
[68320,39550,1.0,0.404027227124327]
[70078,8505,1.0,0.4930395055289867]
[86786,8505,1.0,0.47385010118947024]
[53909,39550,1.0,0.46807598429075]
[119769,8505,1.0,0.45396471710902253]
[128613,39550,1.0,0.4014272788105196]
[115423,107277,1.0,0.458649094871981]
[115423,93314,1.0,0.44012351510961095]
[114667,114664,1.0,0.9875239551668885]
[114667,114655,1.0,0.9944660782509854]
[114667,114658,1.0,0.9944660782509854]
[114667,114661,1.0,0.9176629213490994]
[107277,38038,1.0,0.41178205549942276]
[107277,68320,1.0,0.48097784510927305]
[107277,49931,1.0,0.4821677030998588]
[107277,86786,1.0,0.4150274120638926]
[107277,3921,1.0,0.43335520979339065]
[107277,12712,1.0,0.427020832918201]
[107277,70506,1.0,0.5466973809489238]
[107277,49937,1.0,0.5269398120155944]
[107277,39550,1.0,0.5303057310804635]
[107277,93314,1.0,0.4098482838883411]
[12712,8505,1.0,0.4442214861234098]
[70506,8505,1.0,0.4236107477376564]
[70506,39550,1.0,0.40988150092909]
[41320,8505,1.0,0.40517844403246805]
[114664,114655,1.0,0.9770525321544734]
[114664,114658,1.0,0.9770525321544734]
[114664,114661,1.0,0.7896695318022312]
[74905,8505,1.0,0.49051946328996826]
[74905,39550,1.0,0.4308028915176194]
[49937,49934,1.0,0.7275010608707859]
[49937,49931,1.0,0.98773878443177]
[49937,8505,1.0,0.4036127810289714]
[107460,96027,1.0,0.5008099088269786]
[107460,39550,1.0,0.5190369374251862]
[90482,8505,1.0,0.5135757705210109]
[114658,114655,1.0,0.9952227536000962]
[106122,96027,1.0,0.4400484987230308]
[106122,39550,1.0,0.40407682036265113]
[106122,93314,1.0,0.5602491031524437]
[96027,94018,1.0,0.47847524501567545]
[96027,86786,1.0,0.4092095708317022]
[96027,53909,1.0,0.4552661406579431]
[96027,40958,1.0,0.40769958043044713]
[96027,58497,1.0,0.4686796532736409]
[96027,12712,1.0,0.4839848748698991]
[96027,41320,1.0,0.5448683997326861]
[8505,494,1.0,0.4227625680498175]
[8505,3921,1.0,0.4487040731896604]
[8505,1731,1.0,0.4596283058317365]
[114661,114655,1.0,0.9209901098673113]
[114661,114658,1.0,0.9209901098673113]
[114661,39550,1.0,0.5806878966306901]
[107466,107460,1.0,0.8692107707216022]
[107466,96027,1.0,0.41535240756716224]
[107466,8505,1.0,0.40030107436943324]
[107466,39550,1.0,0.42301868965643463]
[107466,93314,1.0,0.402594927522024]
[39550,494,1.0,0.49296396137370485]
[39550,3921,1.0,0.4299445046678944]
[39550,1731,1.0,0.424521983724114]
[39550,8505,1.0,0.4169567857484381]
[93314,83553,1.0,0.44061805714426977]
[93314,38038,1.0,0.5826576096003326]
[93314,68320,1.0,0.4315998316140022]
[93314,49931,1.0,0.4508942841926102]
[93314,53909,1.0,0.4733684774726338]
[93314,40958,1.0,0.5345123513081358]
[93314,70506,1.0,0.5053975369660111]
[93314,1731,1.0,0.4538334413035057]
[93314,74905,1.0,0.48584137539308375]
[93314,49937,1.0,0.5925607535194118]
[93314,39550,1.0,0.5177029982590287]
[71164,22983,1.0,0.4262834952350109]
[63254,18915,1.0,0.42931750103910626]
[99865,67691,1.0,0.5505588870011804]
[99865,74123,1.0,0.49527816195818203]
[121056,48132,1.0,0.43507008832364896]
[121056,4200,1.0,0.5080838704598039]
[121056,63254,1.0,0.5315089979667306]
[121056,121053,1.0,0.9952227536000962]
[121056,57392,1.0,0.45497888668084985]
[74123,67691,1.0,0.4749860591406074]
[92539,92536,1.0,0.9927742648919292]
[2014,2008,1.0,0.9952227536000962]
[2014,2011,1.0,0.985886459146134]
[76433,69652,1.0,0.402685245142959]
[89512,87918,1.0,0.4272152996919387]
[89512,37499,1.0,0.40370262624288306]
[52689,40136,1.0,0.4021563933167678]
[52689,42359,1.0,0.6179282456887816]
[19602,19590,1.0,0.9931579754637436]
[19602,19596,1.0,0.9864720606404399]
[19602,19593,1.0,0.9815214522649498]
[19602,19599,1.0,0.9675936573404353]
[113736,69652,1.0,0.42752534332233405]
[113736,40136,1.0,0.5395779133198394]
[113736,42359,1.0,0.48252794280835054]
[60817,60811,1.0,0.7722261446584583]
[60817,60814,1.0,0.6145005032365125]
[116613,69652,1.0,0.572914052867798]
[19596,19590,1.0,0.979088744961014]
[19596,19593,1.0,0.9485779534796364]
[69652,14004,1.0,0.47668870910985894]
[69652,2014,1.0,0.44812848401704575]
[69652,2074,1.0,0.6714086514506873]
[69652,2368,1.0,0.5232172507249752]
[69652,19590,1.0,0.5135885506365139]
[69652,19602,1.0,0.5135885506365139]
[69652,60811,1.0,0.44024529713938965]
[69652,63688,1.0,0.4253940226731848]
[69652,19596,1.0,0.5135885506365139]
[69652,45276,1.0,0.4212295608728921]
[69652,9919,1.0,0.4302109515720391]
[69652,69278,1.0,0.43009862802849536]
[69652,40136,1.0,0.5409463085283829]
[69652,2008,1.0,0.44812848401704575]
[69652,2017,1.0,0.4221857865555454]
[69652,1169,1.0,0.611627220442204]
[69652,42359,1.0,0.49948614390319374]
[69652,19593,1.0,0.47188120736392]
[69652,31308,1.0,0.4235635358576333]
[69652,2534,1.0,0.6047094023139113]
[69652,2011,1.0,0.4459427089826647]
[69652,60814,1.0,0.44024529713938965]
[69652,19599,1.0,0.5494570662379594]
[44443,16833,1.0,0.6369777120750566]
[87918,37499,1.0,0.4202471577582989]
[40136,39471,1.0,0.4655929296168972]
[2017,2014,1.0,0.9918818867765093]
[2017,2008,1.0,0.9918818867765093]
[2017,2011,1.0,0.9777611987608801]
[19593,19590,1.0,0.98662925834411]
[2011,2008,1.0,0.9750685527357316]
[60814,60811,1.0,0.988421098306559]
[19599,19590,1.0,0.9745913298569896]
[19599,19596,1.0,0.9519230973129142]
[19599,19593,1.0,0.9405723503148452]
[130894,69652,1.0,0.48064195508413854]
[131973,131964,1.0,0.9216458013358519]
[131973,131970,1.0,0.7507572903539967]
[75651,75648,1.0,0.9942819304487751]
[131970,131964,1.0,0.914790582666281]
[69987,8179,1.0,0.40929597960939185]
[3654,3651,1.0,0.9893244967337156]
[3654,3648,1.0,0.9893244967337156]
[59405,59402,1.0,0.9936734116065394]
[59405,59399,1.0,0.9936734116065394]
[82763,69987,1.0,0.643526991206782]
[82763,56971,1.0,0.5912055784778921]
[82763,59136,1.0,0.6930363965682057]
[82763,7216,1.0,0.6414854260690357]
[82763,76896,1.0,0.5061449357395882]
[3651,3648,1.0,0.9952227536000962]
[110343,56971,1.0,0.4382196643127642]
[110343,110340,1.0,0.9909251903137]
[110343,59136,1.0,0.4289882662180111]
[96091,82763,1.0,0.4176975388972103]
[59414,59405,1.0,0.9690344797331484]
[59414,59411,1.0,0.95320694493518]
[59414,59408,1.0,0.987104299620326]
[59414,59402,1.0,0.9794015547589027]
[59414,59399,1.0,0.9794015547589027]
[59411,59405,1.0,0.9892735008344504]
[59411,59408,1.0,0.9906899217581517]
[59411,59402,1.0,0.9917756366088883]
[59411,59399,1.0,0.9917756366088883]
[110340,56971,1.0,0.4382196643127642]
[110340,59136,1.0,0.4289882662180111]
[59408,59405,1.0,0.9814075806099487]
[59408,59402,1.0,0.9856013414380667]
[59408,59399,1.0,0.9856013414380667]
[123123,110346,1.0,0.5288196716716321]
[123123,123120,1.0,0.5774085571550689]
[110346,69987,1.0,0.5250172530446001]
[110346,97371,1.0,0.7239612834722429]
[110346,3654,1.0,0.6386543834752799]
[110346,94537,1.0,0.5512633391485513]
[110346,59405,1.0,0.6649370841290286]
[110346,56971,1.0,0.6994400102377537]
[110346,17389,1.0,0.5984984489003392]
[110346,44287,1.0,0.5248784361101374]
[110346,7213,1.0,0.5637035641654246]
[110346,82763,1.0,0.929346715272179]
[110346,3651,1.0,0.6386543834752799]
[110346,110343,1.0,0.9909251903137]
[110346,96091,1.0,0.6147194540891128]
[110346,60571,1.0,0.5090736824271156]
[110346,61027,1.0,0.4941598896694054]
[110346,75751,1.0,0.5310102784569386]
[110346,39430,1.0,0.5656063003539022]
[110346,59414,1.0,0.6636942149234305]
[110346,59411,1.0,0.6649370841290286]
[110346,97870,1.0,0.5172194095529064]
[110346,110340,1.0,0.9952227536000962]
[110346,59408,1.0,0.6649370841290286]
[110346,28589,1.0,0.5126570831885184]
[110346,62895,1.0,0.522400462510035]
[110346,8179,1.0,0.46526533027316797]
[110346,5078,1.0,0.6470154955626641]
[110346,59136,1.0,0.6557289490752006]
[110346,26164,1.0,0.7121885006760038]
[110346,7216,1.0,0.5521156873480276]
[110346,92607,1.0,0.5469480616387902]
[110346,59402,1.0,0.7403561813076883]
[110346,76896,1.0,0.6251496972712448]
[110346,5206,1.0,0.5101232350185825]
[110346,97801,1.0,0.4571370901750917]
[110346,75008,1.0,0.632040947481065]
[110346,26646,1.0,0.5138794562640727]
[110346,59399,1.0,0.6649370841290286]
[110346,77813,1.0,0.8560091548008544]
[110346,5504,1.0,0.6789978413776299]
[110346,22196,1.0,0.44293232615886574]
[110346,3648,1.0,0.6386543834752799]
[110346,97725,1.0,0.6819186406046032]
[110346,75492,1.0,0.5656469410704479]
[7216,7213,1.0,0.9796522963032547]
[59402,59399,1.0,0.9952227536000962]
[123120,110346,1.0,0.48524019707948446]
[124711,110346,1.0,0.5208511711655405]
[77813,69987,1.0,0.507740260484384]
[77813,7216,1.0,0.4189419812459149]
[77813,76896,1.0,0.4527783227205325]
[77813,5206,1.0,0.4139061901994375]
[53412,19258,1.0,0.428184448414894]
[53412,53403,1.0,0.9934567839627333]
[53412,53409,1.0,0.8242380880574689]
[53412,53406,1.0,0.9934567839627333]
[69024,69021,1.0,0.9891356835907431]
[125770,125761,1.0,0.9599406843353864]
[125770,125764,1.0,0.6149470217714604]
[125770,125767,1.0,0.8970279554108953]
[66659,66656,1.0,0.9568364761249839]
[66662,66659,1.0,0.8879123421834774]
[66662,66656,1.0,0.9871848284934676]
[125764,125761,1.0,0.6944004282675564]
[125767,125761,1.0,0.9763502164749799]
[125767,125764,1.0,0.6783136820693041]
[54657,54651,1.0,0.9900177083531018]
[53409,53403,1.0,0.8432910562498693]
[53409,53406,1.0,0.7558066368001789]
[53406,53403,1.0,0.9906156358287606]
[114994,41041,1.0,0.42030077976325575]
[52342,2828,1.0,0.49528289596062725]
[126525,126522,1.0,0.748624036175755]
[866,863,1.0,0.9887641419700736]
[106977,106971,1.0,0.9938647243311929]
[38383,6535,1.0,0.45959795517676594]
[38383,38380,1.0,0.9713928848326443]
[111399,111387,1.0,0.9914756223331858]
[111399,111396,1.0,0.9852211455315013]
[111399,111393,1.0,0.9316905360985446]
[122844,6535,1.0,0.54652964845598]
[122844,12999,1.0,0.4286946567674229]
[85730,6535,1.0,0.47245321117122574]
[85730,36193,1.0,0.4270270781971902]
[39187,39184,1.0,0.9877726362494229]
[69160,57636,1.0,0.4032474122716402]
[69160,56135,1.0,0.5259079791690504]
[69160,60822,1.0,0.40086745529959655]
[38386,38383,1.0,0.9713928848326443]
[38386,38380,1.0,0.9867221632291971]
[111396,111387,1.0,0.9914756223331858]
[111396,111393,1.0,0.8995060153035346]
[122811,72708,1.0,0.4278618537656862]
[72708,6535,1.0,0.45764017574969146]
[72708,40217,1.0,0.4238618116412641]
[106290,6535,1.0,0.46262348115127344]
[65213,6535,1.0,0.5839953347284523]
[22253,6535,1.0,0.4445817556781893]
[111393,111387,1.0,0.9348973264789425]
[15910,15901,1.0,0.746394372480791]
[15910,15904,1.0,0.619551808203326]
[70279,70273,1.0,0.8205378331321078]
[86856,18190,1.0,0.583945021390145]
[86856,17947,1.0,0.5288921142781128]
[86856,83808,1.0,0.7015421230787964]
[120426,120423,1.0,0.40306287106877614]
[10189,10186,1.0,0.97897231755514]
[10189,10183,1.0,0.9915925771550813]
[83811,83805,1.0,0.9725225264375001]
[83811,83808,1.0,0.9584039193707398]
[10192,10189,1.0,0.9903411041980761]
[10192,10186,1.0,0.9858431249723751]
[10192,10183,1.0,0.9944743997530586]
[114682,28991,1.0,0.5000449226521818]
[114682,20815,1.0,0.5022110058559556]
[81053,53544,1.0,0.5096003712170014]
[81053,17258,1.0,0.45276310849472895]
[81053,81050,1.0,0.9952227536000962]
[81056,81053,1.0,0.9952227536000962]
[81056,81050,1.0,0.9952227536000962]
[81050,53544,1.0,0.5096003712170014]
[81050,17258,1.0,0.45276310849472895]
[15913,15910,1.0,0.7333817040268256]
[15913,15901,1.0,0.993172515220938]
[15913,15904,1.0,0.9739610049347002]
[96325,96322,1.0,0.968438583480467]
[96328,96322,1.0,0.9713168507026696]
[96328,96325,1.0,0.9153031828196544]
[10186,10183,1.0,0.9839033953281948]
[83808,28991,1.0,0.47297958419342734]
[83808,83805,1.0,0.9927904021198166]
[83808,61847,1.0,0.5314447720416744]
[83808,70141,1.0,0.4263532201572614]
[59814,28991,1.0,0.5194531986819381]
[15904,15901,1.0,0.9862172777512593]
[70276,70273,1.0,0.7009689569531714]
[23966,23957,1.0,0.9778702655954389]
[23966,23963,1.0,0.47464711412307]
[23963,23957,1.0,0.6813592990118535]
[29644,29635,1.0,0.9921319581968403]
[29644,29638,1.0,0.9671529346279973]
[29644,29641,1.0,0.9862904253823868]
[29638,29635,1.0,0.9671529346279973]
[29641,29635,1.0,0.991468626206008]
[29641,29638,1.0,0.9477431892171192]
[52086,52083,1.0,0.9496014288954513]
[52089,52083,1.0,0.9231160345375958]
[52089,52086,1.0,0.9832917346373475]
[70147,70144,1.0,0.9871981086337672]
[70150,70147,1.0,0.9871981086337672]
[70150,70144,1.0,0.9867593649390504]
[70153,70147,1.0,0.9748700073893285]
[70153,70150,1.0,0.9697398733925056]
[70153,70144,1.0,0.9891700284774299]
[54369,44829,1.0,0.41197523056316987]
[23453,23447,1.0,0.9707416567624779]
[23453,23450,1.0,0.9474098187727411]
[121770,121764,1.0,0.9925500138987969]
[128598,31797,1.0,0.4431387196461251]
[23450,23447,1.0,0.99133259848331]
[59748,59739,1.0,0.9781762005086495]
[59748,59745,1.0,0.8259135676313657]
[92773,92770,1.0,0.9952227536000962]
[92773,92767,1.0,0.9802704610270954]
[92773,92764,1.0,0.9876194874660417]
[29394,29391,1.0,0.987564226160266]
[59751,59748,1.0,0.9605909375284835]
[59751,59739,1.0,0.9905564682541387]
[59751,59745,1.0,0.9002188444982452]
[30636,30630,1.0,0.9756252271504827]
[30636,30633,1.0,0.9458827596325623]
[30639,30636,1.0,0.9481130263608268]
[30639,30630,1.0,0.9816368784023644]
[30639,30633,1.0,0.9616530790352429]
[67648,59745,1.0,0.447023436161379]
[41417,23453,1.0,0.4565252500656737]
[41417,31797,1.0,0.4212369145639069]
[92770,67648,1.0,0.4374352566770129]
[92770,92767,1.0,0.9802704610270954]
[92770,92764,1.0,0.9876194874660417]
[30633,30630,1.0,0.9874421261600141]
[92767,92764,1.0,0.9934637941520884]
[59745,57260,1.0,0.4603688293125123]
[59745,59739,1.0,0.9596889725068255]
[59745,30636,1.0,0.4984168352274392]
[59745,44829,1.0,0.45710829723330476]
[59745,51053,1.0,0.5637489102801554]
[110587,23453,1.0,0.40796677408861864]
[23456,23453,1.0,0.9310390551352957]
[23456,23447,1.0,0.9867208296129067]
[23456,23450,1.0,0.9824356291704979]
[60969,60957,1.0,0.9937591786417587]
[60969,60966,1.0,0.9214574815164452]
[60969,60960,1.0,0.984499521107051]
[60969,60963,1.0,0.984473303187557]
[60966,60957,1.0,0.9393856955525488]
[60966,60960,1.0,0.9124065579132525]
[60966,60963,1.0,0.8820404418369456]
[60960,60957,1.0,0.9877726362494229]
[60963,60957,1.0,0.993172515220938]
[60963,60960,1.0,0.983409862129531]
[18209,3911,1.0,0.4606795019771607]
[50871,50862,1.0,0.9952227536000962]
[50871,50868,1.0,0.9952227536000962]
[50871,50865,1.0,0.9657700338752104]
[25017,3911,1.0,0.44728735551381105]
[122484,3911,1.0,0.4751532698271326]
[23835,23826,1.0,0.9940528687790091]
[23835,23832,1.0,0.9940528687790091]
[23835,16690,1.0,0.5524255058570008]
[23835,23829,1.0,0.98916156558876]
[23835,3911,1.0,0.43420562973526716]
[103000,3911,1.0,0.5258357002634636]
[50874,50871,1.0,0.9940141113486761]
[50874,50862,1.0,0.9940141113486761]
[50874,50868,1.0,0.9916366226931442]
[50874,50865,1.0,0.9250238516003897]
[79521,79518,1.0,0.9677228141341598]
[45649,13449,1.0,0.4055549895081425]
[59448,13449,1.0,0.49242842736604286]
[79524,79521,1.0,0.8901695221310905]
[79524,79518,1.0,0.9775479712719696]
[79524,3911,1.0,0.44503461885013207]
[69055,3911,1.0,0.44892644323120284]
[45655,45649,1.0,0.9902192047683909]
[45655,19729,1.0,0.4099354974913781]
[88241,3911,1.0,0.4366925278470008]
[28719,3911,1.0,0.4320757306870592]
[47328,47322,1.0,0.9945537781878135]
[47328,47325,1.0,0.9845446342355709]
[23826,16690,1.0,0.5524255058570008]
[23826,3911,1.0,0.43420562973526716]
[94218,3911,1.0,0.7441748203410867]
[65058,3911,1.0,0.45217936015938126]
[23838,23835,1.0,0.9910642986861813]
[23838,23826,1.0,0.992741519159376]
[23838,23832,1.0,0.992741519159376]
[23838,16690,1.0,0.5726831048273483]
[23838,23829,1.0,0.9867609646214718]
[23838,3911,1.0,0.46652606802977453]
[45723,45714,1.0,0.9952227536000962]
[45723,45720,1.0,0.9301398675196165]
[45723,3911,1.0,0.4445372063211983]
[104625,3911,1.0,0.49147173205547723]
[18672,3911,1.0,0.4164252969941395]
[25064,25055,1.0,0.9761594517971227]
[25064,25058,1.0,0.9645572193057464]
[74100,23835,1.0,0.41987121966647367]
[74100,23826,1.0,0.41987121966647367]
[74100,23838,1.0,0.42901537873152096]
[74100,23832,1.0,0.41987121966647367]
[74100,23829,1.0,0.41987121966647367]
[63111,3911,1.0,0.5330117569742219]
[10317,3911,1.0,0.483434122863145]
[36378,3911,1.0,0.5632353015864396]
[93130,3911,1.0,0.5417433576487182]
[108270,3911,1.0,0.49420994826878045]
[71138,3911,1.0,0.4012181339401869]
[23832,23826,1.0,0.9952227536000962]
[23832,16690,1.0,0.5524255058570008]
[23832,23829,1.0,0.9911457621988602]
[23832,3911,1.0,0.43420562973526716]
[85344,3911,1.0,0.5983724263150224]
[50868,50862,1.0,0.9854071929857626]
[50868,50865,1.0,0.9138495576807777]
[45714,3911,1.0,0.4445372063211983]
[55099,55096,1.0,0.9877726362494229]
[16690,3911,1.0,0.4556076966561828]
[50865,50862,1.0,0.943015302317035]
[19729,3911,1.0,0.4756147652692575]
[32632,3911,1.0,0.4682045819044583]
[13449,2662,1.0,0.46766716935326313]
[45720,45714,1.0,0.9301398675196165]
[45720,3911,1.0,0.4512464735411701]
[48601,3911,1.0,0.4446856777730736]
[48601,48595,1.0,0.9822611371388384]
[79518,3911,1.0,0.4970338199133803]
[87279,52506,1.0,0.5057023017017236]
[87279,52503,1.0,0.5057023017017236]
[66288,3911,1.0,0.44323202504090947]
[36171,3911,1.0,0.4753521972740016]
[100584,3911,1.0,0.5600402335507692]
[114361,3911,1.0,0.5587036236119509]
[60410,3911,1.0,0.44849930242038466]
[48604,48601,1.0,0.9367962826129739]
[48604,3911,1.0,0.5296430507781619]
[48604,48595,1.0,0.9785844134677308]
[111505,3911,1.0,0.5336428781023942]
[47325,47322,1.0,0.9882727447922339]
[23829,23826,1.0,0.9911457621988602]
[23829,16690,1.0,0.5524255058570008]
[23829,3911,1.0,0.4059818687726305]
[52506,10317,1.0,0.5439509511612199]
[52506,3911,1.0,0.4401267713119508]
[52506,52503,1.0,0.9952227536000962]
[25058,25055,1.0,0.9925229512934376]
[61989,3911,1.0,0.50087269959032]
[18765,18762,1.0,0.9952227536000962]
[52503,10317,1.0,0.5439509511612199]
[52503,3911,1.0,0.4401267713119508]
[48595,3911,1.0,0.4446856777730736]
[120439,25011,1.0,0.4599538357636951]
[130242,86835,1.0,0.4137818905789085]
[130242,93125,1.0,0.5583957816238676]
[86835,1051,1.0,0.46805332804795186]
[86835,25011,1.0,0.45081636548815507]
[86835,53402,1.0,0.46045968599973086]
[86835,21645,1.0,0.5216058690959089]
[86835,8278,1.0,0.4782349061114201]
[86835,32118,1.0,0.4504440373484976]
[86835,43397,1.0,0.43635338776782473]
[119688,8854,1.0,0.4752708575984141]
[116596,116593,1.0,0.9919130404558051]
[93125,8854,1.0,0.642264660161375]
[93125,25011,1.0,0.7283459323072157]
[93125,32118,1.0,0.44263044362188186]
[74350,28557,1.0,0.5991943041351171]
[50668,28557,1.0,0.5347029887306318]
[50598,28557,1.0,0.429126118522179]
[32027,28557,1.0,0.44873263087114074]
[35216,28557,1.0,0.48881461311662894]
[75172,75166,1.0,0.7599903596005686]
[75172,75169,1.0,0.7599903596005686]
[28557,23488,1.0,0.6645017999818502]
[28557,24247,1.0,0.46923035565880483]
[28557,26993,1.0,0.6296788381725151]
[28557,5955,1.0,0.5124617616179783]
[28557,11867,1.0,0.45491647531110435]
[28557,4306,1.0,0.4660797365689899]
[28557,3081,1.0,0.41007277446170043]
[28557,5832,1.0,0.5404603672117191]
[28557,12751,1.0,0.45414923749188046]
[28557,2137,1.0,0.4178380568201845]
[28557,15838,1.0,0.6503470612793547]
[72279,28557,1.0,0.42950653613786904]
[31012,28557,1.0,0.43346756760059696]
[31012,31009,1.0,0.9905564682541387]
[84854,28557,1.0,0.40272561959154723]
[72026,28557,1.0,0.4521203989222004]
[113434,28557,1.0,0.5307815213658368]
[113434,52899,1.0,0.5260684414952826]
[117913,28557,1.0,0.5207337582768344]
[77895,28557,1.0,0.5121596825692526]
[77895,52899,1.0,0.4231135533848327]
[71326,28557,1.0,0.4690706008943215]
[58715,28557,1.0,0.47567741254695406]
[46085,28557,1.0,0.48436393557908264]
[31009,28557,1.0,0.4031478719405855]
[68927,28557,1.0,0.4339210414884664]
[71744,28557,1.0,0.43293076842654]
[30931,28557,1.0,0.47983658590432937]
[29177,28557,1.0,0.5395312893806558]
[31015,28557,1.0,0.4031478719405855]
[31015,31012,1.0,0.8591605330552968]
[31015,31009,1.0,0.9070211231685509]
[75169,75166,1.0,0.9877726362494229]
[92168,28557,1.0,0.4711476468188717]
[38504,28557,1.0,0.6986396383416017]
[125305,80052,1.0,0.44380726180840313]
[62015,8433,1.0,0.43282713634032477]
[26031,26028,1.0,0.9434537765501315]
[26031,26025,1.0,0.979096934562139]
[13667,13664,1.0,0.9918602888581872]
[122710,12293,1.0,0.5284409665484823]
[26028,26025,1.0,0.9911506446818257]
[13670,13667,1.0,0.9804131839764029]
[13670,13664,1.0,0.984666338715265]
[113953,113944,1.0,0.9899391153869118]
[113953,113950,1.0,0.778539285366131]
[113953,113947,1.0,0.7265741125650081]
[87934,66446,1.0,0.40291693332786316]
[113959,113944,1.0,0.963532515565101]
[113959,113953,1.0,0.9337830552988178]
[113959,113950,1.0,0.6071167603890304]
[113959,113947,1.0,0.5311043083191006]
[6453,6450,1.0,0.9719663262629789]
[76891,62015,1.0,0.40824981321465903]
[113950,113944,1.0,0.6653056950264133]
[33284,8433,1.0,0.4031692219133062]
[113947,113944,1.0,0.7265741125650081]
[67873,6659,1.0,0.42904373498736165]
[119170,26500,1.0,0.4576173630975619]
[52067,52064,1.0,0.9775212481683445]
[131874,131871,1.0,0.992618336087149]
[52073,52067,1.0,0.8989669978422798]
[52073,52064,1.0,0.9587283899209582]
[93481,93475,1.0,0.9536841371371487]
[93481,93478,1.0,0.78166268440341]
[93484,93481,1.0,0.8940784822716062]
[93484,93475,1.0,0.9915964436623776]
[93484,93478,1.0,0.945393642374393]
[93478,93475,1.0,0.9612903499061303]
[32190,32187,1.0,0.991933846814903]
[90353,90350,1.0,0.9856726442259031]
[80851,80848,1.0,0.9811035170423777]
[80851,80845,1.0,0.9367790498973501]
[80851,80842,1.0,0.9826046526176825]
[80848,80845,1.0,0.9762510753728082]
[80848,80842,1.0,0.9912365516097598]
[78258,78255,1.0,0.9929318100825512]
[80845,80842,1.0,0.9669466658196846]
[78267,78255,1.0,0.9675532421020944]
[78267,78258,1.0,0.904717145534068]
[78267,78261,1.0,0.9675532421020944]
[78267,78264,1.0,0.8299028569365043]
[78261,78255,1.0,0.9905564682541387]
[78261,78258,1.0,0.9689241372276748]
[78264,78255,1.0,0.9431956712139695]
[78264,78258,1.0,0.8770328566677837]
[78264,78261,1.0,0.913748254371757]
[81835,51508,1.0,0.5056847377015142]
[81835,73755,1.0,0.44426570799425324]
[68147,68144,1.0,0.9856910601521042]
[68147,21803,1.0,0.45417194828923624]
[30512,30509,1.0,0.6750940742863405]
[30512,30506,1.0,0.5275164824464988]
[30509,30506,1.0,0.9908816929606714]
[21741,21738,1.0,0.9925468645354409]
[78541,72676,1.0,0.6453936714607922]
[21744,21741,1.0,0.9853300846766916]
[21744,21738,1.0,0.9905564682541387]
[74241,74235,1.0,0.9922323843947127]
[74241,74238,1.0,0.9809589402609286]
[74244,74241,1.0,0.9892436913832031]
[74244,74235,1.0,0.988421098306559]
[74244,74238,1.0,0.9718907850517332]
[117354,78541,1.0,0.41704398733429143]
[21747,21741,1.0,0.9925468645354409]
[21747,21738,1.0,0.9952227536000962]
[21747,21744,1.0,0.9905564682541387]
[74238,74235,1.0,0.9803756086884894]
[74818,74812,1.0,0.970283927542044]
[74818,49448,1.0,0.4649917943348811]
[74818,54895,1.0,0.40560662632601857]
[74818,74815,1.0,0.965267614537572]
[38933,38930,1.0,0.9592257104097374]
[74821,74812,1.0,0.9776545623930015]
[74821,74818,1.0,0.9086234148166628]
[74821,74815,1.0,0.9776545623930015]
[849,846,1.0,0.9740568924175756]
[53024,36894,1.0,0.506291779942553]
[38936,38930,1.0,0.9905564682541387]
[38936,38933,1.0,0.9253737269309988]
[38942,38930,1.0,0.8136805379406965]
[38942,38933,1.0,0.6209738234385963]
[38942,38936,1.0,0.773479142616798]
[38942,38939,1.0,0.8136805379406965]
[41096,38930,1.0,0.4241613784114336]
[41096,38933,1.0,0.4394539534601426]
[41096,38936,1.0,0.4241613784114336]
[41096,38939,1.0,0.4241613784114336]
[41096,41093,1.0,0.952640876559588]
[41096,29683,1.0,0.4033357437585434]
[8667,8664,1.0,0.9873253145995766]
[50392,28529,1.0,0.5460563354206994]
[38939,38930,1.0,0.9949181171750051]
[38939,38933,1.0,0.957945435057753]
[38939,38936,1.0,0.9900881831091584]
[8673,8667,1.0,0.9840361741118626]
[8673,8664,1.0,0.9938330733054215]
[74815,74812,1.0,0.9941331399080218]
[74824,74812,1.0,0.9753383599388342]
[74824,74818,1.0,0.9787081289904874]
[74824,74821,1.0,0.9450410757003939]
[74824,74815,1.0,0.971019639078518]
[92483,92477,1.0,0.9820044315560388]
[41099,41096,1.0,0.6204129601881307]
[41099,41093,1.0,0.9337073493284527]
[52024,30147,1.0,0.4167895672084735]
[68407,30147,1.0,0.6490356685007757]
[123727,123721,1.0,0.9916928888813668]
[123727,123724,1.0,0.7824365827813287]
[33369,30147,1.0,0.48562073100843034]
[86404,86401,1.0,0.9929318100825512]
[86404,30147,1.0,0.42997842625807176]
[72227,30147,1.0,0.49188923016196817]
[77882,30147,1.0,0.4103600627466934]
[87282,30147,1.0,0.5408559624682993]
[54226,54220,1.0,0.9406400636804031]
[54226,54223,1.0,0.9306128838210019]
[62617,30147,1.0,0.5252898696003221]
[54229,54226,1.0,0.8852973484481395]
[54229,54220,1.0,0.9889718637302842]
[54229,54223,1.0,0.9865752683199189]
[123730,123727,1.0,0.9916928888813668]
[123730,123721,1.0,0.9952227536000962]
[123730,123724,1.0,0.7824365827813287]
[83972,30147,1.0,0.4446875190311107]
[86401,30147,1.0,0.42997842625807176]
[87188,87185,1.0,0.9785493891424097]
[128062,30147,1.0,0.40404275608585055]
[48929,30147,1.0,0.641607021359179]
[123724,123721,1.0,0.7824365827813287]
[54223,54220,1.0,0.9901442676325161]
[86407,86404,1.0,0.8898747958774644]
[86407,86401,1.0,0.9124309152487339]
[86407,30147,1.0,0.4540051660256675]
[30147,27045,1.0,0.40889083790577097]
[30147,28426,1.0,0.46674402586150315]
[39793,30147,1.0,0.5284898974772284]
[122100,14794,1.0,0.5640165079851962]
[122100,77860,1.0,0.4003153530222346]
[52229,30147,1.0,0.4514721471956065]
[79048,30147,1.0,0.4082606309826811]
[114241,30147,1.0,0.40216872054623304]
[21613,21607,1.0,0.9936282955531263]
[21616,21613,1.0,0.9515968836822091]
[21616,21607,1.0,0.9606835695869278]
[103453,20374,1.0,0.41516072038150126]
[110209,17925,1.0,0.4391213366283779]
[26812,26809,1.0,0.9609017742422746]
[116214,17925,1.0,0.42024217905912925]
[19971,19968,1.0,0.9817958769484981]
[19971,19965,1.0,0.9930409068020026]
[37009,37006,1.0,0.9696263325492764]
[37009,37000,1.0,0.9860676321982951]
[37009,37003,1.0,0.8983965004169482]
[26815,26812,1.0,0.9820240721965642]
[26815,26809,1.0,0.9942129708818666]
[85787,68344,1.0,0.5145276567314827]
[64389,30005,1.0,0.4778292223282208]
[36856,17925,1.0,0.4706746320190877]
[70890,17925,1.0,0.4323132461181473]
[99766,17925,1.0,0.4550837817731974]
[37006,37000,1.0,0.9850514183652405]
[37006,37003,1.0,0.873407239113248]
[79706,17925,1.0,0.43905191518803754]
[90596,90590,1.0,0.5591643290718411]
[90596,90584,1.0,0.661328832847699]
[90596,90587,1.0,0.6272193241786242]
[90596,17925,1.0,0.42021401730549174]
[90596,90593,1.0,0.5926506487778932]
[13666,13663,1.0,0.9916018616880666]
[83901,64389,1.0,0.4138611271925777]
[83901,64392,1.0,0.4507962080801221]
[90590,90584,1.0,0.9741487286227757]
[90590,90587,1.0,0.9677563292320762]
[90590,19947,1.0,0.4435097470925887]
[47297,17925,1.0,0.5732470571792218]
[64392,64389,1.0,0.9813934972594958]
[131050,131047,1.0,0.9774865468293257]
[90584,19947,1.0,0.4435097470925887]
[39095,17925,1.0,0.4005704556423402]
[34353,17925,1.0,0.5526776207138276]
[41722,17925,1.0,0.4852846857415578]
[90587,90584,1.0,0.9898340414422098]
[19968,19965,1.0,0.9929318100825512]
[67746,17925,1.0,0.4456294010635451]
[124873,17925,1.0,0.46004543775474405]
[68344,16284,1.0,0.570271385173683]
[68344,50178,1.0,0.6723337016861088]
[68344,42892,1.0,0.4092672261401335]
[68344,68341,1.0,0.9952227536000962]
[68344,25595,1.0,0.4224823596428137]
[88651,88648,1.0,0.9681395346030881]
[109342,109339,1.0,0.9551497443188914]
[17925,8492,1.0,0.47005703201605054]
[37003,37000,1.0,0.9774384278308679]
[119574,68344,1.0,0.5154693828483438]
[21056,21053,1.0,0.9907453314477414]
[88557,17925,1.0,0.4030916212862691]
[119577,68344,1.0,0.5154693828483438]
[119577,119574,1.0,0.9685707060287229]
[127725,83901,1.0,0.4018854065933411]
[127725,68344,1.0,0.4590380321253036]
[79783,79780,1.0,0.9929447031128371]
[130000,26809,1.0,0.40623236825917425]
[69508,68341,1.0,0.4219675612993725]
[69508,68344,1.0,0.6622552372002093]
[88458,88455,1.0,0.9751039084401417]
[88461,88455,1.0,0.9895147614263562]
[88461,88458,1.0,0.9513114996508562]
[74701,26809,1.0,0.4349441655546021]
[74701,26815,1.0,0.4113252571434483]
[90593,90590,1.0,0.9191463569661859]
[90593,90584,1.0,0.9235906039041648]
[90593,90587,1.0,0.916623375699729]
[90593,19947,1.0,0.4632604838385371]
[64395,50178,1.0,0.44942009549952183]
[64395,64389,1.0,0.6345227363455717]
[64395,64392,1.0,0.45393712251037854]
[106833,17925,1.0,0.44769109454070233]
[123526,7237,1.0,0.4161264422360923]
[13888,13885,1.0,0.9757026304086904]
[13891,13888,1.0,0.8191484686384406]
[13891,13885,1.0,0.9150538854729271]
[74285,55338,1.0,0.45132476722514164]
[87795,87789,1.0,0.9028194090926354]
[87795,87786,1.0,0.9835610749821442]
[28064,28061,1.0,0.9825843814616981]
[87789,87786,1.0,0.8279537081839016]
[77176,77164,1.0,0.9918437588957113]
[77176,77170,1.0,0.9905220116837696]
[77176,77167,1.0,0.9816798682992839]
[77176,77173,1.0,0.978991129305931]
[77170,77164,1.0,0.9936282955531263]
[77170,77167,1.0,0.9787018675743389]
[77167,77164,1.0,0.9810766062260303]
[43263,4309,1.0,0.5664305678675343]
[75642,4309,1.0,0.46958104304662873]
[75642,54632,1.0,0.48032371533850404]
[75642,43263,1.0,0.5141213518488896]
[77173,77164,1.0,0.988481015970156]
[77173,77170,1.0,0.9849525528322908]
[77173,77167,1.0,0.9579438915734605]
[23667,23661,1.0,0.9940396568789889]
[31444,580,1.0,0.5165140327374707]
[31444,31438,1.0,0.9586177625840603]
[76226,31444,1.0,0.42011813874001847]
[31441,31438,1.0,0.6564417263090315]
[105432,105423,1.0,0.976731991752574]
[1076,1073,1.0,0.9341786458086991]
[91441,91438,1.0,0.9952227536000962]
[115495,91441,1.0,0.669113728341168]
[130290,109495,1.0,0.42161080486090446]
[91450,91441,1.0,0.9927904021198166]
[91450,91438,1.0,0.7291865118894956]
[91444,91441,1.0,0.8179920612128726]
[91444,91438,1.0,0.8179920612128726]
[47944,47941,1.0,0.9899044822325797]
[106791,106782,1.0,0.9952227536000962]
[106791,106785,1.0,0.9823296067561756]
[127765,34661,1.0,0.4024699634287058]
[127765,22563,1.0,0.6217262071518106]
[127765,104830,1.0,0.4627919901241806]
[127765,53262,1.0,0.5337900473363129]
[106785,106782,1.0,0.9886938725434]
[16868,16865,1.0,0.9946939993737459]
[16871,16868,1.0,0.9844521962219561]
[16871,16865,1.0,0.9858865513319539]
[81183,50189,1.0,0.4004810037669277]
[55334,55331,1.0,0.9676088499716309]
[55337,55334,1.0,0.967540379333285]
[55337,55331,1.0,0.9938647243311929]
[121845,81183,1.0,0.4557955157322375]
[121845,102105,1.0,0.6273446374128]
[121845,49697,1.0,0.5595644952792835]
[121845,27118,1.0,0.4093930137014156]
[121845,70340,1.0,0.4686247171608747]
[121845,5919,1.0,0.40530023165365564]
[35263,35254,1.0,0.9866127541578446]
[35263,35257,1.0,0.980869897179778]
[117687,73505,1.0,0.42494628256313616]
[35257,35254,1.0,0.9929495960445205]
[73505,58938,1.0,0.475091023494376]
[51470,50331,1.0,0.5065481297609175]
[88049,88046,1.0,0.7602270876904148]
[2271,2265,1.0,0.7277884018581241]
[2268,2265,1.0,0.6515094907639465]
[90315,90312,1.0,0.9911959333624409]
[108135,33511,1.0,0.47392989931570173]
[108135,31404,1.0,0.5906838556148117]
[108135,106387,1.0,0.48106556486466795]
[108135,12220,1.0,0.648094348034014]
[108135,88020,1.0,0.44916145151347797]
[108135,92677,1.0,0.5874705692207572]
[108135,44354,1.0,0.4711024157196117]
[108135,43746,1.0,0.49298550596740315]
[108135,98982,1.0,0.6056421170079588]
[108135,25050,1.0,0.5572733860248842]
[108135,55063,1.0,0.6569375604545382]
[108135,103192,1.0,0.6709049255889331]
[108135,36232,1.0,0.48935082704502947]
[108135,90007,1.0,0.5045916446865921]
[108135,80602,1.0,0.40107027496528874]
[108135,32379,1.0,0.42280520849962583]
[108135,11617,1.0,0.47646702592921075]
[108135,92221,1.0,0.47827649642060305]
[108135,56110,1.0,0.47562122322938416]
[108135,13522,1.0,0.5831712592502859]
[108135,76382,1.0,0.8292187627259463]
[108135,101787,1.0,0.42826730540801006]
[108135,13525,1.0,0.6779008420315572]
[108135,18492,1.0,0.4167143767393604]
[107110,107107,1.0,0.9732558240043514]
[115362,37779,1.0,0.5574024882856914]
[132582,132579,1.0,0.9952227536000962]
[90007,46021,1.0,0.42750863437136105]
[123187,108135,1.0,0.4033981196465775]
[123187,98982,1.0,0.5591142694513275]
[123187,70137,1.0,0.4092342443929404]
[70137,46021,1.0,0.4577065138130679]
[132588,132579,1.0,0.9945537781878135]
[132588,132582,1.0,0.9945537781878135]
[132588,132585,1.0,0.9945537781878135]
[20907,20901,1.0,0.965635998453161]
[20907,20904,1.0,0.9506267801064091]
[131682,108135,1.0,0.4314057303313427]
[131682,123187,1.0,0.7167450199449543]
[20904,20901,1.0,0.9946149626479851]
[14623,14617,1.0,0.9899137687927617]
[46021,33511,1.0,0.4030967026685323]
[46021,12220,1.0,0.41506028396462974]
[41762,41759,1.0,0.9895661266482731]
[89253,89250,1.0,0.9867713095325108]
[132585,132579,1.0,0.9952227536000962]
[132585,132582,1.0,0.9952227536000962]
[20910,20907,1.0,0.9616709435016241]
[20910,20901,1.0,0.9944660782509854]
[20910,20904,1.0,0.9911724355967659]
[127684,108135,1.0,0.4241977543883438]
[13525,13522,1.0,0.9696620789195837]
[81684,81681,1.0,0.965452633616885]
[71218,44118,1.0,0.5330763483549082]
[71218,58256,1.0,0.5610709514425024]
[126463,44118,1.0,0.42605638316913824]
[79407,75986,1.0,0.668799686247736]
[87023,75986,1.0,0.6486479009619326]
[82452,75971,1.0,0.44208728452325824]
[82452,75986,1.0,0.8520413405576918]
[108589,108583,1.0,0.9746169947752034]
[108589,108586,1.0,0.9700105628864674]
[83976,75971,1.0,0.4172491544444717]
[83976,75986,1.0,0.8683656203102914]
[126271,75986,1.0,0.6647212636577475]
[75974,44285,1.0,0.5545665973657895]
[75974,8826,1.0,0.5544304315207598]
[75974,62615,1.0,0.46396277929625435]
[75974,41782,1.0,0.453219902733194]
[75974,75971,1.0,0.9435757433873435]
[75974,52300,1.0,0.4121815622960424]
[75974,62618,1.0,0.5309279159115674]
[84778,75971,1.0,0.4470111319690539]
[84778,75986,1.0,0.8329094982199889]
[78797,75986,1.0,0.8120465908992741]
[120597,75986,1.0,0.5736173348051948]
[75971,39211,1.0,0.415947007777821]
[75971,9284,1.0,0.6414909793552647]
[75983,75974,1.0,0.9435757433873435]
[75983,75971,1.0,0.9952227536000962]
[75983,9284,1.0,0.40125740450507136]
[15899,8826,1.0,0.4413357738184217]
[13722,13716,1.0,0.9941331399080218]
[108592,108589,1.0,0.7401175031579083]
[108592,108583,1.0,0.6749000649425723]
[108592,75986,1.0,0.48410906607376447]
[108592,108586,1.0,0.6730487062645448]
[93116,75986,1.0,0.6587249244079078]
[114598,75986,1.0,0.7108095984835983]
[75986,44285,1.0,0.4557764602152921]
[75986,39211,1.0,0.7306053419494142]
[75986,8826,1.0,0.5287303680566754]
[75986,13716,1.0,0.7147674711602919]
[75986,20264,1.0,0.5319061218178115]
[75986,75974,1.0,0.9435757433873435]
[75986,28258,1.0,0.4299576611008551]
[75986,38582,1.0,0.5795463114832095]
[75986,41782,1.0,0.40313492981778454]
[75986,75971,1.0,0.9952227536000962]
[75986,75983,1.0,0.9952227536000962]
[75986,50962,1.0,0.4757239995550868]
[75986,13722,1.0,0.6846196219822774]
[75986,9284,1.0,0.6414909793552647]
[75986,72249,1.0,0.48630630517997037]
[75986,62618,1.0,0.45517542567606506]
[110992,75986,1.0,0.6773722552212923]
[108586,108583,1.0,0.9934197647450789]
[104628,75986,1.0,0.6219476651930513]
[62618,62615,1.0,0.9358603946613446]
[62618,52300,1.0,0.501583088410638]
[37907,37898,1.0,0.9947493589308589]
[37907,37895,1.0,0.9856433572109563]
[37907,37892,1.0,0.9952227536000962]
[37898,37895,1.0,0.9947493589308589]
[37898,37892,1.0,0.9947493589308589]
[37895,37892,1.0,0.9864525266558052]
[97800,74298,1.0,0.6958433440206807]
[97800,49496,1.0,0.40221426051044706]
[129109,129106,1.0,0.980114889902902]
[58441,34680,1.0,0.48160044858556195]
[58441,34683,1.0,0.48160044858556195]
[32129,32126,1.0,0.9752269209709208]
[92218,92215,1.0,0.9952227536000962]
[59722,32132,1.0,0.48563761853506804]
[74755,58441,1.0,0.5025947218323614]
[32132,32129,1.0,0.9830005112481548]
[32132,32126,1.0,0.9952227536000962]
[34683,34680,1.0,0.9853306621120967]
[73810,68399,1.0,0.6526235923306499]
[8681,8678,1.0,0.975498160124207]
[83107,12319,1.0,0.4333841692548401]
[23518,23515,1.0,0.9861570655652199]
[76695,76692,1.0,0.9877726362494229]
[123357,123351,1.0,0.7132766104718922]
[123357,123354,1.0,0.6290520546103876]
[123357,123348,1.0,0.8420249133955997]
[112714,66988,1.0,0.42678883112596033]
[743,740,1.0,0.9952227536000962]
[123351,123348,1.0,0.9864608287311907]
[749,740,1.0,0.990762565108088]
[749,743,1.0,0.990762565108088]
[123354,123351,1.0,0.9469538473629062]
[123354,123348,1.0,0.969323030720027]
[124153,124150,1.0,0.9952227536000962]
[123360,123357,1.0,0.7414168383885587]
[123360,123351,1.0,0.9744651874408342]
[123360,123354,1.0,0.9811077443983659]
[123360,123348,1.0,0.988421098306559]
[114322,114319,1.0,0.9927742648919292]
[114322,18466,1.0,0.4738404948762069]
[114322,11484,1.0,0.4278130938088285]
[114322,63829,1.0,0.4115235930613286]
[114325,114322,1.0,0.9161162959262668]
[114325,114319,1.0,0.9385448893505859]
[114325,11484,1.0,0.40155477656342575]
[114319,18466,1.0,0.4738404948762069]
[114319,11484,1.0,0.4689251442047706]
[114319,63829,1.0,0.4115235930613286]
[30409,29550,1.0,0.4651847155288976]
[75898,38598,1.0,0.7428853312425163]
[75898,75892,1.0,0.9753153244347711]
[75898,75895,1.0,0.9753153244347711]
[75895,75892,1.0,0.9811339540302978]
[13848,13845,1.0,0.9950492062368131]
[13848,13842,1.0,0.9950492062368131]
[13845,13842,1.0,0.9806855882132952]
[13851,13848,1.0,0.9952227536000962]
[13851,13845,1.0,0.9808381346058669]
[13851,13842,1.0,0.9952227536000962]
[13854,13848,1.0,0.9918792309311883]
[13854,13845,1.0,0.9604204071496671]
[13854,13842,1.0,0.9921471266607758]
[13854,13851,1.0,0.9921471266607758]
[121185,121179,1.0,0.946270591553152]
[121185,121182,1.0,0.9952227536000962]
[121185,121176,1.0,0.9952227536000962]
[10945,10942,1.0,0.9877726362494229]
[127230,127227,1.0,0.9922323843947127]
[121179,10945,1.0,0.452450899880127]
[121179,121176,1.0,0.9838899306370886]
[121179,2349,1.0,0.8061171383083695]
[121182,121179,1.0,0.948081042206253]
[121182,121176,1.0,0.9952227536000962]
[121182,2349,1.0,0.4398898288539565]
[120157,120151,1.0,0.9802803757658528]
[120157,120154,1.0,0.9802803757658528]
[120154,120151,1.0,0.9952227536000962]
[18156,18153,1.0,0.9917278833034636]
[76938,76932,1.0,0.9937807051809457]
[76938,76935,1.0,0.9897517489815026]
[76935,76932,1.0,0.9937807051809457]
[77668,77665,1.0,0.9811399381910516]
[37633,37624,1.0,0.9879066183115751]
[37633,37627,1.0,0.9844527373438421]
[37633,37630,1.0,0.9801081857842139]
[37627,37624,1.0,0.9853583434873738]
[37630,37624,1.0,0.9834921380126651]
[37630,37627,1.0,0.9790112273361945]
[77671,77668,1.0,0.66823123655303]
[77671,77665,1.0,0.7963589402104586]
[77242,13060,1.0,0.5722896493069884]
[77674,77668,1.0,0.9530836836483603]
[77674,77671,1.0,0.7726945329362493]
[77674,77665,1.0,0.9913795926740815]
[82371,25253,1.0,0.42167145532236494]
[11002,10999,1.0,0.9701572632145836]
[83454,72364,1.0,0.41844240139818334]
[52644,42652,1.0,0.5884601031315884]
[52644,42658,1.0,0.46573410120316655]
[42658,42652,1.0,0.9070211231685509]
[48356,48350,1.0,0.9938647243311929]
[48356,48353,1.0,0.9778500108470657]
[48356,48347,1.0,0.9938647243311929]
[48350,48347,1.0,0.9952227536000962]
[68606,68603,1.0,0.993386613593774]
[68609,68606,1.0,0.9929847379967589]
[68609,68603,1.0,0.9949181171750051]
[48353,48350,1.0,0.9938882018368809]
[48353,9592,1.0,0.4158510962838817]
[48353,48347,1.0,0.9910337422658919]
[101422,48353,1.0,0.4457013443474766]
[3901,3895,1.0,0.9874882310208049]
[97965,68606,1.0,0.5388270979732906]
[97965,68603,1.0,0.5388270979732906]
[97965,68609,1.0,0.5682490217982503]
[60973,48353,1.0,0.5632679588034968]
[51866,51863,1.0,0.9915351280353673]
[51866,27717,1.0,0.5550506728718778]
[50641,50638,1.0,0.9914756223331858]
[12920,12917,1.0,0.9739335825175263]
[12920,12911,1.0,0.9876194874660417]
[12920,12914,1.0,0.9762190900967874]
[51685,51679,1.0,0.9842528753729216]
[51685,51682,1.0,0.44240353803360366]
[12917,12911,1.0,0.9895147614263562]
[12917,12914,1.0,0.9792793155335405]
[17669,17663,1.0,0.812869010241579]
[12914,12911,1.0,0.989973982960813]
[79380,79374,1.0,0.9946149626479851]
[79380,79377,1.0,0.9919130404558051]
[115737,115734,1.0,0.9877726362494229]
[115740,115737,1.0,0.9814830369045234]
[115740,115734,1.0,0.9922323843947127]
[79377,79374,1.0,0.9927904021198166]
[75377,75368,1.0,0.9930750981066655]
[75377,75371,1.0,0.9725469192028533]
[131589,38657,1.0,0.42059964644737213]
[79383,79374,1.0,0.8623152472990798]
[79383,79380,1.0,0.814190431799501]
[79383,79377,1.0,0.8308975002716723]
[75383,75368,1.0,0.9914756223331858]
[75383,75377,1.0,0.987785248680631]
[75383,75371,1.0,0.9668412884307871]
[75383,75380,1.0,0.9845909312904391]
[75371,75368,1.0,0.9804546423391266]
[75380,75368,1.0,0.9911959333624409]
[75380,75377,1.0,0.9908305555609567]
[75380,75371,1.0,0.9659896762548208]
[107257,23473,1.0,0.5031675559436355]
[107257,6715,1.0,0.4207371445567208]
[88912,29074,1.0,0.448604017525548]
[88912,6715,1.0,0.5616597127862023]
[39775,22603,1.0,0.4641196698443072]
[54152,20948,1.0,0.4573985673490734]
[110713,22065,1.0,0.5386959352150431]
[110713,39775,1.0,0.46813960533621113]
[110713,54152,1.0,0.4256113644759762]
[110713,88460,1.0,0.41806613338636817]
[110713,4760,1.0,0.517694378057556]
[110713,87204,1.0,0.6197596271958771]
[110713,22071,1.0,0.5032555789937319]
[110713,94713,1.0,0.5750106792164712]
[110713,29074,1.0,0.7083792371504549]
[110713,7426,1.0,0.4393560860545385]
[110713,4515,1.0,0.5204661291293371]
[110713,6782,1.0,0.502162283023791]
[110713,22068,1.0,0.5125780088071106]
[110713,102525,1.0,0.6586469426432259]
[110713,16059,1.0,0.4057837183252768]
[110713,45214,1.0,0.5321600535305644]
[110713,81590,1.0,0.5001950345955714]
[110713,35223,1.0,0.5036078247287022]
[110713,97524,1.0,0.49498247280586566]
[110713,110710,1.0,0.9952227536000962]
[110713,60443,1.0,0.5746724307724234]
[110713,49087,1.0,0.5567188240376018]
[110713,45154,1.0,0.5618408427809078]
[110713,13798,1.0,0.5124808347188639]
[110713,22603,1.0,0.9295701157205298]
[110713,85575,1.0,0.5403837991043101]
[110713,31256,1.0,0.8840410640854518]
[110713,64902,1.0,0.5457914111431159]
[110713,28333,1.0,0.42438909234194255]
[110713,78069,1.0,0.5455714408850487]
[110713,21333,1.0,0.45978047221634677]
[110713,6715,1.0,0.611111999068065]
[110713,106821,1.0,0.5333191110816619]
[110713,21617,1.0,0.5404938723170045]
[110713,39531,1.0,0.4920226283195992]
[110713,61396,1.0,0.509319157247556]
[110713,20948,1.0,0.8748332043108413]
[110713,100708,1.0,0.5146252479330874]
[110713,85489,1.0,0.5047044262091125]
[110713,74625,1.0,0.8730473682194169]
[110713,11023,1.0,0.47366542446056403]
[110713,67956,1.0,0.9317527737984228]
[110713,2345,1.0,0.50981079250088]
[110713,1743,1.0,0.40910415739063694]
[110713,7014,1.0,0.4437268773668567]
[110713,2342,1.0,0.5760539302123366]
[88460,31256,1.0,0.7342785435488363]
[88460,20948,1.0,0.5465551144283559]
[87204,20948,1.0,0.4663876713321598]
[87204,74625,1.0,0.4245694347255287]
[87204,67956,1.0,0.48990138081720686]
[74414,26477,1.0,0.41776714445859897]
[22071,22065,1.0,0.9938647243311929]
[22071,22068,1.0,0.9862710355251496]
[28670,4515,1.0,0.7634704217089606]
[28670,25389,1.0,0.427804486740328]
[59845,6715,1.0,0.42729010747366175]
[37776,4515,1.0,0.4987044643665234]
[29074,26477,1.0,0.7341089398778377]
[29074,6715,1.0,0.5534104755225798]
[29074,9783,1.0,0.43769366905268153]
[12799,6715,1.0,0.4850494428184088]
[91769,6715,1.0,0.4846568915098498]
[28339,28333,1.0,0.9692550337092497]
[28339,20948,1.0,0.6440717592228807]
[26477,22603,1.0,0.4788596228529172]
[26477,6715,1.0,0.7239928440668586]
[26477,20948,1.0,0.4450682446675993]
[26477,9783,1.0,0.46866846209612223]
[22068,22065,1.0,0.9892190566243226]
[102525,31256,1.0,0.4263782012705089]
[102525,74625,1.0,0.4056575076785868]
[102525,67956,1.0,0.49431713030039537]
[79567,6715,1.0,0.40946500567014527]
[70148,29074,1.0,0.4077430608395253]
[25389,4515,1.0,0.45449843085942865]
[45214,22603,1.0,0.4817627270281675]
[81590,28670,1.0,0.7637889499350077]
[81590,37776,1.0,0.49040254908552655]
[81590,4515,1.0,0.5653172351675255]
[81590,25389,1.0,0.4552355604907718]
[132483,132480,1.0,0.6665227775569197]
[132483,132477,1.0,0.9936282955531263]
[132480,132477,1.0,0.6665227775569197]
[35223,22603,1.0,0.4151244857589789]
[35223,31256,1.0,0.4431005795847425]
[35223,20948,1.0,0.5069462652248553]
[97524,49087,1.0,0.5434061465588289]
[97524,22603,1.0,0.40338619147730814]
[97524,20948,1.0,0.5497418754955578]
[97524,74625,1.0,0.4579845492976795]
[97524,67956,1.0,0.5653325790420561]
[110710,49087,1.0,0.5567188240376018]
[110710,22603,1.0,0.6958375890175241]
[110710,31256,1.0,0.5957682470276399]
[110710,20948,1.0,0.6287259288236492]
[110710,74625,1.0,0.5596560994428242]
[110710,67956,1.0,0.6106293335189349]
[74845,6715,1.0,0.4000010169248851]
[60443,28670,1.0,0.7375322727051906]
[60443,37776,1.0,0.4018666347757299]
[60443,25389,1.0,0.41741714629309146]
[35895,6715,1.0,0.6026961007274243]
[49087,39775,1.0,0.5490849171664506]
[49087,4114,1.0,0.47721517741908215]
[49087,29074,1.0,0.5448190110465116]
[49087,28339,1.0,0.6573917316455004]
[49087,22603,1.0,0.8644659766447569]
[49087,31256,1.0,0.7824918425684434]
[49087,28333,1.0,0.6202773361324221]
[49087,6715,1.0,0.5092252995874835]
[49087,13641,1.0,0.4106486681110935]
[49087,20948,1.0,0.8062482092962926]
[10018,4515,1.0,0.4030722086053444]
[56743,6715,1.0,0.413379057111335]
[22603,4114,1.0,0.6736625314122525]
[22603,4760,1.0,0.4135089887526491]
[22603,7426,1.0,0.42116623227345795]
[22603,13798,1.0,0.44024615737336703]
[22603,20948,1.0,0.4189564042188596]
[22603,1743,1.0,0.42908825188937705]
[22603,7014,1.0,0.4325500559905177]
[110827,110824,1.0,0.9746951570838048]
[110827,110821,1.0,0.9844003585578739]
[85575,74625,1.0,0.46037068960705496]
[85575,67956,1.0,0.4050774849366702]
[110824,110821,1.0,0.9865958098326216]
[31256,28339,1.0,0.718845260988765]
[31256,28333,1.0,0.6866505851041211]
[31256,20948,1.0,0.4488812717999663]
[31256,1743,1.0,0.4681693219704206]
[31256,21241,1.0,0.45245524014528044]
[62382,26477,1.0,0.4439393542187648]
[64902,49087,1.0,0.42618332287866717]
[64902,22603,1.0,0.5419216010095868]
[64902,20948,1.0,0.42611190938595467]
[121555,110713,1.0,0.4022222157129474]
[121555,49087,1.0,0.4840666974976528]
[121555,31256,1.0,0.5965556331990504]
[121555,20948,1.0,0.6348801519520172]
[121555,74625,1.0,0.5206169000201477]
[121555,67956,1.0,0.5390151720644539]
[28333,20948,1.0,0.6310590755337684]
[78069,74625,1.0,0.43657812455004263]
[60030,6715,1.0,0.47282790784985607]
[129054,26477,1.0,0.42680186593290276]
[129054,6715,1.0,0.4067089848684166]
[132514,110713,1.0,0.5316167626075411]
[132514,28339,1.0,0.45041346456519293]
[132514,49087,1.0,0.4256561246360718]
[132514,22603,1.0,0.4707858237997832]
[106821,74625,1.0,0.43511927932216815]
[132486,132483,1.0,0.9864899969707136]
[132486,132480,1.0,0.6665227775569197]
[132486,132477,1.0,0.9895661266482731]
[61396,49087,1.0,0.4077764649128154]
[61396,22603,1.0,0.5244755117555189]
[61396,31256,1.0,0.40548105373879606]
[62776,29074,1.0,0.4168123895041257]
[62776,6715,1.0,0.564838284636455]
[20948,4114,1.0,0.41078460226867014]
[20948,7426,1.0,0.4580489331975037]
[20948,6782,1.0,0.4051465400702641]
[20948,13798,1.0,0.4069437701495186]
[20948,7014,1.0,0.5289624697712412]
[20948,2342,1.0,0.413099074158264]
[100708,22603,1.0,0.4977340739056121]
[100708,20948,1.0,0.5405780652941993]
[100708,67956,1.0,0.45777014877319006]
[110716,110713,1.0,0.9939271578468796]
[110716,110710,1.0,0.9939271578468796]
[110716,22603,1.0,0.4827962124824463]
[110716,20948,1.0,0.40544730047856475]
[110716,67956,1.0,0.4568432305572036]
[127768,110713,1.0,0.6795374923164877]
[127768,31256,1.0,0.5824613621229814]
[127768,67956,1.0,0.5674839572159114]
[85489,31256,1.0,0.42972154312673655]
[85489,74625,1.0,0.43153569504166867]
[94292,29074,1.0,0.4944844725661942]
[94292,6715,1.0,0.5787843814868104]
[74625,39775,1.0,0.5899815500185186]
[74625,54152,1.0,0.46903940052579124]
[74625,4114,1.0,0.4488670844814285]
[74625,4760,1.0,0.49043999189748294]
[74625,7426,1.0,0.45119647399683244]
[74625,28339,1.0,0.5445375993315426]
[74625,26477,1.0,0.5449908882574818]
[74625,35223,1.0,0.446233284192888]
[74625,49087,1.0,0.779756277663658]
[74625,22603,1.0,0.4435046021874755]
[74625,64902,1.0,0.46316329547827384]
[74625,28333,1.0,0.5445375993315426]
[74625,20948,1.0,0.40342773391376324]
[74625,67956,1.0,0.4144774947758579]
[74625,1743,1.0,0.49820223222637133]
[74625,7014,1.0,0.42055033396187047]
[67956,22065,1.0,0.47342354462146136]
[67956,54152,1.0,0.4595106066631387]
[67956,4760,1.0,0.5345847274029697]
[67956,22071,1.0,0.4032940209675168]
[67956,28670,1.0,0.4797912185040418]
[67956,28339,1.0,0.5425851355459417]
[67956,26477,1.0,0.6107717042582907]
[67956,22068,1.0,0.5051019420736899]
[67956,16059,1.0,0.44161132261348823]
[67956,35223,1.0,0.4057354611613514]
[67956,49087,1.0,0.8171685827802496]
[67956,45154,1.0,0.40947484869827494]
[67956,13798,1.0,0.4490743293010709]
[67956,60519,1.0,0.4892429563008134]
[67956,22603,1.0,0.6839823835588417]
[67956,64902,1.0,0.42639957975026277]
[67956,28333,1.0,0.5425851355459417]
[67956,21333,1.0,0.4545724787360045]
[67956,13641,1.0,0.46412553064110695]
[67956,39531,1.0,0.4385396196758118]
[67956,11023,1.0,0.4911199475632588]
[67956,21241,1.0,0.47592876842989323]
[67956,7014,1.0,0.4851756070504893]
[67956,45607,1.0,0.516018091982368]
[2345,2342,1.0,0.9606639111747711]
[117444,110713,1.0,0.4661216228702369]
[117444,74625,1.0,0.42865360028214616]
[118300,110713,1.0,0.52194749799982]
[118300,22603,1.0,0.4320734290836554]
[118300,20948,1.0,0.4784584249399303]
[118300,74625,1.0,0.4062344769065816]
[118300,67956,1.0,0.4802957698476417]
[9783,6715,1.0,0.4820831034431364]
[129063,107257,1.0,0.4281826210392813]
[129063,88912,1.0,0.6064356046103628]
[129063,110713,1.0,0.6314534200603495]
[129063,19370,1.0,0.5790608610007485]
[129063,74414,1.0,0.5336356991614604]
[129063,28670,1.0,0.4129350090846073]
[129063,59845,1.0,0.4445387753509144]
[129063,26477,1.0,0.8185867073025582]
[129063,49087,1.0,0.49571010494297224]
[129063,110827,1.0,0.4931094612258654]
[129063,110824,1.0,0.49433766718118916]
[129063,62382,1.0,0.5008860348594805]
[129063,23067,1.0,0.5031010851415145]
[129063,68868,1.0,0.46387441450283246]
[129063,129054,1.0,0.9952227536000962]
[129063,6715,1.0,0.4067089848684166]
[129063,46886,1.0,0.4701080499838176]
[129063,110821,1.0,0.4931094612258654]
[129063,9783,1.0,0.409227572089211]
[45607,22603,1.0,0.40197827347209597]
[52430,13721,1.0,0.4327188755592599]
[88306,88303,1.0,0.9920583160529999]
[88312,88306,1.0,0.9728788190114714]
[88312,88309,1.0,0.9707907597997963]
[88312,88303,1.0,0.9829714173435662]
[88309,88306,1.0,0.9906600090329959]
[88309,88303,1.0,0.9943305873712188]
[33807,33804,1.0,0.8663330618277869]
[64570,36711,1.0,0.5535032830862939]
[114525,114516,1.0,0.9862713745708894]
[114525,114519,1.0,0.9797371765615693]
[114525,114522,1.0,0.9795795929517648]
[114519,114516,1.0,0.9881035808360453]
[114522,114516,1.0,0.9886146790176199]
[114522,114519,1.0,0.9892548602462122]
[42864,42861,1.0,0.889217943168729]
[30744,30735,1.0,0.9952227536000962]
[30744,30738,1.0,0.9934236712143839]
[30738,30735,1.0,0.9902336101055622]
[66556,66553,1.0,0.9587889023790578]
[30741,30735,1.0,0.9479591779011727]
[30741,30738,1.0,0.9339001780142563]
[71485,71482,1.0,0.6658727305671609]
[71279,57259,1.0,0.4684987891430111]
[47725,47722,1.0,0.9676745365351596]
[106129,8103,1.0,0.4888500424721293]
[47728,47725,1.0,0.9665596137990595]
[47728,47722,1.0,0.9949181171750051]
[72989,72986,1.0,0.9952227536000962]
[132382,132376,1.0,0.9920494604868552]
[132382,132379,1.0,0.9868155374534073]
[72992,72989,1.0,0.9943027415112606]
[72992,72986,1.0,0.9909116079699218]
[59348,8103,1.0,0.5816697607973432]
[132379,57259,1.0,0.43893588409277906]
[132379,132376,1.0,0.9919007128849474]
[132379,22673,1.0,0.6141461404819676]
[39730,22673,1.0,0.443208467144882]
[53940,53931,1.0,0.9728888129774167]
[53940,53928,1.0,0.983303518960013]
[53940,53937,1.0,0.9684860040811878]
[53940,53934,1.0,0.9723921810036988]
[53931,53928,1.0,0.9919031889112758]
[53937,53931,1.0,0.965646726416274]
[53937,53928,1.0,0.978731136319914]
[53937,53934,1.0,0.9725918348643002]
[80515,80506,1.0,0.9901918127542898]
[80515,80509,1.0,0.9901918127542898]
[105658,105655,1.0,0.9912124474460464]
[53934,53931,1.0,0.9842482281840429]
[53934,53928,1.0,0.9905184592921065]
[80509,80506,1.0,0.9952227536000962]
[130531,130528,1.0,0.9855417329668685]
[130531,67248,1.0,0.7656989907663247]
[130531,130525,1.0,0.9855417329668685]
[130528,67248,1.0,0.642737736763025]
[130528,130525,1.0,0.9952227536000962]
[19711,19699,1.0,0.9440044925532666]
[19711,19702,1.0,0.9444769634292696]
[19714,19711,1.0,0.8748863940299058]
[19714,19699,1.0,0.970563674925592]
[19714,19702,1.0,0.9523772956719353]
[52861,38128,1.0,0.4369269511673206]
[52861,41864,1.0,0.43750389934077655]
[67248,5805,1.0,0.515988459314738]
[67248,52861,1.0,0.4178056541402778]
[67248,59744,1.0,0.4828306624432574]
[91096,91093,1.0,0.9662143487901911]
[13088,13076,1.0,0.9952227536000962]
[13088,13079,1.0,0.42787898682822323]
[13088,13085,1.0,0.9687294932529131]
[19702,19699,1.0,0.9777071612280345]
[59744,59741,1.0,0.9514145596420265]
[94914,38128,1.0,0.42909881017542445]
[13079,13076,1.0,0.42787898682822323]
[13085,13076,1.0,0.978419044762649]
