[115896,115893,1.0,0.9919268497196437]
[50610,50607,1.0,0.9945194946989725]
[50610,50604,1.0,0.9435757433873435]
[50610,50601,1.0,0.9952227536000962]
[50610,12113,1.0,0.5722684387220301]
[60636,50610,1.0,0.636754562086157]
[50607,50604,1.0,0.9233550991677751]
[50607,50601,1.0,0.9928628023803756]
[130227,50610,1.0,0.447996957029883]
[130227,130224,1.0,0.9952227536000962]
[130224,50610,1.0,0.447996957029883]
[50604,50601,1.0,0.9435757433873435]
[126319,50610,1.0,0.46606919424371535]
[89627,50610,1.0,0.4108253557997993]
[97219,50610,1.0,0.4788556291212911]
[109069,50610,1.0,0.4664016476397001]
[113013,113007,1.0,0.9325928902986237]
[113013,113010,1.0,0.9204737526795188]
[113013,113001,1.0,0.9618015923920225]
[113013,113004,1.0,0.9275500809748696]
[40983,40980,1.0,0.9824755239640266]
[40986,40983,1.0,0.9858743470245399]
[40986,40980,1.0,0.993585381767918]
[113007,113001,1.0,0.8091291975768181]
[113007,113004,1.0,0.7137671381954294]
[19328,19325,1.0,0.9856327693565845]
[113010,113007,1.0,0.6943714790664913]
[113010,113001,1.0,0.9904887995700061]
[113010,113004,1.0,0.9821055906748941]
[112486,11835,1.0,0.48947645220659786]
[62082,62076,1.0,0.9654723588710213]
[62082,62079,1.0,0.9536430961723332]
[19331,19325,1.0,0.9925500138987969]
[19331,19328,1.0,0.9559311686322641]
[113004,113001,1.0,0.9905564682541387]
[62079,62076,1.0,0.9900850340350941]
[19337,19325,1.0,0.9941096490414875]
[19337,19328,1.0,0.9501497809428339]
[19337,19331,1.0,0.9908857790076494]
[9406,9403,1.0,0.9952227536000962]
[95830,60904,1.0,0.5179547447259136]
[95830,73068,1.0,0.5127452192348058]
[61206,30335,1.0,0.5324215834429953]
[61206,23607,1.0,0.5588472853821936]
[81143,81140,1.0,0.9835750643387331]
[59453,22789,1.0,0.5098744431720986]
[75000,59453,1.0,0.5537420698763009]
[38960,38957,1.0,0.9558139684843532]
[73068,61206,1.0,0.5362021524287306]
[73068,59453,1.0,0.5588102469118781]
[38963,38957,1.0,0.9759995690455994]
[38963,38960,1.0,0.8844105301187802]
[93196,93193,1.0,0.9952227536000962]
[87983,87974,1.0,0.9895147614263562]
[87983,87977,1.0,0.8427516014081133]
[87983,87980,1.0,0.9878294896548849]
[61701,61698,1.0,0.9922728384210173]
[67883,35194,1.0,0.6179332363461091]
[61707,61701,1.0,0.9872850368301622]
[61707,61704,1.0,0.8318600378737017]
[61707,61698,1.0,0.9919952472720592]
[61704,61701,1.0,0.46718834503191864]
[61704,61698,1.0,0.49159264865162916]
[87977,87974,1.0,0.5183239536604536]
[61710,61701,1.0,0.9853596878237414]
[61710,61707,1.0,0.9848405115046676]
[61710,61704,1.0,0.8686230392039176]
[61710,61698,1.0,0.9905564682541387]
[87980,87974,1.0,0.9943950391570788]
[87980,87977,1.0,0.4974829332509556]
[125524,29080,1.0,0.536314937800747]
[125814,125811,1.0,0.9908397224750475]
[125820,125811,1.0,0.9872021338195044]
[125820,125814,1.0,0.9763001668230284]
[54083,54080,1.0,0.9919031889112758]
[90854,90851,1.0,0.9919305528850808]
[125298,125292,1.0,0.9740026222321599]
[125298,125295,1.0,0.9190104626765547]
[90860,90854,1.0,0.9944660782509854]
[90860,90851,1.0,0.9952227536000962]
[90860,90857,1.0,0.9914906210365547]
[54086,54083,1.0,0.9727532455026112]
[54086,54080,1.0,0.9832932900980849]
[125295,125292,1.0,0.9826578124683993]
[125301,125292,1.0,0.991083095459618]
[125301,125298,1.0,0.9567356290023017]
[125301,125295,1.0,0.9699099677229228]
[32967,32961,1.0,0.9848302232890402]
[32967,32964,1.0,0.9848302232890402]
[90857,90854,1.0,0.9942335705446461]
[90857,90851,1.0,0.9936903400106779]
[125304,125292,1.0,0.7709018193076764]
[125304,125298,1.0,0.6402130425559271]
[125304,125295,1.0,0.7709018193076764]
[125304,125301,1.0,0.6891836294725486]
[32964,32961,1.0,0.9952227536000962]
[101245,90857,1.0,0.4809095879114298]
[25488,25485,1.0,0.6223018620259793]
[25488,25482,1.0,0.7439118951797542]
[25491,25488,1.0,0.6479892251696112]
[25491,25485,1.0,0.9825596670798585]
[25491,25482,1.0,0.982711109285595]
[25485,25482,1.0,0.9860629885676595]
[22415,22412,1.0,0.9792837277419938]
[22415,22409,1.0,0.9952227536000962]
[22412,22409,1.0,0.9792837277419938]
[22418,22415,1.0,0.9668614462795457]
[22418,22412,1.0,0.9949785116292866]
[22418,22409,1.0,0.9668614462795457]
[22421,22415,1.0,0.9952227536000962]
[22421,22412,1.0,0.9563943187046454]
[22421,22418,1.0,0.931965866745729]
[22421,22409,1.0,0.9877726362494229]
[126331,108415,1.0,0.44693754807108765]
[27676,27673,1.0,0.9949785116292866]
[58687,58684,1.0,0.9875445829252749]
[36567,36558,1.0,0.9612302854982442]
[36567,36564,1.0,0.936973092024879]
[36567,36561,1.0,0.9287994561795504]
[58693,58687,1.0,0.9883604405599978]
[58693,58690,1.0,0.9925282939886803]
[58693,58684,1.0,0.9925282939886803]
[58690,58687,1.0,0.9923404955568141]
[58690,58684,1.0,0.9952227536000962]
[120379,96099,1.0,0.4877094794764996]
[36564,36558,1.0,0.9916975038550923]
[36564,36561,1.0,0.9916975038550923]
[36570,36558,1.0,0.9869485200005181]
[36570,36567,1.0,0.9389974781224159]
[36570,36564,1.0,0.9779935020995297]
[36570,36561,1.0,0.9716714585865076]
[96099,7607,1.0,0.7484361689072859]
[131515,120379,1.0,0.5176362868101732]
[36561,36558,1.0,0.9891356835907431]
[34410,34407,1.0,0.984358400902952]
[127435,44268,1.0,0.49504055787546886]
[127435,48420,1.0,0.49630024501032977]
[127435,34410,1.0,0.4366519240026418]
[127435,105789,1.0,0.4176799288112554]
[127435,105747,1.0,0.5801211796176702]
[127435,91226,1.0,0.4299296048911969]
[127435,1565,1.0,0.40047654173624664]
[127435,15421,1.0,0.7340749364524607]
[127435,99081,1.0,0.5118203123097719]
[127435,91217,1.0,0.4575243559109174]
[127435,34771,1.0,0.6541540204030064]
[127435,68171,1.0,0.40481605097712026]
[127435,69801,1.0,0.44724938733346575]
[127435,108013,1.0,0.6571349880058976]
[127435,32223,1.0,0.5212898863336206]
[127435,50672,1.0,0.5543458367834251]
[127435,91220,1.0,0.4575243559109174]
[127435,34407,1.0,0.4366519240026418]
[127435,62086,1.0,0.4397450635856624]
[127435,91223,1.0,0.4575243559109174]
[127435,32723,1.0,0.4590918712451236]
[127435,44241,1.0,0.46130478989371476]
[127435,6727,1.0,0.5577129776996207]
[127435,34413,1.0,0.429143890567112]
[127435,65425,1.0,0.5377371916892548]
[127435,91214,1.0,0.4575243559109174]
[127435,105079,1.0,0.635149470462467]
[127435,25893,1.0,0.5509670611115398]
[127435,94755,1.0,0.40695992788922025]
[127435,29358,1.0,0.4465276737799017]
[127435,52456,1.0,0.7382403712556128]
[127435,108022,1.0,0.6325643358704446]
[127435,108019,1.0,0.6571349880058976]
[127435,108016,1.0,0.6571349880058976]
[91226,91217,1.0,0.5636852690643874]
[91226,91220,1.0,0.5693356607238661]
[91226,91223,1.0,0.7630221445496631]
[91226,91214,1.0,0.5425916733884455]
[91217,66987,1.0,0.44138370058826587]
[91217,91214,1.0,0.9824240895214759]
[108013,48420,1.0,0.5034201581839098]
[108013,91223,1.0,0.41740188129293065]
[91220,91217,1.0,0.9649055080381077]
[91220,66987,1.0,0.42421597789760895]
[91220,91214,1.0,0.9759468810921452]
[91223,91217,1.0,0.9883652126324259]
[91223,91220,1.0,0.9759468810921452]
[91223,66987,1.0,0.44138370058826587]
[91223,91214,1.0,0.9952227536000962]
[66987,50672,1.0,0.4012016758968163]
[66987,15664,1.0,0.41857483460666933]
[34413,34410,1.0,0.793955884970737]
[34413,34407,1.0,0.9000084202377585]
[91214,66987,1.0,0.44138370058826587]
[108022,48420,1.0,0.5697666485916311]
[108022,108013,1.0,0.9944474877512378]
[108022,91223,1.0,0.48912233577881964]
[108022,108019,1.0,0.9885304102601262]
[108022,108016,1.0,0.9767778644184925]
[108019,48420,1.0,0.5034201581839098]
[108019,108013,1.0,0.9900592205763161]
[108019,91223,1.0,0.41740188129293065]
[108019,108016,1.0,0.9679015965978515]
[108016,48420,1.0,0.5034201581839098]
[108016,108013,1.0,0.9926278674655746]
[108016,91223,1.0,0.41740188129293065]
[8556,8553,1.0,0.9902570385699506]
[8556,8550,1.0,0.9927904021198166]
[118059,116622,1.0,0.46439713775596225]
[116622,9342,1.0,0.4356280511244399]
[47579,47576,1.0,0.9656276190418726]
[8553,8550,1.0,0.9902570385699506]
[95146,95143,1.0,0.9340383463240118]
[21794,21791,1.0,0.984950421674296]
[131629,66663,1.0,0.4536532706258822]
[51189,51186,1.0,0.9855807351077313]
[9928,9925,1.0,0.988413682643911]
[9931,9928,1.0,0.9853534467890913]
[9931,9925,1.0,0.9891356835907431]
[82839,71629,1.0,0.47986842072975855]
[83955,83946,1.0,0.957921809351466]
[83955,83952,1.0,0.9301657556593799]
[83961,83955,1.0,0.9428664649887238]
[83961,83946,1.0,0.9929340490539804]
[83961,83958,1.0,0.9496707358195726]
[83961,83952,1.0,0.955915926866429]
[129903,129894,1.0,0.9660019580177787]
[129903,129900,1.0,0.9660019580177787]
[129903,129897,1.0,0.9388109919941476]
[118237,54910,1.0,0.4325921031866645]
[128821,54910,1.0,0.5124299574055953]
[66977,54910,1.0,0.5039431816086869]
[66977,66971,1.0,0.9935047841791984]
[102463,102460,1.0,0.9912365516097598]
[129900,129894,1.0,0.9952227536000962]
[129900,129897,1.0,0.9899380678046457]
[539,530,1.0,0.9514053488204881]
[539,536,1.0,0.9359949082735276]
[539,533,1.0,0.8069711998864482]
[536,530,1.0,0.9927904021198166]
[536,533,1.0,0.9541488054963596]
[126870,71629,1.0,0.4548875014099593]
[83958,83955,1.0,0.9462539703381884]
[83958,83946,1.0,0.9646586166896877]
[83958,83952,1.0,0.9531475648508329]
[542,530,1.0,0.9375538249341347]
[542,539,1.0,0.9050928296018657]
[542,536,1.0,0.9108030178927483]
[542,533,1.0,0.9397896469334415]
[88634,71629,1.0,0.43712454092859765]
[71629,25944,1.0,0.4547443977791413]
[71629,5116,1.0,0.7150148712907632]
[71629,1472,1.0,0.6873491412782244]
[129897,129894,1.0,0.9899380678046457]
[98323,71629,1.0,0.4037372459259527]
[54910,4466,1.0,0.610443261420163]
[54910,1472,1.0,0.4436495224001718]
[533,530,1.0,0.9692400724308478]
[121908,54910,1.0,0.4362377328759358]
[75854,19915,1.0,0.5607895957465339]
[64487,64484,1.0,0.6698620395302927]
[83952,83946,1.0,0.9677455875907668]
[128824,128821,1.0,0.9906652439071119]
[128824,54910,1.0,0.5124299574055953]
[66971,54910,1.0,0.523340058734467]
[6008,4867,1.0,0.5473470063594309]
[127261,202,1.0,0.6375469747103691]
[67498,67489,1.0,0.981259050294247]
[67498,67492,1.0,0.9603577023284456]
[67498,67495,1.0,0.9630213423344881]
[67492,67489,1.0,0.9933677579237732]
[67492,27914,1.0,0.47952820881069647]
[39850,6008,1.0,0.44245219586777906]
[39850,27914,1.0,0.4553702082971289]
[39850,202,1.0,0.5812260327290696]
[48599,39850,1.0,0.5192686487568565]
[48599,4867,1.0,0.43880370176683686]
[48599,7261,1.0,0.5880641037451052]
[48599,24395,1.0,0.4571580030271739]
[120975,120969,1.0,0.9946149626479851]
[120975,120972,1.0,0.9904465024827751]
[120981,120975,1.0,0.9862812438610218]
[120981,120969,1.0,0.9905564682541387]
[120981,120972,1.0,0.978342136777694]
[120981,120978,1.0,0.9875511962540239]
[100740,94236,1.0,0.47432111888505135]
[4861,4858,1.0,0.9223323905880352]
[91422,67636,1.0,0.4305128739346961]
[4867,4861,1.0,0.9115740808103601]
[4867,4526,1.0,0.4037365950529663]
[4867,4858,1.0,0.9901788387691126]
[4867,202,1.0,0.5380335984626219]
[131344,96799,1.0,0.5094958443243492]
[131344,94236,1.0,0.5632074960408893]
[131344,27914,1.0,0.4196276525770865]
[131344,202,1.0,0.4862388530171983]
[131344,86849,1.0,0.4213143291782491]
[94236,24395,1.0,0.4358830272622351]
[109353,48599,1.0,0.4614866572831253]
[109353,27914,1.0,0.5545464751653009]
[80279,24395,1.0,0.5368691253963753]
[4870,4861,1.0,0.9403943891275075]
[4870,4867,1.0,0.9929393743113983]
[4870,4858,1.0,0.9946068310622758]
[120972,120969,1.0,0.9932522479372742]
[9711,9702,1.0,0.9909251903137]
[9711,9705,1.0,0.9796296861431926]
[27914,4867,1.0,0.4534548869483549]
[4864,4861,1.0,0.5547102044494959]
[4864,4858,1.0,0.4662542633593489]
[108340,108337,1.0,0.9876549615488753]
[67636,39850,1.0,0.5280776074090765]
[67636,4867,1.0,0.5982032408109237]
[67636,5415,1.0,0.4175198414302809]
[67636,24395,1.0,0.5325110083729113]
[95902,4867,1.0,0.40020172257304715]
[129091,94236,1.0,0.5433096294820572]
[120978,120975,1.0,0.9703511602050625]
[120978,120969,1.0,0.9790852971771963]
[120978,120972,1.0,0.9538514654369384]
[67495,67489,1.0,0.9798425611052771]
[67495,67492,1.0,0.9676325181622087]
[9714,9711,1.0,0.9881132027161743]
[9714,9702,1.0,0.9926680456172919]
[9714,9705,1.0,0.9833621054664582]
[131829,109353,1.0,0.6711959118817326]
[131829,202,1.0,0.4170943681985909]
[57288,57282,1.0,0.7761500067956579]
[57288,57285,1.0,0.5834669458439901]
[9705,9702,1.0,0.9889469435919268]
[57285,57282,1.0,0.9702891605673956]
[73006,4867,1.0,0.5062587717482901]
[86849,4867,1.0,0.5017874857922572]
[86849,24395,1.0,0.4020899339796828]
[102273,89874,1.0,0.7529025023490801]
[89781,89778,1.0,0.9952227536000962]
[68464,59415,1.0,0.4142405775960889]
[69459,68464,1.0,0.45988880055871134]
[122451,89874,1.0,0.4664522008341444]
[89874,64276,1.0,0.4674942385015299]
[89874,21011,1.0,0.4503766569097158]
[89874,68464,1.0,0.42712928800327393]
[89874,69459,1.0,0.48282294270067877]
[89874,59415,1.0,0.428766330867699]
[89874,72251,1.0,0.4338644717485707]
[89874,53093,1.0,0.4748794508160553]
[89874,89865,1.0,0.9952227536000962]
[89874,89871,1.0,0.99133259848331]
[89874,77288,1.0,0.9452633749713018]
[89871,69459,1.0,0.5223105954559712]
[89871,89865,1.0,0.99133259848331]
[89871,77288,1.0,0.6492068366182734]
[108870,89874,1.0,0.6117496911005739]
[31380,31377,1.0,0.9885618692885128]
[42452,31380,1.0,0.4823029326315491]
[121666,34466,1.0,0.5780281048257006]
[121666,121663,1.0,0.8788462721570337]
[61765,34466,1.0,0.49947056747865515]
[34466,32610,1.0,0.6912896793794662]
[121663,34466,1.0,0.5043550071708932]
[52019,34466,1.0,0.4121833823095927]
[78345,78342,1.0,0.9883652126324259]
[78345,28822,1.0,0.48211620373748265]
[78345,61765,1.0,0.4681938289956105]
[77643,35433,1.0,0.4384719537215831]
[94126,94117,1.0,0.8412609887191892]
[94126,94123,1.0,0.5023905752599422]
[112638,976,1.0,0.46047571081341715]
[112638,94126,1.0,0.5554405132750787]
[116536,102856,1.0,0.5008412932847077]
[116536,37085,1.0,0.5224772187532607]
[116536,77643,1.0,0.5434294498499412]
[116536,56751,1.0,0.4349946808176886]
[116536,48686,1.0,0.4532957470457541]
[116536,77853,1.0,0.46761821729292413]
[116536,94126,1.0,0.6105218936850698]
[116536,26914,1.0,0.47836899858358695]
[116536,112638,1.0,0.605825805473538]
[116536,69190,1.0,0.43497401976812555]
[116536,35433,1.0,0.4914298260837809]
[116536,7192,1.0,0.45770468293666317]
[116536,74452,1.0,0.45094167503570143]
[116536,94117,1.0,0.41956115892434614]
[116536,94123,1.0,0.48427072303799906]
[116536,59885,1.0,0.472403525923034]
[116536,63162,1.0,0.5896890981285169]
[116536,41399,1.0,0.43261542450625645]
[116536,23556,1.0,0.45350824210713814]
[94123,94117,1.0,0.9519156382559605]
[117399,77643,1.0,0.45862490258514094]
[117399,116536,1.0,0.47205708924256556]
[91485,91482,1.0,0.9758862368524386]
[91488,91485,1.0,0.9125363663988223]
[91488,91482,1.0,0.9864112439140194]
[108456,45762,1.0,0.71165530342106]
[108456,45544,1.0,0.4059072189864325]
[45550,45544,1.0,0.6223794264354413]
[45550,45547,1.0,0.9108993210054068]
[45550,45541,1.0,0.7958502167757963]
[45544,45541,1.0,0.9887123368321884]
[45547,45544,1.0,0.9857484130768982]
[45547,45541,1.0,0.9952227536000962]
[123999,108456,1.0,0.46898558782693994]
[130387,92479,1.0,0.5084673269260754]
[92479,68607,1.0,0.4162868770120579]
[46425,35798,1.0,0.8617287857356255]
[46425,38463,1.0,0.7822206300696872]
[74286,74283,1.0,0.9445902563374555]
[80359,31821,1.0,0.40236339916313385]
[74289,74283,1.0,0.9952227536000962]
[74289,74286,1.0,0.9445902563374555]
[31697,31685,1.0,0.4873436056760427]
[31697,31688,1.0,0.9884552426624679]
[31697,31694,1.0,0.9905564682541387]
[97765,97762,1.0,0.9905564682541387]
[97774,97765,1.0,0.9562425615193301]
[97774,97762,1.0,0.9775319757585658]
[97774,97768,1.0,0.9775319757585658]
[97774,97771,1.0,0.8413658779527142]
[129967,129964,1.0,0.9187787630148765]
[52787,52784,1.0,0.9910017390460999]
[100968,100959,1.0,0.993318996418406]
[100968,100965,1.0,0.9729878086821168]
[100968,100962,1.0,0.9832673376638539]
[31688,31685,1.0,0.5507433273992682]
[100965,100959,1.0,0.9914705706738117]
[100965,100962,1.0,0.9790396924784042]
[97768,97765,1.0,0.9905564682541387]
[97768,97762,1.0,0.9952227536000962]
[131901,131898,1.0,0.98397285514399]
[97771,97765,1.0,0.9254634356962697]
[97771,97762,1.0,0.9536316096701866]
[97771,97768,1.0,0.9874882310208049]
[52790,52787,1.0,0.9879088995814842]
[52790,52784,1.0,0.9934745526411249]
[94783,90100,1.0,0.42370844060083573]
[31694,31685,1.0,0.5507433273992682]
[31694,31688,1.0,0.9940437414908686]
[100962,100959,1.0,0.9877812743869288]
[24466,24463,1.0,0.9784483794910073]
[337,331,1.0,0.957177235997572]
[337,334,1.0,0.9551719802289109]
[334,331,1.0,0.9949181171750051]
[89233,86887,1.0,0.5197604995870678]
[89233,51825,1.0,0.41673646766129957]
[33874,33871,1.0,0.9620141600888296]
[33880,33874,1.0,0.49496559290985476]
[33880,33871,1.0,0.5824995237124447]
[72541,72538,1.0,0.9933677579237732]
[9063,9057,1.0,0.9678931473294259]
[9063,9060,1.0,0.955647166737059]
[9060,9057,1.0,0.9929318100825512]
[92241,92238,1.0,0.9952227536000962]
[80889,80880,1.0,0.970370009140809]
[80889,80886,1.0,0.9485739177943026]
[80886,80880,1.0,0.9926680456172919]
[124380,80886,1.0,0.41998475399839574]
[48328,48325,1.0,0.9696636498802185]
[50053,50047,1.0,0.9850470180199103]
[50053,50050,1.0,0.9753972353955598]
[50053,50044,1.0,0.9850470180199103]
[50047,50044,1.0,0.9952227536000962]
[86291,9337,1.0,0.4538793516007197]
[48331,48328,1.0,0.9604339440778609]
[48331,48325,1.0,0.9931905064527496]
[50050,50047,1.0,0.9952227536000962]
[50050,50044,1.0,0.9870908638023206]
[130384,130378,1.0,0.9905564682541387]
[130384,130381,1.0,0.9860623032211019]
[72446,20184,1.0,0.4822408795578484]
[72446,66742,1.0,0.4857011699548395]
[130381,130378,1.0,0.9873322021366725]
[44560,44557,1.0,0.9813468698906147]
[66484,66478,1.0,0.9952227536000962]
[66484,66481,1.0,0.9905564682541387]
[66481,66478,1.0,0.9905564682541387]
[17883,17877,1.0,0.9638923224151078]
[17883,17874,1.0,0.9638923224151078]
[17883,17880,1.0,0.970226966631115]
[17877,17874,1.0,0.9952227536000962]
[17889,17883,1.0,0.9638923224151078]
[17889,17877,1.0,0.9952227536000962]
[17889,17874,1.0,0.9952227536000962]
[17889,17880,1.0,0.9835473918683262]
[17880,17877,1.0,0.9835473918683262]
[17880,17874,1.0,0.9835473918683262]
[76123,76120,1.0,0.9869485200005181]
[27657,27654,1.0,0.987856038582727]
[27660,27654,1.0,0.9905564682541387]
[27660,27657,1.0,0.9933550320030448]
[77072,77063,1.0,0.9925540237939185]
[77072,77066,1.0,0.9925540237939185]
[77072,77069,1.0,0.9816774390968711]
[77072,77060,1.0,0.9925540237939185]
[119964,51327,1.0,0.48439304752907253]
[77063,77060,1.0,0.993318996418406]
[33072,33063,1.0,0.9931371918169569]
[33072,33060,1.0,0.9899577324921128]
[33063,33060,1.0,0.9921471266607758]
[77066,77063,1.0,0.9800902410141732]
[77066,77060,1.0,0.9895707056247579]
[77069,77063,1.0,0.9557031181726106]
[77069,77066,1.0,0.9751389551244737]
[77069,77060,1.0,0.987720583938287]
[100932,100926,1.0,0.42066645474014497]
[108060,108057,1.0,0.8790555538775079]
[100929,100926,1.0,0.9932537467430427]
[59650,59647,1.0,0.9906262436044709]
[59650,59644,1.0,0.9906262436044709]
[59647,59644,1.0,0.9952227536000962]
[64070,64064,1.0,0.9891700284774299]
[64073,64070,1.0,0.8488733045738267]
[64073,64064,1.0,0.8572752915282387]
[69081,69078,1.0,0.9890413702612284]
[95748,59315,1.0,0.48153437413981004]
[95748,42472,1.0,0.5906056018707004]
[114124,95748,1.0,0.49397912384085313]
[41310,41307,1.0,0.9950492062368131]
[91771,91768,1.0,0.9929318100825512]
[42832,42826,1.0,0.9767486573637298]
[42832,42829,1.0,0.9698720834989875]
[91777,91771,1.0,0.9862467089745166]
[91777,91774,1.0,0.9947030106268565]
[91777,91768,1.0,0.9926204505964357]
[90509,90506,1.0,0.9879762025338236]
[98163,48104,1.0,0.40208478974924705]
[42841,42832,1.0,0.9904558191540246]
[42841,42835,1.0,0.9912752469475681]
[42841,42826,1.0,0.9936475138842595]
[42841,42829,1.0,0.96891668472009]
[42835,42832,1.0,0.9900325104248211]
[42835,42826,1.0,0.993386613593774]
[42835,42829,1.0,0.9672166960629673]
[91774,91771,1.0,0.9952227536000962]
[91774,91768,1.0,0.9952227536000962]
[42829,42826,1.0,0.9863945926005738]
[65298,65295,1.0,0.9952227536000962]
[75922,75916,1.0,0.9913388708474044]
[75922,75919,1.0,0.9948031445632672]
[75922,75913,1.0,0.9940505964275935]
[115009,35819,1.0,0.46453136618409163]
[115009,21406,1.0,0.4746801635562765]
[115009,105208,1.0,0.40272405137201295]
[115009,48121,1.0,0.48332415481805274]
[119467,119458,1.0,0.9952227536000962]
[119467,119464,1.0,0.993041923605785]
[75916,75913,1.0,0.9929984661036967]
[82434,14170,1.0,0.5755697434501084]
[75919,75916,1.0,0.9881094312784832]
[75919,75913,1.0,0.9917506683862775]
[74618,74615,1.0,0.9196626818247687]
[18457,18454,1.0,0.9934433779652797]
[42565,21406,1.0,0.4612620019440739]
[57647,57644,1.0,0.9794197585802279]
[14200,14170,1.0,0.6208421644503186]
[5214,5211,1.0,0.9952227536000962]
[119464,119458,1.0,0.9946572280446236]
[110991,42565,1.0,0.5361745570790077]
[6951,6948,1.0,0.9906013353803256]
[90397,72432,1.0,0.5034085771372685]
[47384,15509,1.0,0.46861235346550056]
[45817,30809,1.0,0.472725992155663]
[96915,77266,1.0,0.5441983470222304]
[96915,96912,1.0,0.981659156018156]
[77260,59224,1.0,0.5237572859534588]
[77260,53041,1.0,0.4198032823575724]
[77260,18754,1.0,0.44167444212363965]
[77260,53900,1.0,0.46898856774749786]
[77260,6269,1.0,0.4005717372352418]
[77260,59227,1.0,0.5404231002090639]
[77260,75279,1.0,0.43846295261368484]
[90148,77266,1.0,0.43992632883326294]
[90148,59227,1.0,0.4627437624367704]
[90148,77263,1.0,0.4213963366020145]
[90148,78063,1.0,0.4468608784120493]
[76596,10039,1.0,0.5814771350231869]
[77266,59224,1.0,0.6566873497040578]
[77266,77260,1.0,0.9830650953358819]
[77266,3916,1.0,0.5084349020864691]
[77266,61899,1.0,0.4956692686392563]
[77266,56274,1.0,0.4289408455702778]
[77266,15790,1.0,0.5021406797345939]
[77266,76799,1.0,0.5118135475307207]
[77266,43035,1.0,0.48157284279051843]
[77266,53041,1.0,0.5349592667729514]
[77266,6621,1.0,0.507453083847162]
[77266,10039,1.0,0.4115711827009214]
[77266,6531,1.0,0.44501366164327855]
[77266,6528,1.0,0.4403680756846713]
[77266,68935,1.0,0.5065672297142719]
[77266,18754,1.0,0.4915383485141444]
[77266,44254,1.0,0.5951500811120823]
[77266,6534,1.0,0.41034414788321477]
[77266,53900,1.0,0.5162200375923567]
[77266,6269,1.0,0.6626002120157284]
[77266,59227,1.0,0.6875254447658212]
[77266,20855,1.0,0.46703231351227825]
[77266,6537,1.0,0.44246541364138353]
[77266,77263,1.0,0.9652384100371875]
[77266,75279,1.0,0.598118969749441]
[77266,76802,1.0,0.49302327024669723]
[31091,10039,1.0,0.6212521214456334]
[115840,77266,1.0,0.5095684843224482]
[115840,90158,1.0,0.42214656631687303]
[115840,77263,1.0,0.4349866197589078]
[115840,78063,1.0,0.466636731993183]
[44767,44764,1.0,0.9560803445426755]
[91163,77266,1.0,0.5221410536275528]
[91163,68935,1.0,0.5297194167922101]
[114084,77260,1.0,0.43242685830532257]
[114084,77266,1.0,0.7468359407041525]
[114084,59227,1.0,0.4634182088235894]
[114084,77263,1.0,0.42196153085373095]
[114084,78063,1.0,0.44291161251656186]
[17266,10039,1.0,0.6536559843488624]
[64489,10039,1.0,0.5933752864012579]
[112677,30809,1.0,0.48061151419360676]
[123745,34060,1.0,0.4549270585370033]
[123745,6534,1.0,0.4070059203084141]
[123745,90158,1.0,0.4304791875746225]
[17579,10039,1.0,0.42998980778702844]
[11127,10039,1.0,0.7096914572861054]
[45746,30809,1.0,0.4934780925980938]
[76799,10039,1.0,0.5914644603627599]
[96912,77266,1.0,0.5441983470222304]
[121336,77266,1.0,0.5857010038122467]
[121336,77263,1.0,0.4070378487880942]
[96588,77266,1.0,0.5839209790529797]
[96588,59227,1.0,0.4567895695876873]
[96588,77263,1.0,0.43215917722947084]
[106368,77266,1.0,0.4629237102883451]
[106368,90158,1.0,0.4109385307189301]
[106368,77263,1.0,0.43027465297595185]
[106368,78063,1.0,0.40879943588169115]
[99706,77266,1.0,0.705160120232498]
[99706,90158,1.0,0.45714532250204204]
[99706,77263,1.0,0.4822940371506446]
[99706,78063,1.0,0.4867850332967161]
[6531,6528,1.0,0.9937353308824888]
[123400,31091,1.0,0.4398161838687831]
[123400,64489,1.0,0.4481650757926406]
[123400,10039,1.0,0.875276250411365]
[68935,20855,1.0,0.4586012696430875]
[90069,77266,1.0,0.47658161341952515]
[48837,10039,1.0,0.6591589492511495]
[6534,6531,1.0,0.9672542900157376]
[6534,6528,1.0,0.9735013776498018]
[96918,96915,1.0,0.9064142390462822]
[96918,77266,1.0,0.5233943366963064]
[96918,96912,1.0,0.9118232418673518]
[47032,10039,1.0,0.5758489110319988]
[115849,77260,1.0,0.4159528961732538]
[115849,77266,1.0,0.5856152554692104]
[115849,77263,1.0,0.4967205490992498]
[29985,10039,1.0,0.7562960839187278]
[59227,59224,1.0,0.9804554310794336]
[59227,43035,1.0,0.4432851782173562]
[59227,18754,1.0,0.4687012834287029]
[59227,44254,1.0,0.4111169824429029]
[59227,6269,1.0,0.4181930683752025]
[129726,59224,1.0,0.5118002673035964]
[129726,3916,1.0,0.6101390090041372]
[129726,77266,1.0,0.6362573646449867]
[129726,76799,1.0,0.5074622356881096]
[129726,18754,1.0,0.47358417906561023]
[129726,59227,1.0,0.4594964627103498]
[129726,90158,1.0,0.7752528596398605]
[129726,77263,1.0,0.40838262173524065]
[129726,75279,1.0,0.4899756362933086]
[129726,78063,1.0,0.7111581428540257]
[45820,45817,1.0,0.9938804711395797]
[45820,30809,1.0,0.472725992155663]
[90158,77260,1.0,0.5581125583505031]
[90158,77266,1.0,0.4589311265946469]
[90158,76799,1.0,0.5664611207436034]
[90158,10039,1.0,0.48494105625750045]
[90158,68935,1.0,0.5530964624550645]
[90158,6269,1.0,0.4041319633890079]
[90158,59227,1.0,0.6429313484869205]
[90158,77263,1.0,0.7015410982009058]
[90158,76802,1.0,0.49203865942259273]
[45823,45817,1.0,0.9912439469348973]
[45823,45820,1.0,0.9731599857471709]
[45823,30809,1.0,0.503609166169425]
[110583,77266,1.0,0.6081107117605213]
[110583,90158,1.0,0.43788063153121726]
[6537,6531,1.0,0.9903225318416143]
[6537,6528,1.0,0.9919839916101322]
[6537,6534,1.0,0.9627023396501777]
[83283,10039,1.0,0.6202281412492399]
[77263,59224,1.0,0.6388233538379994]
[77263,77260,1.0,0.9918534163939513]
[77263,3916,1.0,0.5200560816620947]
[77263,56274,1.0,0.4889911086351713]
[77263,76799,1.0,0.5022190736445301]
[77263,43035,1.0,0.46629758279178557]
[77263,53041,1.0,0.5270379062450481]
[77263,6531,1.0,0.4375237534640311]
[77263,6528,1.0,0.4375237534640311]
[77263,18754,1.0,0.6313119230641351]
[77263,44254,1.0,0.4624668566366438]
[77263,53900,1.0,0.5998284680333523]
[77263,6269,1.0,0.5672657839558028]
[77263,59227,1.0,0.6488345868828895]
[77263,6537,1.0,0.4375237534640311]
[77263,75279,1.0,0.6667753161779151]
[77263,76802,1.0,0.4753149242020767]
[73406,30809,1.0,0.434729475936524]
[128604,10039,1.0,0.6258126285278555]
[128604,59227,1.0,0.4484032178207385]
[96921,96915,1.0,0.9693272696161573]
[96921,77266,1.0,0.5441983470222304]
[96921,96912,1.0,0.9829714173435662]
[96921,96918,1.0,0.9064142390462822]
[78063,59224,1.0,0.43404527556382544]
[78063,77260,1.0,0.7682442793153885]
[78063,77266,1.0,0.6657097574642196]
[78063,56274,1.0,0.5554565999945543]
[78063,43035,1.0,0.43034282606699725]
[78063,10039,1.0,0.554040621428151]
[78063,68935,1.0,0.4624902650134852]
[78063,6269,1.0,0.5213012064560187]
[78063,59227,1.0,0.8315106376404023]
[78063,77263,1.0,0.7759307484013316]
[76802,10039,1.0,0.5710165594189979]
[118530,118527,1.0,0.9582259752886796]
[118530,118521,1.0,0.9871495659300219]
[118530,118524,1.0,0.9858483522790836]
[118533,118530,1.0,0.9730159823260444]
[118533,118527,1.0,0.9629900189515305]
[118533,118521,1.0,0.9892819917996648]
[118533,118524,1.0,0.977740345726096]
[70619,11715,1.0,0.41971172360912]
[118527,118521,1.0,0.9456464356450572]
[118527,118524,1.0,0.9037689885980638]
[118524,118521,1.0,0.9895661266482731]
[44934,44928,1.0,0.9763924643065581]
[44934,44931,1.0,0.9594226624807193]
[65966,51285,1.0,0.5526672718528995]
[65966,5258,1.0,0.4109829273311367]
[22987,18021,1.0,0.487629226934582]
[41853,22987,1.0,0.43490179028810877]
[69954,22987,1.0,0.5454281444687197]
[73188,22987,1.0,0.41400426546142804]
[77951,77948,1.0,0.9918818867765093]
[77951,69954,1.0,0.423530044587213]
[77951,54483,1.0,0.4853675599311104]
[60706,3905,1.0,0.44420614573100625]
[71456,51285,1.0,0.5479268910172793]
[71456,5258,1.0,0.45796122138628576]
[71456,12375,1.0,0.4559568070862101]
[54483,22987,1.0,0.4072356223526059]
[104295,71456,1.0,0.48484556615280133]
[44931,44928,1.0,0.990515878461667]
[119698,119695,1.0,0.7248830864774265]
[75242,75239,1.0,0.9710880595258397]
[75242,75233,1.0,0.9949181171750051]
[81284,28938,1.0,0.4434937417333077]
[81284,81281,1.0,0.9808214434396219]
[75239,75233,1.0,0.9825978803556987]
[81290,81284,1.0,0.8619003404940498]
[81290,81281,1.0,0.9751872753598431]
[81290,81287,1.0,0.9689727783697959]
[34378,34375,1.0,0.9946572280446236]
[81281,28938,1.0,0.4816416219245866]
[124542,81284,1.0,0.46514070321446016]
[124542,28938,1.0,0.49892968815104294]
[124542,81281,1.0,0.43255875286311046]
[124542,81287,1.0,0.43255875286311046]
[124542,58555,1.0,0.4123413431028563]
[124542,64818,1.0,0.4040701587904291]
[81287,81284,1.0,0.950302915076252]
[81287,81281,1.0,0.9846521882698381]
[120996,75242,1.0,0.5618793920551778]
[120996,75233,1.0,0.5618793920551778]
[120996,96235,1.0,0.41800820896752094]
[58555,28938,1.0,0.461434067316842]
[58555,51544,1.0,0.4308393813694912]
[64818,58555,1.0,0.427788947346038]
[65575,65572,1.0,0.9862788664045034]
[81293,81284,1.0,0.9182803296443082]
[81293,28938,1.0,0.4026309750991193]
[81293,81290,1.0,0.9295572632972957]
[81293,81281,1.0,0.9914756223331858]
[81293,81287,1.0,0.9887938976150613]
[93757,93754,1.0,0.989020605138463]
[93757,24961,1.0,0.5094725890347311]
[93754,24961,1.0,0.5080959281305143]
[107487,61000,1.0,0.401339866958772]
[101416,101413,1.0,0.9850395036007892]
[24961,23923,1.0,0.4121619953567068]
[128086,5587,1.0,0.4639541944639574]
[88061,26868,1.0,0.4236307826729762]
[67301,36997,1.0,0.4146139186236021]
[67813,57903,1.0,0.4987196698635489]
[67813,47919,1.0,0.4040573253993081]
[129910,88061,1.0,0.405680414425477]
[129910,30306,1.0,0.4914226723902238]
[129910,30309,1.0,0.4914226723902238]
[129910,57903,1.0,0.42408424939980033]
[85440,47919,1.0,0.4131368690113283]
[132493,132490,1.0,0.9715680329009]
[36997,3342,1.0,0.4116588217849307]
[115378,115372,1.0,0.9497372305802808]
[89993,3342,1.0,0.4617183253528954]
[89993,67813,1.0,0.431018340559987]
[89993,30306,1.0,0.4473342453761722]
[89993,30309,1.0,0.43444598456832445]
[80482,37578,1.0,0.4159005950216892]
[41460,41457,1.0,0.6288648158264547]
[5098,5092,1.0,0.9599590940985097]
[5098,5095,1.0,0.957228813811139]
[80704,80701,1.0,0.9887824111027891]
[80704,58888,1.0,0.45682099418191163]
[30306,3342,1.0,0.42175535546986037]
[30306,23213,1.0,0.4525711313385093]
[80707,80701,1.0,0.993318996418406]
[80707,58888,1.0,0.40200683866161424]
[80707,80704,1.0,0.9887824111027891]
[80707,78148,1.0,0.40453609388146694]
[80707,42363,1.0,0.5120856780001232]
[30309,3342,1.0,0.42175535546986037]
[30309,30306,1.0,0.993478550328787]
[30309,23213,1.0,0.45869683204339917]
[5095,5092,1.0,0.9922323843947127]
[57903,3342,1.0,0.44265823392932546]
[57903,36399,1.0,0.506749261229118]
[57903,23213,1.0,0.47158118594664705]
[57903,21603,1.0,0.4051910660153528]
[128940,23213,1.0,0.42106694044748405]
[47919,23213,1.0,0.5035825240040174]
[107874,58888,1.0,0.4202042976109812]
[107874,80707,1.0,0.471066116569817]
[42363,38772,1.0,0.4875492897162076]
[42363,13761,1.0,0.746445003719286]
[114160,53967,1.0,0.470962790816606]
[53967,53961,1.0,0.9877812743869288]
[53967,53964,1.0,0.9833562467687956]
[53964,53961,1.0,0.9933602122449534]
[73531,73528,1.0,0.9942129708818666]
[114169,114160,1.0,0.9739175054780486]
[114169,53961,1.0,0.4533473379745643]
[114169,53967,1.0,0.5949244419680811]
[114169,53964,1.0,0.4533473379745643]
[73694,53961,1.0,0.46989352155649583]
[73694,53967,1.0,0.5775246987923763]
[73694,73691,1.0,0.9896965417809936]
[73694,53964,1.0,0.46989352155649583]
[114172,114160,1.0,0.9829715008036055]
[114172,114169,1.0,0.9457604123908454]
[73534,73531,1.0,0.9909063191122471]
[73534,73528,1.0,0.9921471266607758]
[73697,73691,1.0,0.9952227536000962]
[73697,73694,1.0,0.9935644236900868]
[58537,58534,1.0,0.8878012785728261]
[58537,58531,1.0,0.9897390166871719]
[58534,58531,1.0,0.9725818038107295]
[124029,124017,1.0,0.9904170844565569]
[124029,124020,1.0,0.7412734151025133]
[124029,124026,1.0,0.9310611055944262]
[124029,124023,1.0,0.9904170844565569]
[31808,31805,1.0,0.9926561392683285]
[58572,41816,1.0,0.467343315173587]
[124020,6085,1.0,0.5242416786923451]
[124020,124017,1.0,0.8689158869645035]
[124020,8330,1.0,0.6961212542441034]
[124020,29036,1.0,0.4319461668102344]
[89954,89951,1.0,0.9786466949453378]
[89954,89948,1.0,0.9347473552853053]
[89954,89942,1.0,0.9819967552926696]
[89954,89945,1.0,0.8476537766884839]
[124026,124017,1.0,0.960792237159035]
[124026,124020,1.0,0.7073898156872934]
[124026,124023,1.0,0.960792237159035]
[89951,89948,1.0,0.9591384481904383]
[89951,89942,1.0,0.9899899668414485]
[89951,89945,1.0,0.892668277937876]
[89948,89942,1.0,0.9782945496088382]
[89948,89945,1.0,0.8642815476416458]
[31811,31808,1.0,0.9942335705446461]
[31811,31805,1.0,0.9946572280446236]
[124023,124017,1.0,0.9952227536000962]
[124023,124020,1.0,0.8762431534211824]
[89945,89942,1.0,0.9736029369379161]
[120259,120256,1.0,0.951162297445875]
[56749,12056,1.0,0.4327831217601674]
[16846,15598,1.0,0.4250454963554252]
[16846,5187,1.0,0.400660574316966]
[69877,41954,1.0,0.4650642382289156]
[69877,63184,1.0,0.5191806334326823]
[69877,65668,1.0,0.616669318788837]
[66678,12056,1.0,0.4016214127918751]
[67945,67942,1.0,0.9905564682541387]
[33296,33293,1.0,0.9946424279692275]
[92599,69877,1.0,0.4773024162539902]
[92599,76732,1.0,0.6235660841136037]
[64521,56749,1.0,0.44745964834485147]
[64521,12056,1.0,0.4855748108247667]
[41954,34791,1.0,0.4187864636769631]
[60069,16846,1.0,0.4465179073071026]
[104577,29088,1.0,0.4379377435079988]
[104577,72643,1.0,0.4561061041263761]
[97885,69877,1.0,0.681545525722755]
[63628,16846,1.0,0.49937931060247204]
[63628,41954,1.0,0.4284472553375653]
[68049,68046,1.0,0.9136094030172895]
[67754,16846,1.0,0.4710456680823654]
[30218,12056,1.0,0.4026950499944074]
[76732,34791,1.0,0.4012248190753368]
[76732,69877,1.0,0.40361038043161673]
[76732,5187,1.0,0.42858828856502257]
[76732,63184,1.0,0.4793305788402519]
[67948,67945,1.0,0.9681967373523863]
[67948,67942,1.0,0.9816874750190536]
[91634,69877,1.0,0.46987407192512964]
[125011,125008,1.0,0.9828874709705162]
[125014,125011,1.0,0.9883568863848223]
[125014,125008,1.0,0.9926561392683285]
[45362,45359,1.0,0.9915031354414284]
[45365,45359,1.0,0.9875478803503387]
[45365,45362,1.0,0.9859093417545489]
[94069,94066,1.0,0.9946939993737459]
[63818,63815,1.0,0.9728901644031603]
[63818,63812,1.0,0.9902247064616573]
[63818,63806,1.0,0.9902247064616573]
[63818,63809,1.0,0.994273096326057]
[63815,63812,1.0,0.9768531129806554]
[63815,63806,1.0,0.9768531129806554]
[63815,63809,1.0,0.9900881831091584]
[63812,63806,1.0,0.9952227536000962]
[63812,63809,1.0,0.9949181171750051]
[121006,121003,1.0,0.9682704320279717]
[63809,63806,1.0,0.9949181171750051]
[82428,53659,1.0,0.461122165344524]
[61057,53659,1.0,0.41163033354575224]
[61057,61054,1.0,0.9868199343827028]
[61057,61051,1.0,0.7188331627421978]
[61057,61048,1.0,0.9910149508065733]
[61054,61051,1.0,0.6801499448313175]
[61054,61048,1.0,0.9927904021198166]
[61051,53659,1.0,0.4029075506623764]
[61051,61048,1.0,0.7167002744544647]
[61060,53659,1.0,0.6062042183383767]
[61060,61057,1.0,0.9952227536000962]
[61060,61054,1.0,0.9927904021198166]
[61060,61051,1.0,0.8893730919396868]
[61060,61048,1.0,0.9952227536000962]
[61063,61057,1.0,0.9933312353846424]
[61063,61054,1.0,0.9914994736727127]
[61063,61051,1.0,0.9787902137275459]
[61063,61060,1.0,0.9952227536000962]
[61063,61048,1.0,0.9943305873712188]
[112356,87737,1.0,0.43325516779036366]
[112356,16806,1.0,0.7973248261840281]
[112356,16803,1.0,0.7973248261840281]
[112356,69534,1.0,0.5004296185795488]
[112356,53801,1.0,0.7693416953219359]
[112356,51260,1.0,0.6392903955652046]
[112356,69187,1.0,0.7770868857081282]
[112356,69087,1.0,0.47647014510575014]
[16806,16803,1.0,0.9952227536000962]
[53801,51260,1.0,0.5532099254650377]
[51260,16806,1.0,0.4867937728539195]
[51260,16803,1.0,0.4867937728539195]
[69187,51260,1.0,0.5471791076296548]
[103482,22259,1.0,0.6300423494920494]
[86545,86542,1.0,0.9942329240683621]
[118563,19323,1.0,0.5110141509300176]
[85708,85705,1.0,0.9952227536000962]
[26790,26784,1.0,0.9610953176479768]
[26790,26787,1.0,0.935280084916235]
[75889,75883,1.0,0.9881892324764169]
[75889,75886,1.0,0.48551869426256716]
[75886,75883,1.0,0.8009473201787388]
[85711,85708,1.0,0.9877726362494229]
[85711,85705,1.0,0.9877726362494229]
[87658,65016,1.0,0.42640639489961024]
[30820,30817,1.0,0.9864769079612998]
[26787,26784,1.0,0.9847258407506738]
[76439,19323,1.0,0.41480003152179645]
[106762,19323,1.0,0.5686212123852318]
[106762,565,1.0,0.4546517248021312]
[106762,787,1.0,0.4136329359219336]
[90840,65016,1.0,0.40676493681282316]
[131923,65016,1.0,0.4261713549555367]
[568,565,1.0,0.9611230384108835]
[92002,91999,1.0,0.9803961842010098]
[109422,109419,1.0,0.990639746773823]
[109422,109413,1.0,0.9923139618842715]
[109422,109416,1.0,0.9531192727065327]
[96763,96751,1.0,0.9917957725289739]
[96763,96757,1.0,0.9917957725289739]
[96763,96760,1.0,0.94699361663949]
[96763,96754,1.0,0.9863296575977424]
[23111,15332,1.0,0.5094875002381987]
[52966,12119,1.0,0.4737560140167912]
[109419,109413,1.0,0.980104042341092]
[109419,109416,1.0,0.9207755411688505]
[102103,12119,1.0,0.4729718396657847]
[48411,48405,1.0,0.9872895539626293]
[48411,48408,1.0,0.8498569878860283]
[16779,16776,1.0,0.9919950972423711]
[96757,96751,1.0,0.9952227536000962]
[96757,8977,1.0,0.44762669031275387]
[96757,96754,1.0,0.9952227536000962]
[75532,15332,1.0,0.4660976509342105]
[92005,92002,1.0,0.9796061481937843]
[92005,91999,1.0,0.9922234894189341]
[48408,48405,1.0,0.9009764769769488]
[96760,96751,1.0,0.9658710634157666]
[96760,96757,1.0,0.9658710634157666]
[96760,96754,1.0,0.9495616645228675]
[44081,44078,1.0,0.988384726027409]
[15332,12119,1.0,0.43727317275002214]
[96754,96751,1.0,0.9945658731879131]
[109416,109413,1.0,0.9537505605925554]
[126715,126712,1.0,0.9873379733173502]
[47284,47281,1.0,0.9540744492461403]
[47284,47278,1.0,0.9874882310208049]
[106422,37024,1.0,0.4082067668774992]
[47281,47278,1.0,0.9810015132183646]
[80196,47284,1.0,0.5788539181013201]
[47287,47284,1.0,0.7746276331014268]
[47287,47281,1.0,0.824192574096236]
[47287,47278,1.0,0.8791779706364904]
[76945,76942,1.0,0.8592568969047539]
[76945,76939,1.0,0.9671687774198765]
[45129,31867,1.0,0.5387820325069704]
[76942,23557,1.0,0.8186592506747612]
[76942,10406,1.0,0.4137349823905017]
[76942,55835,1.0,0.4092747322979408]
[76942,45129,1.0,0.5501302074893881]
[76942,56740,1.0,0.511799272742813]
[76942,76939,1.0,0.9549104384759173]
[76942,76350,1.0,0.40060423222347846]
[76942,30186,1.0,0.43982596381076294]
[76942,76347,1.0,0.43161359153842654]
[76942,31867,1.0,0.46116331797992083]
[76942,2213,1.0,0.41897666286810664]
[76942,27367,1.0,0.5866466936141658]
[76942,16326,1.0,0.8467779042896267]
[76350,76347,1.0,0.9305908051794325]
[84905,31867,1.0,0.4718680941390018]
[76356,76350,1.0,0.9933374860859453]
[76356,76347,1.0,0.9655574707659812]
[76356,76353,1.0,0.8714818196125059]
[76356,16326,1.0,0.4535332175092393]
[30186,10475,1.0,0.4099312637722022]
[79784,76942,1.0,0.43456136037587334]
[76353,76350,1.0,0.7893865359794195]
[76353,76347,1.0,0.9717797716036848]
[86804,76942,1.0,0.5411648346443918]
[31867,10475,1.0,0.587241541900616]
[16326,10475,1.0,0.692302001435119]
[35488,35485,1.0,0.7776074391465543]
[82223,82220,1.0,0.9549104384759173]
[82223,70943,1.0,0.5692746847585144]
[82223,37734,1.0,0.48291894543611047]
[23931,23928,1.0,0.9803231196915492]
[112212,112206,1.0,0.9735860105085337]
[82226,82223,1.0,0.9120458939426196]
[82226,82220,1.0,0.9905564682541387]
[35491,35488,1.0,0.6646959371275314]
[35491,35485,1.0,0.9909728179801929]
[59045,59042,1.0,0.9920291723687975]
[22083,22074,1.0,0.9952227536000962]
[22083,22077,1.0,0.9918550823344474]
[22083,22080,1.0,0.9930676807585843]
[22077,22074,1.0,0.994754850866769]
[22080,22074,1.0,0.9930676807585843]
[22080,22077,1.0,0.9884826011564055]
[59048,59042,1.0,0.9910149508065733]
[59048,59045,1.0,0.99379492272998]
[50931,27139,1.0,0.40371163590962916]
[117321,117315,1.0,0.9673681309684957]
[117321,117318,1.0,0.9673681309684957]
[117324,117321,1.0,0.9613139654060844]
[117324,117315,1.0,0.993984955328199]
[117324,117318,1.0,0.9905575317823918]
[117318,117315,1.0,0.9923958418221456]
[89818,89812,1.0,0.983132430601396]
[89818,89809,1.0,0.992118598480181]
[89818,89815,1.0,0.9622529189210755]
[70391,35588,1.0,0.5191616466120152]
[70391,6601,1.0,0.47371462893919397]
[126481,96130,1.0,0.5882975192974507]
[132144,132138,1.0,0.9943950391570788]
[89812,89809,1.0,0.9804858500536069]
[86564,42571,1.0,0.41484618246966776]
[122631,18980,1.0,0.5792679228709671]
[11393,11390,1.0,0.8755768675255973]
[37649,37643,1.0,0.9723698056811592]
[37649,37646,1.0,0.9202251430093898]
[23055,23052,1.0,0.9758470870469107]
[130558,130555,1.0,0.9911457621988602]
[130558,82747,1.0,0.5197392229177845]
[83129,83126,1.0,0.8208796114645336]
[11396,11393,1.0,0.810367599551028]
[11396,11390,1.0,0.9901267079056634]
[83132,83126,1.0,0.9901940627267364]
[83132,83129,1.0,0.7710978823238248]
[11399,11393,1.0,0.8755768675255973]
[11399,11396,1.0,0.9901267079056634]
[11399,11390,1.0,0.9952227536000962]
[62067,62061,1.0,0.9673795897948423]
[62067,62064,1.0,0.648522959935359]
[35588,13973,1.0,0.6239348813122413]
[62064,62061,1.0,0.8694769437772203]
[96130,70391,1.0,0.4600721847358998]
[96130,72331,1.0,0.403810539093334]
[96130,37643,1.0,0.6099190412900709]
[96130,82747,1.0,0.7983701636592934]
[96130,89604,1.0,0.6870373650357453]
[96130,3137,1.0,0.4139414477120967]
[96130,28012,1.0,0.41806521770578586]
[96130,37646,1.0,0.6099190412900709]
[23064,23052,1.0,0.9952227536000962]
[23064,23055,1.0,0.9758470870469107]
[23064,23058,1.0,0.9825150634730153]
[23064,23061,1.0,0.8864463691715363]
[23058,23052,1.0,0.9823762523044846]
[23058,23055,1.0,0.9342958542956761]
[124057,111850,1.0,0.6417085419445369]
[82747,6601,1.0,0.44364888655105894]
[82747,65846,1.0,0.6166452428894075]
[89821,89818,1.0,0.9880616507747226]
[89821,89812,1.0,0.984142287095863]
[89821,89809,1.0,0.9926278674655746]
[89821,89815,1.0,0.9837769927316322]
[37646,37643,1.0,0.9860030996019871]
[89815,89812,1.0,0.9839332978275651]
[89815,89809,1.0,0.9918154058095747]
[23061,23052,1.0,0.9405472840140475]
[23061,23055,1.0,0.811875896521091]
[23061,23058,1.0,0.8557411090798215]
[111850,70391,1.0,0.4371956410996016]
[111850,13973,1.0,0.45972722909684616]
[111850,11396,1.0,0.47783377719088493]
[111850,11399,1.0,0.47783377719088493]
[111850,640,1.0,0.49541298225866887]
[111850,14840,1.0,0.5547475518929166]
[111850,90026,1.0,0.4733892403997252]
[111850,35269,1.0,0.4461626356552467]
[111850,96130,1.0,0.41271052001133124]
[111850,11390,1.0,0.47783377719088493]
[111850,82747,1.0,0.6561358331156394]
[111850,4823,1.0,0.48623470050954604]
[71014,71011,1.0,0.8798768969382358]
[40625,40622,1.0,0.9593620975839879]
[40625,40619,1.0,0.9797608061294161]
[31369,12738,1.0,0.4743217762509254]
[40622,40619,1.0,0.9881761805738833]
[96132,59473,1.0,0.5319068247281935]
[71017,71014,1.0,0.9493388523954603]
[71017,71011,1.0,0.9942819304487751]
[17628,11470,1.0,0.456573326358109]
[17628,17625,1.0,0.9905564682541387]
[6591,6588,1.0,0.9943227959462985]
[34404,22814,1.0,0.4623778735410431]
[34404,11470,1.0,0.5886430699260176]
[34404,10052,1.0,0.569936172207916]
[74871,74868,1.0,0.9947262821994]
[74874,74871,1.0,0.9855473664126476]
[74874,74868,1.0,0.990851353509401]
[100269,100263,1.0,0.9892984678314]
[6594,6591,1.0,0.9902113792998858]
[6594,6588,1.0,0.9910247876184229]
[30000,29997,1.0,0.9895803537595389]
[89591,89588,1.0,0.9952227536000962]
[130995,130989,1.0,0.9542530412312221]
[17625,11470,1.0,0.456573326358109]
[895,892,1.0,0.9936282955531263]
[109626,74871,1.0,0.4520222074030959]
[109626,74874,1.0,0.5106794869483844]
[109626,74868,1.0,0.4510015848485031]
[30006,30000,1.0,0.9753025503695423]
[30006,30003,1.0,0.9877726362494229]
[30006,29997,1.0,0.9952227536000962]
[30003,30000,1.0,0.952959326091816]
[30003,29997,1.0,0.9877726362494229]
[17631,17628,1.0,0.9832134824734196]
[17631,17625,1.0,0.9911214174782073]
[55604,34404,1.0,0.42665670986673343]
[88719,88716,1.0,0.9952227536000962]
[88722,88716,1.0,0.9934197647450789]
[88722,88719,1.0,0.9934197647450789]
[88601,88598,1.0,0.9785900554912677]
[1814,1811,1.0,0.9367955440040951]
[7486,7483,1.0,0.9946572280446236]
[7486,7480,1.0,0.9922323843947127]
[7489,7486,1.0,0.938461587189674]
[7489,7483,1.0,0.9852805129276664]
[7489,7480,1.0,0.9669088449549891]
[79943,79937,1.0,0.9859489476442492]
[79943,79940,1.0,0.9569870081343055]
[37531,1814,1.0,0.45653788852653976]
[7483,7480,1.0,0.9917038292066669]
[1817,1814,1.0,0.9367955440040951]
[1817,1811,1.0,0.9952227536000962]
[79940,79937,1.0,0.9828272564749109]
[82931,82928,1.0,0.9447235812350095]
[121599,121596,1.0,0.9943142730184602]
[124425,68325,1.0,0.4477794071989948]
[124425,18945,1.0,0.4884492642213041]
[81026,65641,1.0,0.4016116780524449]
[121605,121599,1.0,0.9743700261644929]
[121605,121596,1.0,0.9831599228355398]
[121602,121596,1.0,0.4118431664594528]
[65641,65638,1.0,0.9848617398120891]
[65641,45511,1.0,0.4798183958655425]
[65641,18945,1.0,0.5055842396441501]
[68325,65638,1.0,0.41583149635225874]
[68325,65641,1.0,0.6555555778613121]
[130536,65641,1.0,0.48601562952449284]
[130536,68325,1.0,0.46370978809038227]
[123693,123687,1.0,0.9861309575275641]
[123693,123690,1.0,0.8975390078808922]
[123693,123684,1.0,0.9894544311622477]
[130905,130899,1.0,0.6321152242889281]
[130905,130896,1.0,0.9933269686831414]
[123687,123684,1.0,0.9923609234497996]
[65468,8508,1.0,0.46242929421607676]
[86006,86000,1.0,0.9873441881764213]
[86006,86003,1.0,0.8879493131753532]
[99375,47684,1.0,0.48512953661327296]
[39312,39309,1.0,0.9933096261446815]
[130911,130905,1.0,0.9641066591100914]
[130911,130908,1.0,0.9894420841329872]
[130911,130899,1.0,0.6589648070560102]
[130911,130896,1.0,0.9853020083620703]
[130908,130905,1.0,0.9854225534981177]
[130908,45634,1.0,0.4312464830904899]
[130908,130899,1.0,0.972409691238687]
[130908,47684,1.0,0.575478060178921]
[130908,130896,1.0,0.9913719155278211]
[123690,123687,1.0,0.8545496207243305]
[123690,123684,1.0,0.9100351306645014]
[39315,39312,1.0,0.9933096261446815]
[39315,39309,1.0,0.9952227536000962]
[123696,123693,1.0,0.9938667079532783]
[123696,123687,1.0,0.9855469656748767]
[123696,123690,1.0,0.9100351306645014]
[123696,123684,1.0,0.9952227536000962]
[86003,86000,1.0,0.9481149753130207]
[88646,65468,1.0,0.44663138460745727]
[88646,49653,1.0,0.43830473782870494]
[39318,39312,1.0,0.9833710812186304]
[39318,39315,1.0,0.9877812743869288]
[39318,39309,1.0,0.9877812743869288]
[39321,39312,1.0,0.9914148050475043]
[39321,39315,1.0,0.9938289672647332]
[39321,39309,1.0,0.9938289672647332]
[39321,39318,1.0,0.9845106866606533]
[130899,99375,1.0,0.40993870784018405]
[130899,130896,1.0,0.6616730765827024]
[85954,85951,1.0,0.48417653095714586]
[90059,48450,1.0,0.4016702563594139]
[90059,90056,1.0,0.9510787299019263]
[127557,81252,1.0,0.4716309936322847]
[80902,48450,1.0,0.41712124420782676]
[95757,48450,1.0,0.44157140092938946]
[95757,81252,1.0,0.5856819161714217]
[95757,44032,1.0,0.5199067553862206]
[95757,11314,1.0,0.45928507536786034]
[48450,11314,1.0,0.4265609427661499]
[44172,44169,1.0,0.9620017917092663]
[44172,44166,1.0,0.9891164748499857]
[75977,5738,1.0,0.4739823992323929]
[90936,48450,1.0,0.4341036058028927]
[90936,81252,1.0,0.402326613681549]
[6186,6183,1.0,0.9654288479757269]
[81252,48450,1.0,0.540667872777537]
[81252,27387,1.0,0.5335334823659773]
[81252,81249,1.0,0.9925468645354409]
[90062,90059,1.0,0.8640998738884689]
[90062,90056,1.0,0.9582183732300805]
[89257,81252,1.0,0.48252317053427657]
[44169,44166,1.0,0.9929318100825512]
[71625,71622,1.0,0.9863707734172142]
[81249,48450,1.0,0.5516135832995398]
[76743,76740,1.0,0.9952227536000962]
[82139,82136,1.0,0.9549161234610336]
[82142,82136,1.0,0.9952227536000962]
[82142,82139,1.0,0.9714102256070434]
[124500,124494,1.0,0.9896658140415387]
[124500,124497,1.0,0.9856864675386258]
[124503,124500,1.0,0.9486541393873664]
[124503,124494,1.0,0.9726101365839039]
[124503,124497,1.0,0.9495554720513175]
[124497,124494,1.0,0.9900850340350941]
[113095,113092,1.0,0.9906156358287606]
[113098,113095,1.0,0.9895470019970509]
[113098,113092,1.0,0.9946424279692275]
[101635,101632,1.0,0.9926110987619873]
[113101,113095,1.0,0.9849947413794529]
[113101,113098,1.0,0.9857880259769694]
[113101,113092,1.0,0.9922241080961267]
[113104,113095,1.0,0.9906156358287606]
[113104,113098,1.0,0.9910494253290887]
[113104,113092,1.0,0.9952227536000962]
[113104,113101,1.0,0.9830615457577477]
[95281,95278,1.0,0.987559587750102]
[15824,15821,1.0,0.9302994038910809]
[543,540,1.0,0.9952227536000962]
[543,537,1.0,0.9952227536000962]
[10626,10620,1.0,0.9585232187895139]
[10626,10623,1.0,0.9660524722131495]
[10626,10617,1.0,0.9798166343281914]
[95284,95281,1.0,0.9788453337261718]
[95284,95278,1.0,0.9915972733907298]
[10620,10617,1.0,0.9749219226920718]
[15830,15824,1.0,0.5309157023989103]
[15830,15827,1.0,0.40251311561544234]
[15830,15821,1.0,0.9130553973679767]
[540,537,1.0,0.9952227536000962]
[10623,10620,1.0,0.9564974638676028]
[10623,10617,1.0,0.9913332082809255]
[28226,28220,1.0,0.9809215709205859]
[28226,28223,1.0,0.9775607172136831]
[28223,28220,1.0,0.9940216328106725]
[27909,27906,1.0,0.9683218783649925]
[35837,35831,1.0,0.9946939993737459]
[51288,8163,1.0,0.6529914643942694]
[63959,8163,1.0,0.41003870397017195]
[110956,8163,1.0,0.42810583387263845]
[63971,63959,1.0,0.9944743997530586]
[63971,8163,1.0,0.41003870397017195]
[63971,63965,1.0,0.6893900866069522]
[14825,8163,1.0,0.7889548743552707]
[114328,57654,1.0,0.439201062357466]
[51340,8163,1.0,0.4063075184684349]
[81617,8163,1.0,0.4513490018801402]
[63965,63959,1.0,0.7069117671086588]
[62374,62368,1.0,0.9952227536000962]
[8527,8524,1.0,0.9832932900980849]
[76053,61460,1.0,0.41688080244623477]
[44539,21082,1.0,0.40423434238164313]
[44539,22919,1.0,0.7772837372665533]
[74875,21082,1.0,0.5198572808042371]
[74875,22919,1.0,0.623678377426143]
[27042,21082,1.0,0.42936513888670225]
[35803,35800,1.0,0.9935047841791984]
[76672,76666,1.0,0.9927742648919292]
[76672,76669,1.0,0.9646010640723419]
[74370,19277,1.0,0.5117671777728314]
[74370,74367,1.0,0.9952227536000962]
[74370,48519,1.0,0.6098409695807382]
[74370,69146,1.0,0.43758180584374284]
[74370,54612,1.0,0.49719767878310234]
[74370,52663,1.0,0.4979320541537026]
[74370,25466,1.0,0.5433607711520145]
[91858,74370,1.0,0.5369522912171355]
[89692,74370,1.0,0.8639497380455313]
[89692,74367,1.0,0.4086886737166981]
[76669,76666,1.0,0.9888981806104546]
[129519,35803,1.0,0.41443470989740666]
[129519,52390,1.0,0.40816380772292693]
[129519,35800,1.0,0.4026804500425601]
[94812,74370,1.0,0.4355782157909659]
[99909,99906,1.0,0.988148450643207]
[99915,99906,1.0,0.8995934254594262]
[99915,99909,1.0,0.806890929590448]
[99915,99912,1.0,0.6999948331345635]
[99912,99906,1.0,0.9750097943666748]
[99912,99909,1.0,0.944547718854339]
[132112,128149,1.0,0.4323999274280994]
[102039,90249,1.0,0.5799060197733378]
[102039,90554,1.0,0.5596674006813995]
[102039,102030,1.0,0.9892039468450822]
[102039,57573,1.0,0.41954685728730085]
[102039,70913,1.0,0.6107193330446499]
[102039,85537,1.0,0.42556566187162037]
[102039,102033,1.0,0.9856192078502615]
[34301,34298,1.0,0.9480267452156087]
[40580,40577,1.0,0.9919994194217883]
[106135,14700,1.0,0.4062134504706623]
[102033,102030,1.0,0.9888729757123852]
[60779,22661,1.0,0.5880789781025267]
[96831,96825,1.0,0.7780502974174347]
[96831,96828,1.0,0.7395519970317861]
[96828,96825,1.0,0.990515878461667]
[96834,96825,1.0,0.9947262821994]
[96834,55083,1.0,0.7220094156318377]
[96834,96831,1.0,0.9242193482836145]
[96834,96828,1.0,0.9947262821994]
[70014,70011,1.0,0.9643108888700984]
[11085,11082,1.0,0.5355058255267228]
[11085,11076,1.0,0.5207670316463968]
[58542,58533,1.0,0.9797608061294161]
[58542,58539,1.0,0.9797608061294161]
[58542,58536,1.0,0.5896589931813297]
[88494,30689,1.0,0.5742488608437343]
[11082,11076,1.0,0.9904337421865785]
[11935,11929,1.0,0.7962250939521627]
[11935,11932,1.0,0.7539907832792735]
[11935,11926,1.0,0.9499192316397094]
[11929,11926,1.0,0.969715225373741]
[58539,58533,1.0,0.9952227536000962]
[58539,58536,1.0,0.43586576186391324]
[91869,58542,1.0,0.4389892986506597]
[102966,102957,1.0,0.6504819512464076]
[11932,11929,1.0,0.8775827590199312]
[11932,11926,1.0,0.967008696288892]
[70023,70014,1.0,0.9639022545863984]
[70023,70020,1.0,0.9801781214870543]
[70023,70011,1.0,0.9923958418221456]
[70023,70017,1.0,0.9885078759209648]
[70020,70014,1.0,0.9241383854290892]
[70020,70011,1.0,0.9807659782104682]
[70020,70017,1.0,0.9723674507702188]
[102960,102957,1.0,0.95177596615899]
[127519,127510,1.0,0.9031841664810044]
[127519,14392,1.0,0.4214399739032149]
[127519,27171,1.0,0.41788285837119094]
[127519,105654,1.0,0.4610057080297494]
[127519,127513,1.0,0.8668257187845931]
[131466,131463,1.0,0.9768104806048248]
[105654,14633,1.0,0.4122346370706975]
[105654,44596,1.0,0.41812675324144194]
[105654,53256,1.0,0.5221723138290837]
[127522,127510,1.0,0.9909251903137]
[127522,127519,1.0,0.8181656121093398]
[127522,127513,1.0,0.9926680456172919]
[58536,58533,1.0,0.43586576186391324]
[96192,14633,1.0,0.48777786382878874]
[96192,54849,1.0,0.47953246015252987]
[127513,127510,1.0,0.9926680456172919]
[70017,70014,1.0,0.9646658553855317]
[70017,70011,1.0,0.9926680456172919]
[59024,30689,1.0,0.44735896257228247]
[91030,37562,1.0,0.5819954408871022]
[18844,18841,1.0,0.9877726362494229]
[18847,18844,1.0,0.9838152470153326]
[18847,18841,1.0,0.9933677579237732]
[53355,53352,1.0,0.9839056397973164]
[98523,98517,1.0,0.9927742648919292]
[98523,98520,1.0,0.9813175962143648]
[98520,98517,1.0,0.9914998334592536]
[82402,82399,1.0,0.9941637317307742]
[82064,24938,1.0,0.7673167284588397]
[83276,83273,1.0,0.9947262821994]
[83279,83276,1.0,0.9915964436623776]
[83279,83273,1.0,0.9952227536000962]
[93246,82707,1.0,0.46785379097464297]
[82707,61540,1.0,0.5103727080548103]
[30430,30427,1.0,0.9952227536000962]
[107808,93246,1.0,0.494665907810488]
[36729,1874,1.0,0.4807051460206327]
[129291,129288,1.0,0.9869040538628079]
[129291,129285,1.0,0.9952227536000962]
[129288,129285,1.0,0.9895864312524564]
[46882,9749,1.0,0.4840279982213973]
[116926,61540,1.0,0.42039979515504877]
[18199,18193,1.0,0.9563507834739263]
[111600,82707,1.0,0.6091801605334081]
[131148,6156,1.0,0.43695980995409334]
[131148,131145,1.0,0.9742161745796531]
[7820,7814,1.0,0.9789649486431043]
[7820,7817,1.0,0.7880419863739356]
[88970,6156,1.0,0.48252427536050874]
[7823,7820,1.0,0.9199995585928125]
[7823,7814,1.0,0.7834701255941423]
[131145,6156,1.0,0.48806917983806436]
[2886,2883,1.0,0.9736167993072445]
[7817,7814,1.0,0.8009395985722523]
[125418,125415,1.0,0.9872157281250975]
[52121,52118,1.0,0.9876624563098344]
[52121,52115,1.0,0.993588241188578]
[125421,125418,1.0,0.9909829040618358]
[125421,125415,1.0,0.9936472596984713]
[102615,102606,1.0,0.9914218932439751]
[102615,102612,1.0,0.9914218932439751]
[120781,120489,1.0,0.5158515386182608]
[52118,52115,1.0,0.9905564682541387]
[102612,102606,1.0,0.9952227536000962]
[125430,125418,1.0,0.9887260141677526]
[125430,125415,1.0,0.9913922478349471]
[125430,125421,1.0,0.9815192940799771]
[125430,125424,1.0,0.40286465322439474]
[125430,125427,1.0,0.9890548143614425]
[125424,125418,1.0,0.45287711814565773]
[125424,125415,1.0,0.48768987513414935]
[125424,125421,1.0,0.44450741546999]
[125427,125418,1.0,0.9930405993585832]
[125427,125415,1.0,0.9938289672647332]
[125427,125421,1.0,0.9910647150023918]
[125427,125424,1.0,0.48768987513414935]
[89659,28256,1.0,0.48085839638881345]
[89659,89656,1.0,0.9892855308533434]
[89656,28256,1.0,0.48929171385384584]
[89656,12772,1.0,0.4007008881344027]
[8780,8777,1.0,0.9927904021198166]
[86184,26743,1.0,0.40424102863582667]
[113334,88330,1.0,0.5194249289855974]
[88339,88336,1.0,0.5099433581036017]
[88339,88327,1.0,0.6313458954059594]
[88339,88330,1.0,0.960859171671116]
[88339,88333,1.0,0.5860086668613276]
[88336,88327,1.0,0.9904170844565569]
[88336,88330,1.0,0.9900149184524669]
[88336,88333,1.0,0.9937591786417587]
[51942,51939,1.0,0.9952227536000962]
[94606,28256,1.0,0.41585369567619856]
[94606,94603,1.0,0.9649391563909712]
[94606,94600,1.0,0.9909251903137]
[94612,94606,1.0,0.9892039468450822]
[94612,94603,1.0,0.9720150660293357]
[94612,94600,1.0,0.9929984661036967]
[94612,94609,1.0,0.9903423370229045]
[94603,94600,1.0,0.979967430040712]
[88330,88327,1.0,0.9927543544888627]
[104400,104397,1.0,0.9934791965469606]
[94609,94606,1.0,0.9875659912443427]
[94609,94603,1.0,0.9736967981944703]
[94609,94600,1.0,0.9933451308552605]
[94609,78214,1.0,0.400460017744471]
[118927,90212,1.0,0.4535859359907815]
[88333,88327,1.0,0.9853583434873738]
[88333,88330,1.0,0.9841045512441858]
[89662,28256,1.0,0.48929171385384584]
[89662,89659,1.0,0.9892855308533434]
[89662,89656,1.0,0.9952227536000962]
[89662,12772,1.0,0.4007008881344027]
[107059,107056,1.0,0.9765470435303306]
[107059,107053,1.0,0.988148450643207]
[45074,9707,1.0,0.43575098923094324]
[107056,107053,1.0,0.9845369676105582]
[47804,47801,1.0,0.9952227536000962]
[13938,13935,1.0,0.9877726362494229]
[78584,78581,1.0,0.9932340839061571]
[105162,105159,1.0,0.9922394328650235]
[105162,105153,1.0,0.9929864502107044]
[63910,29464,1.0,0.41209373501084356]
[9707,7511,1.0,0.46951405573828736]
[105159,78584,1.0,0.418438726830371]
[105159,9707,1.0,0.5983063240851852]
[105159,105153,1.0,0.9937140629932636]
[110232,105159,1.0,0.40231583408759347]
[635,626,1.0,0.9732937056973869]
[635,629,1.0,0.9027076642222708]
[635,632,1.0,0.9227989531090774]
[25742,25384,1.0,0.43499251897028235]
[82467,82464,1.0,0.6753511408606361]
[82467,82461,1.0,0.9654980824032692]
[25384,25381,1.0,0.987897422277693]
[25384,25372,1.0,0.987897422277693]
[25384,25378,1.0,0.972489619647733]
[25384,25375,1.0,0.9712120417792726]
[87847,60635,1.0,0.5097090779936361]
[25381,25372,1.0,0.993318996418406]
[25381,25378,1.0,0.8974289169713271]
[25381,25375,1.0,0.9830431054116674]
[629,626,1.0,0.9825808896626068]
[632,626,1.0,0.985924688324632]
[632,629,1.0,0.9856287480825668]
[25378,25372,1.0,0.9183281702787028]
[25378,25375,1.0,0.8405612326329645]
[63870,28889,1.0,0.4495487075538561]
[63870,60635,1.0,0.5526439416738725]
[29323,29320,1.0,0.9905564682541387]
[82464,82461,1.0,0.9385623113463611]
[60635,25384,1.0,0.5094232067225863]
[60635,632,1.0,0.594243905845996]
[25375,25372,1.0,0.9876579688040311]
[120958,86896,1.0,0.6173025169861015]
[120958,120955,1.0,0.9905666210777999]
[120955,86896,1.0,0.6587172217016792]
[53502,53499,1.0,0.9529043363912768]
[132519,132516,1.0,0.9516760525403096]
[56995,51354,1.0,0.7570359868162809]
[5260,5251,1.0,0.9592553409012136]
[67422,51354,1.0,0.6567028455266344]
[92440,51354,1.0,0.6331943971421246]
[86689,51354,1.0,0.6685988866266366]
[56283,50745,1.0,0.4566683042889231]
[56283,51354,1.0,0.9068753945198569]
[80635,51354,1.0,0.6163666199393552]
[120879,51354,1.0,0.5706089500818795]
[120882,120879,1.0,0.9680335457256491]
[120882,51354,1.0,0.5559269312414614]
[51354,5260,1.0,0.7300242476315421]
[51354,1185,1.0,0.7194190355312253]
[51354,50745,1.0,0.5806294469519735]
[51354,51345,1.0,0.9924229130625422]
[51354,5251,1.0,0.6499438083209699]
[51354,9634,1.0,0.5042879304602494]
