[117853,117850,1.0,0.9611384916939251]
[117853,117847,1.0,0.9952227536000962]
[117850,117847,1.0,0.9744761199023881]
[112137,62111,1.0,0.5218482575954392]
[109513,109510,1.0,0.9498550527986602]
[113929,113926,1.0,0.9830778246594816]
[79604,79592,1.0,0.9935292479653834]
[79604,79601,1.0,0.9732884706825912]
[79604,79598,1.0,0.9285829513356629]
[79604,79595,1.0,0.973257481577475]
[79601,79592,1.0,0.9413847166558941]
[79601,79598,1.0,0.8187748828242642]
[79601,79595,1.0,0.9419594476345208]
[68037,68034,1.0,0.9632065651260928]
[68040,68037,1.0,0.9396310981542569]
[68040,68034,1.0,0.991759367061051]
[79598,79592,1.0,0.9640300877520962]
[79598,79595,1.0,0.8300922151804803]
[79595,79592,1.0,0.9830145473745074]
[79607,4632,1.0,0.512698972723711]
[79607,79592,1.0,0.9550024554988722]
[79607,79604,1.0,0.9531515308050741]
[79607,79601,1.0,0.9674292843491686]
[79607,79598,1.0,0.8875357063103472]
[79607,79595,1.0,0.8713285592308394]
[79607,40523,1.0,0.48003355589293245]
[111826,111823,1.0,0.8203109092396476]
[52451,52445,1.0,0.9583471476789945]
[28383,28380,1.0,0.9093638398142982]
[28383,28377,1.0,0.9952227536000962]
[28383,28374,1.0,0.9952227536000962]
[77258,28377,1.0,0.43500901518096113]
[77258,65604,1.0,0.40572411456019586]
[77258,8074,1.0,0.4113971698640518]
[77258,18857,1.0,0.46590072907290025]
[28380,28377,1.0,0.9659474350811492]
[28380,28374,1.0,0.9547612746224361]
[28377,28374,1.0,0.9952227536000962]
[111832,111826,1.0,0.8809923196785128]
[111832,111823,1.0,0.9937353308824888]
[111832,111829,1.0,0.9850445429751711]
[111835,111826,1.0,0.8118353641492809]
[111835,111832,1.0,0.9844084614328147]
[111835,111823,1.0,0.987700044645388]
[111835,111829,1.0,0.9719570567731584]
[111838,111826,1.0,0.7191176192482694]
[111838,111832,1.0,0.9678195716429177]
[111838,111835,1.0,0.9894216274077394]
[111838,111823,1.0,0.9735949470507707]
[111838,111829,1.0,0.9448132115901329]
[111829,111826,1.0,0.9187787630148765]
[111829,111823,1.0,0.9883489226857674]
[91184,91181,1.0,0.9812014322686837]
[86226,86223,1.0,0.8950459863553485]
[18732,18729,1.0,0.993318996418406]
[37585,37579,1.0,0.9941331399080218]
[86229,86226,1.0,0.9377624846434625]
[86229,86223,1.0,0.9909728179801929]
[14826,14823,1.0,0.8679162938271823]
[14826,14820,1.0,0.9678041059642595]
[83921,83912,1.0,0.9287450362859992]
[83921,26306,1.0,0.4096046961067957]
[14823,14820,1.0,0.9825507014441716]
[14829,14826,1.0,0.9022520000051065]
[14829,14823,1.0,0.97984193269248]
[14829,14820,1.0,0.9810561490142308]
[64359,64356,1.0,0.9717616584487577]
[64359,64353,1.0,0.9929318100825512]
[64356,64353,1.0,0.9829126443305097]
[64362,64359,1.0,0.9880840469881824]
[64362,64356,1.0,0.9648818896405099]
[64362,64353,1.0,0.9940396568789889]
[38785,38779,1.0,0.9934555382799869]
[38785,38782,1.0,0.7949906644742499]
[38782,38779,1.0,0.8274440367077004]
[85069,61990,1.0,0.42109796942085687]
[107170,1757,1.0,0.44717178695322796]
[67787,67781,1.0,0.9900592205763161]
[67787,67784,1.0,0.6104666762017259]
[113892,85069,1.0,0.439563541087847]
[25448,25445,1.0,0.99133259848331]
[67034,67031,1.0,0.9855549652461617]
[40509,40506,1.0,0.8765127910984428]
[40509,40503,1.0,0.9868158853450261]
[67793,67787,1.0,0.7209324447985578]
[67793,67781,1.0,0.8146033350781903]
[67793,67790,1.0,0.569074887737814]
[12463,12460,1.0,0.9665850268997299]
[66180,1757,1.0,0.54931377978621]
[89303,85069,1.0,0.4133199658187826]
[29343,29340,1.0,0.8241165294760662]
[29343,29337,1.0,0.9628608204124005]
[1385,1379,1.0,0.9869920631240644]
[1385,1382,1.0,0.558563092927261]
[78374,78371,1.0,0.9948470675066801]
[41324,41318,1.0,0.9636220842277439]
[41324,41321,1.0,0.9628514355917702]
[61990,29343,1.0,0.43792900880537405]
[61990,29337,1.0,0.4044738480997503]
[67790,67787,1.0,0.9744562585996422]
[67790,67781,1.0,0.9870222832450403]
[67790,67784,1.0,0.4843165838916207]
[12466,12460,1.0,0.9867629861117355]
[12466,12463,1.0,0.9771330102223823]
[29340,29337,1.0,0.9282984542400712]
[12469,12460,1.0,0.9904277818523912]
[12469,12463,1.0,0.9410753812296767]
[12469,12466,1.0,0.9751180718167792]
[41321,41318,1.0,0.9950881655021437]
[67784,67781,1.0,0.5940541721211415]
[40506,40503,1.0,0.937522996332469]
[71568,61990,1.0,0.4322950941170892]
[1382,1379,1.0,0.6398975209588329]
[110914,71242,1.0,0.5088526333490473]
[110914,76173,1.0,0.40580120801467523]
[110914,110911,1.0,0.9797608061294161]
[110914,110908,1.0,0.9877726362494229]
[110911,110908,1.0,0.9818710795679896]
[126040,59072,1.0,0.4695993917055676]
[26333,26330,1.0,0.992318733686002]
[59072,59069,1.0,0.9931164783355245]
[47135,47132,1.0,0.9906763383230502]
[47138,47135,1.0,0.9897409360419912]
[47138,47132,1.0,0.9937353308824888]
[59075,59072,1.0,0.9931164783355245]
[59075,59069,1.0,0.9952227536000962]
[26339,26333,1.0,0.992318733686002]
[26339,26330,1.0,0.9952227536000962]
[123864,123861,1.0,0.5970030952577671]
[123864,123858,1.0,0.6055583182238448]
[122458,122455,1.0,0.9463930653272186]
[122458,26825,1.0,0.44456643230112]
[122458,26819,1.0,0.44456643230112]
[122458,26822,1.0,0.46239225004404266]
[122455,26825,1.0,0.44349134752862274]
[122455,26819,1.0,0.44349134752862274]
[122455,26822,1.0,0.45950616077472345]
[123861,123858,1.0,0.991232989234331]
[50737,50734,1.0,0.9933550320030448]
[122464,122458,1.0,0.940242014504459]
[122464,122455,1.0,0.9939830075153218]
[122464,26825,1.0,0.41506313592762906]
[122464,26819,1.0,0.41506313592762906]
[122464,122461,1.0,0.9558588207808018]
[122464,26822,1.0,0.43031842722029795]
[26825,26819,1.0,0.9952227536000962]
[26825,26822,1.0,0.9949785116292866]
[80623,50734,1.0,0.6391220375288447]
[80623,50737,1.0,0.6391220375288447]
[80623,52216,1.0,0.6466805708486868]
[131346,80623,1.0,0.4319032881742291]
[122461,122458,1.0,0.7275070084447781]
[122461,122455,1.0,0.9503915384802655]
[26822,26819,1.0,0.9949785116292866]
[26822,23519,1.0,0.4011885845019833]
[22344,22341,1.0,0.9891700284774299]
[22347,22341,1.0,0.9865095116293181]
[22347,22344,1.0,0.9712778789528101]
[13918,13915,1.0,0.9952227536000962]
[13921,13918,1.0,0.9895035926994553]
[13921,13915,1.0,0.9895035926994553]
[4672,4669,1.0,0.9908898137672075]
[90361,90358,1.0,0.9472434695985202]
[91304,69497,1.0,0.5240797405567618]
[63265,63259,1.0,0.9065618329594726]
[63265,63262,1.0,0.7097023108374505]
[63262,63259,1.0,0.9624636878387378]
[83970,40086,1.0,0.4179138683780243]
[3119,3110,1.0,0.9582372560320013]
[3119,3113,1.0,0.8036803242878312]
[3113,3110,1.0,0.9326685157177156]
[79650,79647,1.0,0.9639258847199687]
[24500,6187,1.0,0.4334902432931529]
[24500,15988,1.0,0.4733058323500159]
[78891,810,1.0,0.46323510214967817]
[107625,107622,1.0,0.9288174838918429]
[87305,49068,1.0,0.44480559263761216]
[51417,51411,1.0,0.980853895460242]
[77982,51426,1.0,0.4423112324376676]
[77982,51420,1.0,0.4597386024938849]
[77982,51423,1.0,0.40966592042061284]
[107622,49067,1.0,0.5053402276843049]
[107622,6187,1.0,0.4665760917805075]
[107622,59768,1.0,0.4736332262231384]
[107622,17189,1.0,0.6268475049097475]
[82182,82176,1.0,0.9370293544716439]
[49068,49065,1.0,0.9658710634157666]
[49068,26520,1.0,0.6525742712923025]
[51426,51417,1.0,0.9506132672091956]
[51426,51411,1.0,0.9638329808681951]
[51426,51420,1.0,0.9549941921727448]
[51426,51423,1.0,0.9662103402929555]
[49071,49068,1.0,0.9469546553393415]
[49071,49065,1.0,0.9916606834562801]
[103951,51417,1.0,0.41515401884362185]
[103951,49068,1.0,0.4940657036790008]
[103951,51426,1.0,0.42370271880495886]
[103951,51411,1.0,0.4215419963124632]
[103951,92863,1.0,0.4253576268214443]
[103951,51423,1.0,0.46885165326209943]
[29425,29419,1.0,0.9934289110292495]
[29425,29422,1.0,0.9934289110292495]
[29425,15988,1.0,0.41441586419013465]
[92863,26520,1.0,0.40378939184329365]
[29419,15988,1.0,0.41441586419013465]
[5333,5330,1.0,0.970226966631115]
[51420,51417,1.0,0.9777900135117155]
[51420,51411,1.0,0.9919033442251156]
[810,804,1.0,0.9837157241425534]
[810,807,1.0,0.9619741730410246]
[70527,70524,1.0,0.9917038292066669]
[807,804,1.0,0.9858120067563727]
[29422,29419,1.0,0.9952227536000962]
[29422,15988,1.0,0.4172377199556633]
[51423,51417,1.0,0.9803906294883469]
[51423,51411,1.0,0.988413682643911]
[51423,51420,1.0,0.9851530018190484]
[79653,79650,1.0,0.9475103804043274]
[79653,79647,1.0,0.9925229512934376]
[49074,49068,1.0,0.9621769759047514]
[49074,49065,1.0,0.8179428241974708]
[49074,49071,1.0,0.5878309166537993]
[82176,6187,1.0,0.4133822157290771]
[13657,13654,1.0,0.9946939993737459]
[70530,70527,1.0,0.5781866492367366]
[70530,70524,1.0,0.5767186424130535]
[59768,24500,1.0,0.6893321697360498]
[91758,6187,1.0,0.4303091975780285]
[13660,13654,1.0,0.9812407927506444]
[13660,13657,1.0,0.9707416695103143]
[14110,14107,1.0,0.9889123811095281]
[87266,87263,1.0,0.9919839916101322]
[87266,60705,1.0,0.6700528071315034]
[87266,26338,1.0,0.578805040715691]
[87266,42398,1.0,0.621827650601794]
[87269,87263,1.0,0.9952227536000962]
[87269,87266,1.0,0.9946939993737459]
[55773,55770,1.0,0.9906918022220798]
[88483,88477,1.0,0.982296507061751]
[88483,88480,1.0,0.9864041175019975]
[92467,92464,1.0,0.9153956067965999]
[92467,92461,1.0,0.9928534077896937]
[77168,59351,1.0,0.44645876594035894]
[77168,50479,1.0,0.4415594968112025]
[77168,60590,1.0,0.4340354182471503]
[77168,21245,1.0,0.6265424486311283]
[77168,33165,1.0,0.5793044106344989]
[26548,26545,1.0,0.4150256396709075]
[92464,92461,1.0,0.9311931310895899]
[76987,39203,1.0,0.4142118294055146]
[88480,88477,1.0,0.9900320103668483]
[92470,92467,1.0,0.9067888830329404]
[92470,92464,1.0,0.5106833742044151]
[92470,92461,1.0,0.9141342891567343]
[92473,92467,1.0,0.9862664485557137]
[92473,92464,1.0,0.8501659946477611]
[92473,92461,1.0,0.9877726362494229]
[92473,92470,1.0,0.8625751754903512]
[26545,26542,1.0,0.9840265472434951]
[39203,39200,1.0,0.7267637784880429]
[39203,39194,1.0,0.6864564429333091]
[39203,39197,1.0,0.622106939182859]
[2058,2055,1.0,0.7790637707205941]
[31045,21245,1.0,0.4039758754590245]
[55776,55770,1.0,0.5700505056734178]
[55776,55773,1.0,0.5225439428068527]
[19452,19446,1.0,0.994205387626701]
[55779,55770,1.0,0.9214363692560162]
[55779,55773,1.0,0.8813258349575428]
[55779,55776,1.0,0.7427172128382553]
[39200,39194,1.0,0.9880887122143599]
[39200,39197,1.0,0.9828418579694994]
[39197,39194,1.0,0.9927904021198166]
[81945,71796,1.0,0.544967601990533]
[113280,113277,1.0,0.9788409720910262]
[113280,113274,1.0,0.9927904021198166]
[113277,113274,1.0,0.9852777281909589]
[18876,18870,1.0,0.9927904021198166]
[18876,18873,1.0,0.9927904021198166]
[18879,18870,1.0,0.9952227536000962]
[18879,18876,1.0,0.9927904021198166]
[18879,18873,1.0,0.9952227536000962]
[46278,46275,1.0,0.9936785550260069]
[40815,40812,1.0,0.9817774001944534]
[46281,46275,1.0,0.9878322765641779]
[46281,46278,1.0,0.9842654174479132]
[18873,18870,1.0,0.9952227536000962]
[30376,30373,1.0,0.9927904021198166]
[30379,30376,1.0,0.99197389530156]
[30379,30373,1.0,0.9946572280446236]
[129663,129657,1.0,0.9896050919726505]
[129663,129660,1.0,0.8140269801125026]
[124707,124704,1.0,0.9238890249913726]
[129660,129657,1.0,0.918279455593069]
[30697,30691,1.0,0.9952227536000962]
[59433,59427,1.0,0.9837182661522439]
[30700,30691,1.0,0.9482042500269592]
[30700,30697,1.0,0.9482042500269592]
[38649,38643,1.0,0.9927904021198166]
[38649,38646,1.0,0.9914323621800258]
[38652,38649,1.0,0.9893327550964207]
[38652,38643,1.0,0.9927510998302113]
[38652,38646,1.0,0.9913792838498091]
[38646,38643,1.0,0.9942819304487751]
[129615,129609,1.0,0.9893321440883783]
[129615,129612,1.0,0.9744867803683852]
[129618,129615,1.0,0.9718139875922689]
[129618,129609,1.0,0.9864557604863067]
[129618,129612,1.0,0.9391685319921724]
[129612,129609,1.0,0.9886942826566317]
[38794,38788,1.0,0.9930676807585843]
[76908,76905,1.0,0.9913560947283121]
[79146,79143,1.0,0.9919031889112758]
[46058,46055,1.0,0.9952227536000962]
[113458,89361,1.0,0.4994327114853913]
[113416,101280,1.0,0.4293170205127658]
[99322,89361,1.0,0.4845253214441564]
[114939,114936,1.0,0.9891164748499857]
[15842,15833,1.0,0.9910555780036622]
[15842,15836,1.0,0.9889445191677185]
[15842,15839,1.0,0.9895719393016236]
[110176,110173,1.0,0.9952227536000962]
[15836,15833,1.0,0.9913261485646341]
[46064,46058,1.0,0.9946572280446236]
[46064,46055,1.0,0.9946572280446236]
[15845,15833,1.0,0.9720481081111879]
[15845,15842,1.0,0.910008987879198]
[15845,15836,1.0,0.9685899292957959]
[15845,15839,1.0,0.9400063729758367]
[101280,101277,1.0,0.9817557885719632]
[15839,15833,1.0,0.9890551062018309]
[15839,15836,1.0,0.9864974400956679]
[27065,27056,1.0,0.979566468273801]
[27065,27059,1.0,0.9562553923737463]
[27059,27056,1.0,0.9884976622176969]
[55286,55283,1.0,0.9952227536000962]
[62586,62583,1.0,0.9413620870831335]
[62589,62586,1.0,0.910035216622364]
[62589,62583,1.0,0.9898044870830179]
[96934,96931,1.0,0.9927828709151029]
[55289,55286,1.0,0.9435757433873435]
[55289,55283,1.0,0.9435757433873435]
[62598,62586,1.0,0.9182396199480639]
[62598,62589,1.0,0.9205300507795449]
[62598,62583,1.0,0.9495054747594308]
[62598,62592,1.0,0.9205619074921338]
[62592,62586,1.0,0.9369233963097789]
[62592,62589,1.0,0.9790897684401751]
[62592,62583,1.0,0.9891356835907431]
[30652,30646,1.0,0.91633722587353]
[30652,30643,1.0,0.9793469428394556]
[30652,30649,1.0,0.9779967718467477]
[30646,30643,1.0,0.9754834930132598]
[71857,60632,1.0,0.4053927722171402]
[26891,26888,1.0,0.9905564682541387]
[27268,27262,1.0,0.9916975038550923]
[27268,27265,1.0,0.9848357925574476]
[30655,30652,1.0,0.9640159052284231]
[30655,30646,1.0,0.948183889300032]
[30655,30643,1.0,0.988421098306559]
[30655,30649,1.0,0.9791743726823255]
[30649,30646,1.0,0.9411003988585986]
[30649,30643,1.0,0.9857645716997039]
[26900,26891,1.0,0.4535946999255879]
[26900,26888,1.0,0.513669804876589]
[27265,27262,1.0,0.9859231970066906]
[111570,88933,1.0,0.41233077468867096]
[69072,69069,1.0,0.9468796552095577]
[69072,69066,1.0,0.9952227536000962]
[69072,69063,1.0,0.9926278674655746]
[69075,69072,1.0,0.9314563101474148]
[69075,69069,1.0,0.8140993496064696]
[69075,69066,1.0,0.9772620664507342]
[69075,69063,1.0,0.9756138445545872]
[69069,69066,1.0,0.9818144435796732]
[69069,69063,1.0,0.9600304788655826]
[69066,69063,1.0,0.9952227536000962]
[24861,24858,1.0,0.775437611295902]
[43606,9922,1.0,0.5693346821729924]
[119940,119934,1.0,0.9776545623930015]
[119940,119937,1.0,0.9771039889843792]
[119937,119934,1.0,0.9946149626479851]
[49692,49686,1.0,0.9884976622176969]
[49695,49692,1.0,0.9163587518217005]
[49695,49686,1.0,0.9586780628756998]
[108826,71769,1.0,0.4245791821919543]
[108826,89492,1.0,0.4784160388592278]
[28881,19925,1.0,0.5154696454784577]
[74644,28881,1.0,0.5488251235395328]
[103200,74644,1.0,0.4221614587644555]
[55088,15266,1.0,0.4397441980574152]
[103465,101164,1.0,0.4716950380026944]
[127024,127018,1.0,0.9952227536000962]
[127024,127021,1.0,0.9927904021198166]
[40760,40757,1.0,0.9891643175844307]
[12077,12074,1.0,0.9782666058132977]
[127027,127024,1.0,0.9914866355274466]
[127027,127018,1.0,0.9914866355274466]
[127027,127021,1.0,0.9876018253042956]
[119017,12077,1.0,0.43755352941669456]
[119017,12083,1.0,0.4004339347629449]
[453,450,1.0,0.9916653533637861]
[132061,132058,1.0,0.9942129708818666]
[12080,12077,1.0,0.8736032103156115]
[12080,12074,1.0,0.9567130713339097]
[75851,75845,1.0,0.9892819917996648]
[75851,75848,1.0,0.9813268698010157]
[119025,119022,1.0,0.9940396568789889]
[75848,75845,1.0,0.991468626206008]
[127021,127018,1.0,0.9927904021198166]
[12086,12077,1.0,0.9611813915580281]
[12086,12074,1.0,0.9905564682541387]
[12086,12080,1.0,0.9153564346724252]
[12086,12083,1.0,0.9805537350739518]
[12083,12077,1.0,0.9648646004495544]
[12083,12074,1.0,0.9868075910170765]
[12083,12080,1.0,0.9414619208306552]
[114096,112947,1.0,0.664490112066395]
[130218,46403,1.0,0.7916738167634193]
[63253,765,1.0,0.4036794253137104]
[112941,9049,1.0,0.45849501045299146]
[112950,112941,1.0,0.9931579754637436]
[112950,9049,1.0,0.45849501045299146]
[112950,112944,1.0,0.9931579754637436]
[112950,112947,1.0,0.9876737904742409]
[38079,38073,1.0,0.99133259848331]
[38079,38076,1.0,0.99133259848331]
[9049,9046,1.0,0.9793056929697103]
[9049,9040,1.0,0.9895551146132804]
[9049,9043,1.0,0.6053585376220805]
[112944,112941,1.0,0.9952227536000962]
[112944,9049,1.0,0.46377953868940963]
[115689,112947,1.0,0.4513186158122902]
[9046,9040,1.0,0.9885729016065218]
[9046,9043,1.0,0.6507853849240678]
[38076,38073,1.0,0.9952227536000962]
[55056,49153,1.0,0.4698807178547376]
[38085,38079,1.0,0.99133259848331]
[38085,38073,1.0,0.9952227536000962]
[38085,38076,1.0,0.9952227536000962]
[38085,38082,1.0,0.9877726362494229]
[49153,3592,1.0,0.441815392401657]
[100404,46403,1.0,0.4261998379588562]
[99697,9049,1.0,0.4023094696860401]
[99697,12410,1.0,0.7770251029818633]
[99697,3845,1.0,0.4154483847122313]
[99697,80783,1.0,0.48214183659466525]
[99697,46403,1.0,0.8317473894129279]
[99697,72406,1.0,0.4236539895870424]
[123481,49153,1.0,0.40430012545020316]
[80783,12410,1.0,0.41606011443764407]
[116010,46403,1.0,0.4555447971266801]
[77324,38076,1.0,0.5383747123348198]
[107397,44269,1.0,0.4264348432955518]
[130828,46403,1.0,0.47264018583645195]
[112947,31005,1.0,0.5124594628639499]
[112947,63253,1.0,0.5123151455361041]
[112947,112941,1.0,0.9913332082809255]
[112947,49357,1.0,0.4420822207142544]
[112947,9049,1.0,0.4657846420266662]
[112947,112944,1.0,0.9913332082809255]
[112947,12995,1.0,0.5465252056384323]
[112947,77096,1.0,0.442596635664335]
[112947,9046,1.0,0.4020851489297537]
[112947,23185,1.0,0.5303818281631424]
[112947,12099,1.0,0.4127406384280393]
[112947,7159,1.0,0.44361372237970026]
[112947,51399,1.0,0.4562374139011798]
[112947,92915,1.0,0.4016250402126559]
[112947,765,1.0,0.4343967262687171]
[112947,2848,1.0,0.44255359165717717]
[112947,85311,1.0,0.4245209434168522]
[112947,87896,1.0,0.4440867782429301]
[112947,65326,1.0,0.533863398059883]
[112947,9040,1.0,0.4657846420266662]
[112947,54113,1.0,0.41143940543964763]
[112947,108201,1.0,0.42144804582010675]
[112947,50560,1.0,0.581763916131402]
[112947,84871,1.0,0.40061879566139713]
[112947,36249,1.0,0.40653031147078306]
[112947,40807,1.0,0.4725892569839706]
[112947,9043,1.0,0.48245877821847344]
[112947,50004,1.0,0.5349350874689722]
[112947,85314,1.0,0.4245209434168522]
[112947,97642,1.0,0.6271410345521374]
[38082,38079,1.0,0.9809469414890544]
[38082,38073,1.0,0.9877726362494229]
[38082,38076,1.0,0.9877726362494229]
[46403,22612,1.0,0.40306681489144186]
[46403,38076,1.0,0.4440324778681217]
[46403,40049,1.0,0.6330778288362207]
[46403,7159,1.0,0.47164528918166104]
[46403,22615,1.0,0.40306681489144186]
[68139,46403,1.0,0.4603674095461025]
[22615,22612,1.0,0.9918818867765093]
[72406,5572,1.0,0.40960876431930093]
[9043,9040,1.0,0.7017457170590794]
[85314,85311,1.0,0.9875726159185809]
[88626,88623,1.0,0.9436982767584777]
[88626,88617,1.0,0.9488199699910459]
[27275,27272,1.0,0.9946572280446236]
[27275,27269,1.0,0.9952227536000962]
[6381,6378,1.0,0.9785844134677308]
[71415,25452,1.0,0.504838263776658]
[27272,27269,1.0,0.9917038292066669]
[88623,88617,1.0,0.9913719155278211]
[15875,15872,1.0,0.9939830075153218]
[6384,6381,1.0,0.9638884830803758]
[6384,6378,1.0,0.946317352528518]
[119272,41818,1.0,0.5276187967698155]
[124837,63831,1.0,0.6572823297280727]
[124837,87561,1.0,0.4200214371267128]
[15878,15875,1.0,0.9939830075153218]
[15878,15872,1.0,0.9952227536000962]
[112327,89216,1.0,0.41657261349234126]
[112327,20382,1.0,0.43080532011226097]
[10275,10272,1.0,0.9941331399080218]
[126510,10786,1.0,0.4617438697667731]
[71310,71307,1.0,0.99466058333216]
[71310,71304,1.0,0.99466058333216]
[36924,36921,1.0,0.9657268390065098]
[36924,36918,1.0,0.9927186279168139]
[51897,51894,1.0,0.8625911604468041]
[51897,51888,1.0,0.9844071202228775]
[51897,51891,1.0,0.9844071202228775]
[71307,71304,1.0,0.9952227536000962]
[51900,51897,1.0,0.982612359842193]
[51900,51894,1.0,0.8991676873958026]
[51900,51888,1.0,0.9905564682541387]
[51900,51891,1.0,0.9905564682541387]
[36921,36918,1.0,0.9877890492516855]
[104355,51891,1.0,0.5787478510420015]
[51894,51888,1.0,0.9686472077533234]
[51894,51891,1.0,0.9757958192984313]
[90355,90352,1.0,0.9952227536000962]
[110392,45936,1.0,0.5946501759301781]
[110392,36316,1.0,0.40053981663319443]
[110392,60293,1.0,0.49051727408051154]
[110392,94660,1.0,0.5384711565366552]
[37025,37019,1.0,0.9870662298793342]
[60293,60290,1.0,0.9571046825469225]
[60293,7965,1.0,0.4830190815468577]
[60293,51891,1.0,0.41136517339019824]
[76270,76264,1.0,0.9764035196671061]
[32262,32250,1.0,0.8355130640438159]
[32262,32253,1.0,0.8355130640438159]
[71313,71310,1.0,0.5399099436114595]
[71313,71307,1.0,0.7448438752962319]
[71313,71304,1.0,0.7448438752962319]
[94660,43845,1.0,0.8971554742173099]
[94660,92335,1.0,0.45019043344860965]
[94660,7965,1.0,0.46371949448505495]
[94660,93509,1.0,0.613918431738335]
[94660,74048,1.0,0.5045654250738165]
[94660,80957,1.0,0.4149761263461521]
[94660,51891,1.0,0.41070664184036787]
[94660,92338,1.0,0.44763237472218625]
[92341,92335,1.0,0.9946572280446236]
[92341,92338,1.0,0.9917174942898525]
[93509,60293,1.0,0.4375313395978382]
[93509,5057,1.0,0.41820222888838915]
[32253,32250,1.0,0.9945696989634647]
[51903,51897,1.0,0.9766107303817404]
[51903,51900,1.0,0.9853300846766916]
[51903,51894,1.0,0.9365306617591361]
[51903,51888,1.0,0.9925468645354409]
[51903,51891,1.0,0.9925468645354409]
[74048,60293,1.0,0.4854920803501476]
[51891,51888,1.0,0.9952227536000962]
[92338,92335,1.0,0.9925468645354409]
[70261,70258,1.0,0.6805919586047556]
[119542,7923,1.0,0.542958430350848]
[32715,7923,1.0,0.4380160395367445]
[86219,78537,1.0,0.434115782626909]
[86219,78531,1.0,0.434115782626909]
[86219,57909,1.0,0.4085704238341486]
[86219,14726,1.0,0.4458839402610021]
[42383,7923,1.0,0.4064214580492565]
[15620,7923,1.0,0.42219563533484145]
[39056,39053,1.0,0.9922323843947127]
[39056,7923,1.0,0.46787784157495094]
[12895,7923,1.0,0.4529585334484131]
[3371,3368,1.0,0.926212171312769]
[18040,7923,1.0,0.4110279629435874]
[55301,55298,1.0,0.9815008770441205]
[55301,55295,1.0,0.9952227536000962]
[78537,7923,1.0,0.5006514628822889]
[78537,78531,1.0,0.993984955328199]
[78537,57909,1.0,0.4622937624022968]
[78537,78534,1.0,0.9838839455710011]
[119202,7923,1.0,0.6275050529777964]
[55298,55295,1.0,0.9815008770441205]
[39053,7923,1.0,0.46787784157495094]
[7923,7366,1.0,0.41952342857267644]
[7923,3371,1.0,0.5693515390201764]
[7923,5633,1.0,0.44645487355278446]
[7923,3368,1.0,0.5693515390201764]
[7923,391,1.0,0.580302322686064]
[7923,6287,1.0,0.49158629200314846]
[7923,7920,1.0,0.9910719712830135]
[104469,7923,1.0,0.4856531721564391]
[71087,71084,1.0,0.9744630689938265]
[71087,71081,1.0,0.9952227536000962]
[102264,7923,1.0,0.4449241985679754]
[18970,7923,1.0,0.41879063819085716]
[18970,18967,1.0,0.9455724306088193]
[18970,18964,1.0,0.9882102581133985]
[59737,7923,1.0,0.5536666746796182]
[68472,68469,1.0,0.9842302396748989]
[78710,10435,1.0,0.47765646992442845]
[78710,18040,1.0,0.4065799905189474]
[78710,7923,1.0,0.5089388358048544]
[70608,7923,1.0,0.5376253013270288]
[78531,7923,1.0,0.5006514628822889]
[78531,57909,1.0,0.46444970384248724]
[18967,18964,1.0,0.981125173706418]
[78534,7923,1.0,0.5006514628822889]
[78534,78531,1.0,0.9869485200005181]
[32908,7923,1.0,0.5615635741244425]
[68650,7923,1.0,0.5795838230079802]
[69421,7923,1.0,0.41855750298556377]
[43226,7923,1.0,0.4969057506060887]
[107932,7923,1.0,0.4063320705312039]
[68491,42383,1.0,0.4554337656951603]
[68491,7923,1.0,0.47407363154708293]
[71090,71087,1.0,0.9550553244110983]
[71090,71084,1.0,0.8688018711566909]
[71090,71081,1.0,0.9550553244110983]
[62737,7923,1.0,0.654932076180142]
[71084,71081,1.0,0.9810403015817599]
[115387,7923,1.0,0.5335842119487195]
[18964,7923,1.0,0.40503027711154665]
[60691,3150,1.0,0.7331729492539176]
[60691,3147,1.0,0.4764548238911484]
[60691,3138,1.0,0.4865803990217437]
[51572,3150,1.0,0.47666367224605893]
[20684,3150,1.0,0.5146516180158246]
[17442,3147,1.0,0.4619887525015288]
[17442,3138,1.0,0.47085470060572926]
[93176,3150,1.0,0.42610039808860173]
[38795,3150,1.0,0.4732282088928438]
[57670,38140,1.0,0.4777614669460883]
[57670,55519,1.0,0.4541677471057643]
[19349,13056,1.0,0.5201520763941622]
[19349,11264,1.0,0.4369538055070132]
[100660,61263,1.0,0.5978074670927346]
[100660,15281,1.0,0.5899264853817234]
[100660,7027,1.0,0.5970158798549103]
[100660,7033,1.0,0.5970158798549103]
[100660,69854,1.0,0.41648590853961875]
[100660,14716,1.0,0.4173775463358137]
[100660,87184,1.0,0.5248361238624061]
[100660,70528,1.0,0.5322278693659469]
[56622,3150,1.0,0.40710083463781194]
[56489,3150,1.0,0.5474380754604751]
[7033,7027,1.0,0.9933677579237732]
[33833,33830,1.0,0.9835372523398294]
[3141,3138,1.0,0.9919496448126718]
[127629,38140,1.0,0.5069643262953216]
[127629,15281,1.0,0.41012108395365987]
[127629,57670,1.0,0.456249894621789]
[127629,96267,1.0,0.47399691494323176]
[127629,65393,1.0,0.43985024371760584]
[127629,118890,1.0,0.4972223969206928]
[127629,87184,1.0,0.43913097416272645]
[96267,38140,1.0,0.44851092799524817]
[96267,57670,1.0,0.44395494422278353]
[33836,33833,1.0,0.9646740612537315]
[33836,33830,1.0,0.994342093446844]
[33294,3150,1.0,0.4171446491839177]
[59643,3150,1.0,0.44205854874685946]
[86026,17442,1.0,0.42349588348365774]
[86026,86023,1.0,0.988413682643911]
[65384,65381,1.0,0.9812700560611748]
[89074,3150,1.0,0.5515571864820532]
[96651,87184,1.0,0.4631545474199124]
[3150,3141,1.0,0.9590562767504301]
[3150,3147,1.0,0.95457768167882]
[3150,3138,1.0,0.9513905726239794]
[29902,3150,1.0,0.8351237386401414]
[29902,3147,1.0,0.41251439947454416]
[29902,3138,1.0,0.41987008216511895]
[65393,38140,1.0,0.47265545459503727]
[65393,57670,1.0,0.4531969641799703]
[65393,65381,1.0,0.9930239691265841]
[65393,65384,1.0,0.9930239691265841]
[65393,65390,1.0,0.975937421773516]
[118890,38140,1.0,0.43446545514116397]
[118890,57670,1.0,0.4441920264482131]
[87184,57670,1.0,0.45820117618619216]
[87184,65384,1.0,0.43749126752493833]
[101335,19349,1.0,0.4379619529422143]
[69989,3150,1.0,0.4301387738232159]
[16656,3150,1.0,0.4904818590315724]
[17498,3150,1.0,0.4201736289247172]
[29438,3150,1.0,0.7865168965400556]
[3147,3141,1.0,0.9854051661379523]
[3147,3138,1.0,0.9915964436623776]
[51721,19349,1.0,0.40173646950558317]
[65390,65381,1.0,0.9829714173435662]
[65390,65384,1.0,0.9430461838835001]
[52645,2622,1.0,0.7107738117046859]
[69059,19349,1.0,0.4503141938939818]
[4041,3150,1.0,0.4640082322003499]
[86023,3150,1.0,0.41223256785383117]
[10222,3150,1.0,0.48153006409864435]
[30202,30199,1.0,0.9551523468299437]
[20933,20930,1.0,0.9022125247173672]
[2205,2199,1.0,0.993172515220938]
[2205,2202,1.0,0.6507656645880121]
[2202,2199,1.0,0.44665801216664575]
[2211,2199,1.0,0.9952227536000962]
[2211,2205,1.0,0.9909007684684732]
[2211,2202,1.0,0.44665801216664575]
[2211,2208,1.0,0.977654719923328]
[2208,2199,1.0,0.977654719923328]
[2208,2205,1.0,0.9603255161938133]
[77905,77902,1.0,0.9796856628884593]
[112984,112981,1.0,0.9872021338195044]
[59614,59611,1.0,0.986561341032257]
[73567,38201,1.0,0.4277262518622852]
[30205,30202,1.0,0.9506087895408961]
[30205,30199,1.0,0.9718256422885176]
[21007,21004,1.0,0.9842879504501727]
[53159,51756,1.0,0.42395869464589647]
[120357,120345,1.0,0.9952227536000962]
[120357,120354,1.0,0.9914210017063377]
[120357,120351,1.0,0.9905564682541387]
[120357,120348,1.0,0.992312808442868]
[51759,51756,1.0,0.9674889819814737]
[64516,64513,1.0,0.9546735418958676]
[64516,64507,1.0,0.9942819304487751]
[64516,64510,1.0,0.9318046520982172]
[21016,21007,1.0,0.9604679229539339]
[21016,21004,1.0,0.9868407617004072]
[21016,21010,1.0,0.9662535681353216]
[51756,1281,1.0,0.4178281817974748]
[64513,64507,1.0,0.9737188279431283]
[64513,64510,1.0,0.9777968297612688]
[21010,21007,1.0,0.9589951216181801]
[21010,21004,1.0,0.9855172096976511]
[77854,77851,1.0,0.9949785116292866]
[120354,120345,1.0,0.9914210017063377]
[120354,120351,1.0,0.9836489271344839]
[120354,120348,1.0,0.9865947170441063]
[43188,43185,1.0,0.9714187345421978]
[64510,64507,1.0,0.9402663933328584]
[120351,120345,1.0,0.9905564682541387]
[120351,120348,1.0,0.9848963346145074]
[120348,120345,1.0,0.992312808442868]
[68554,68548,1.0,0.9872086191975761]
[68554,68551,1.0,0.9872086191975761]
[68551,68548,1.0,0.9952227536000962]
[67297,67291,1.0,0.9932774285140986]
[10034,10031,1.0,0.9275458391289393]
[42026,42023,1.0,0.9920713065094333]
[92524,92521,1.0,0.9936282955531263]
[10092,10086,1.0,0.9952227536000962]
[10092,10089,1.0,0.9952227536000962]
[92527,92524,1.0,0.9936282955531263]
[92527,92521,1.0,0.9952227536000962]
[10089,10086,1.0,0.9952227536000962]
[92530,92524,1.0,0.9810212074349888]
[92530,92527,1.0,0.9794343515796403]
[92530,92521,1.0,0.9794343515796403]
[37260,37254,1.0,0.9877726362494229]
[37260,37257,1.0,0.9864615863527585]
[26271,26268,1.0,0.9666130720970324]
[37257,37254,1.0,0.9919839916101322]
[103371,93853,1.0,0.4059561467108579]
[103371,100126,1.0,0.9099360449408852]
[100126,93853,1.0,0.44565969563148616]
[27699,27696,1.0,0.9673393714211714]
[123895,123886,1.0,0.9875856651336679]
[123895,123889,1.0,0.9705615898760248]
[123895,123892,1.0,0.947696093746727]
[117286,117280,1.0,0.677136397230191]
[117286,117283,1.0,0.9762459196640965]
[2141,2135,1.0,0.6493028462759134]
[2141,2138,1.0,0.9579932502126552]
[2141,2132,1.0,0.7960813460935671]
[104989,27699,1.0,0.436490762383237]
[104989,27696,1.0,0.436490762383237]
[2135,2132,1.0,0.9767414346620549]
[123889,87016,1.0,0.4500960217623808]
[123889,123886,1.0,0.9665023817433157]
[2138,2135,1.0,0.9474051916162812]
[2138,2132,1.0,0.9785167146461617]
[123892,123886,1.0,0.9567130713339097]
[123892,123889,1.0,0.9705615898760248]
[49616,49610,1.0,0.9905564682541387]
[117283,27699,1.0,0.5091077756049107]
[117283,27696,1.0,0.5091077756049107]
[117283,117280,1.0,0.9939115630013113]
[49619,49610,1.0,0.9945658731879131]
[49619,49616,1.0,0.9893525123480461]
[117289,117286,1.0,0.677136397230191]
[117289,117280,1.0,0.9952227536000962]
[117289,117283,1.0,0.9952227536000962]
[51397,51391,1.0,0.851076363055727]
[51397,51388,1.0,0.9952227536000962]
[51397,51394,1.0,0.9950198389614197]
[51391,51388,1.0,0.7644047431087962]
[51394,51391,1.0,0.8476647602718663]
[51394,51388,1.0,0.9950198389614197]
[24371,24368,1.0,0.974723549555093]
[24374,24371,1.0,0.9800855734930607]
[24374,24368,1.0,0.9942129708818666]
[72535,72526,1.0,0.9927904021198166]
[72535,72532,1.0,0.9902999002802011]
[72535,72529,1.0,0.9808457222614558]
[42066,42057,1.0,0.9945275130393195]
[42066,42063,1.0,0.9802811666560158]
[86012,35132,1.0,0.43054321179870797]
[42063,42057,1.0,0.990964113309384]
[122974,45864,1.0,0.4551431372648286]
[35135,35132,1.0,0.6730991115412568]
[35135,35129,1.0,0.9879724704886186]
[72532,72526,1.0,0.9862812438610218]
[72532,72529,1.0,0.9652184225088105]
[72529,72526,1.0,0.9808457222614558]
[25383,25377,1.0,0.9875478803503387]
[42069,42057,1.0,0.5592066701322341]
[42069,42066,1.0,0.4763074246099306]
[42069,42063,1.0,0.5645922659159862]
[35132,35129,1.0,0.7414681882108531]
[11178,11175,1.0,0.9926278674655746]
[11181,11175,1.0,0.9926278674655746]
[11181,11178,1.0,0.9859369605433117]
[90994,90991,1.0,0.9900592205763161]
[71630,71627,1.0,0.9952227536000962]
[71636,71627,1.0,0.9891356835907431]
[71636,71630,1.0,0.9891356835907431]
[71636,71633,1.0,0.9784286056001428]
[71633,71627,1.0,0.9900096249183904]
[71633,71630,1.0,0.9900096249183904]
[59152,59149,1.0,0.9909728179801929]
[31216,5966,1.0,0.4392626266169138]
[130402,130399,1.0,0.9671432421079558]
[130405,130402,1.0,0.8906127854677814]
[130405,130399,1.0,0.9503410527157932]
[130408,130402,1.0,0.9659124828336801]
[130408,130399,1.0,0.9870964309263354]
[130408,130405,1.0,0.9577873910174689]
[93477,32418,1.0,0.4163832802762871]
[131935,109863,1.0,0.5707567205900534]
[131935,131932,1.0,0.9917506683862775]
[45946,45940,1.0,0.6776277048071597]
[45946,45943,1.0,0.8999148010219986]
[45946,45937,1.0,0.8059244919651593]
[96178,32418,1.0,0.4034980508449329]
[109863,45943,1.0,0.41050506720782215]
[45940,45937,1.0,0.9841746187266248]
[45943,45940,1.0,0.9206183522348844]
[45943,45937,1.0,0.9604924757568166]
[78385,53050,1.0,0.4489471866823925]
[6541,6538,1.0,0.9629691837837494]
[53172,53169,1.0,0.9774492944314545]
[53172,53166,1.0,0.9838084165834786]
[53169,53166,1.0,0.99133259848331]
[53175,53172,1.0,0.9758916799711157]
[53175,53169,1.0,0.9887271329010112]
[53175,53166,1.0,0.9933550320030448]
[105883,105880,1.0,0.9923363835724206]
[105883,105877,1.0,0.9923363835724206]
[67893,67890,1.0,0.989769623084599]
[105880,105877,1.0,0.9952227536000962]
[60051,60048,1.0,0.990505164284769]
[67896,67890,1.0,0.6121647226891024]
[67896,67893,1.0,0.6363833987250425]
[60054,60048,1.0,0.9832932900980849]
[60054,60051,1.0,0.9701889737386464]
[81036,81033,1.0,0.9939191350930604]
[102504,12689,1.0,0.4483905988969627]
[102504,12686,1.0,0.455720219424612]
[102504,12683,1.0,0.4483905988969627]
[102504,12692,1.0,0.4483905988969627]
[102504,42586,1.0,0.42154870726494875]
[12689,12686,1.0,0.9870547416547497]
[12689,12683,1.0,0.9902912967154046]
[74980,31684,1.0,0.41647394901220597]
[124512,124509,1.0,0.6130446864804608]
[12686,12683,1.0,0.9935047841791984]
[35106,35103,1.0,0.5579722291598161]
[60684,31684,1.0,0.5052237510562689]
[31684,24937,1.0,0.4602587862470869]
[31684,24934,1.0,0.4602587862470869]
[61070,57843,1.0,0.49103015223364094]
[68161,61070,1.0,0.4641838179279662]
[95499,60684,1.0,0.4630308752300819]
[95499,95493,1.0,0.9724205344003549]
[95499,24937,1.0,0.5052192991068195]
[95499,24934,1.0,0.5052192991068195]
[21697,21691,1.0,0.7390976008931686]
[93279,61070,1.0,0.44615636211222454]
[12692,12689,1.0,0.9902912967154046]
[12692,12686,1.0,0.9935047841791984]
[12692,12683,1.0,0.9952227536000962]
[51971,12689,1.0,0.4655721999191391]
[51971,12686,1.0,0.4625990717531345]
[51971,12683,1.0,0.4709064386492529]
[51971,12692,1.0,0.4709064386492529]
[121963,24937,1.0,0.46035760210503873]
[121963,24934,1.0,0.46035760210503873]
[121963,64059,1.0,0.5178718007840939]
[24937,12689,1.0,0.4386360558575533]
[24937,12686,1.0,0.42916327848506763]
[24937,12683,1.0,0.46059356081295505]
[24937,12692,1.0,0.46059356081295505]
[24937,24934,1.0,0.9874475728395399]
[24937,17192,1.0,0.8156551348469334]
[88472,88469,1.0,0.9259364741765765]
[72198,24937,1.0,0.5568641561483914]
[72198,24934,1.0,0.5568641561483914]
[24934,12689,1.0,0.4386360558575533]
[24934,12686,1.0,0.42916327848506763]
[24934,12683,1.0,0.46059356081295505]
[24934,12692,1.0,0.46059356081295505]
[24934,17192,1.0,0.8156551348469334]
[17186,17183,1.0,0.9933550320030448]
[106866,12689,1.0,0.48881835470119406]
[106866,12686,1.0,0.47632253398421703]
[106866,12683,1.0,0.5125283816025932]
[106866,12692,1.0,0.5125283816025932]
[106866,42586,1.0,0.4355835618989846]
[130996,60684,1.0,0.5323769539930217]
[130996,116896,1.0,0.444164162621659]
[130996,26556,1.0,0.45072071658447255]
[130996,93869,1.0,0.48028743226068854]
[130996,5662,1.0,0.8720656106724912]
[130996,24937,1.0,0.7119643414094653]
[130996,24934,1.0,0.7119643414094653]
[130996,64059,1.0,0.41060709301339793]
[124515,124512,1.0,0.4815930876017635]
[124515,124509,1.0,0.9891164748499857]
[17192,17183,1.0,0.9952227536000962]
[17192,17186,1.0,0.9933550320030448]
[100027,100021,1.0,0.9952227536000962]
[100027,100024,1.0,0.9871839901426746]
[100030,100021,1.0,0.9946149626479851]
[100030,100027,1.0,0.9946149626479851]
[100030,100024,1.0,0.9856737504301655]
[38339,38336,1.0,0.9509863487755164]
[38339,38333,1.0,0.9897019109130069]
[100024,100021,1.0,0.9871839901426746]
[38342,38339,1.0,0.9925759967142268]
[38342,38336,1.0,0.953676003881647]
[38342,38333,1.0,0.9904323153862994]
[38336,38333,1.0,0.9730836896003925]
[65503,38851,1.0,0.5996562507367535]
[91262,86076,1.0,0.4746159796207312]
[66793,2341,1.0,0.454323629486598]
[67061,2341,1.0,0.45705164740102416]
[2341,376,1.0,0.4967550604364929]
[63069,38851,1.0,0.4294531522638744]
[131844,131841,1.0,0.9860546170982705]
[108313,97666,1.0,0.45125225220397525]
[108243,108240,1.0,0.9769189894512654]
[28264,28044,1.0,0.608898919841892]
[4084,4081,1.0,0.9952227536000962]
[36952,22414,1.0,0.4375589665532815]
[85550,28044,1.0,0.4819072807410437]
[13260,13257,1.0,0.9727723246751645]
[39112,28044,1.0,0.5782859759831285]
[62573,13260,1.0,0.4220073681172416]
[94356,28044,1.0,0.5181102671235993]
[32184,22414,1.0,0.5008128752346749]
[109861,87054,1.0,0.5756699727755249]
[109861,6865,1.0,0.558960452267049]
[109861,59653,1.0,0.40131064228356517]
[82663,28044,1.0,0.4894135532951479]
[22414,8778,1.0,0.40440849890060226]
[2150,2147,1.0,0.9901779907574727]
[108246,108243,1.0,0.9087590209009347]
[108246,28044,1.0,0.493257399569281]
[108246,108240,1.0,0.9672783260789228]
[60839,28044,1.0,0.4140150449071056]
[87054,30769,1.0,0.40490989004903016]
[97666,28264,1.0,0.4004624011282246]
[97666,39112,1.0,0.6867518373592887]
[97666,94356,1.0,0.4134984715154426]
[97666,60839,1.0,0.4530279929850822]
[97666,28044,1.0,0.4060580702005285]
[108249,77776,1.0,0.41243627111376974]
[108249,13521,1.0,0.5080606765388629]
[108249,108243,1.0,0.9779772437514004]
[108249,4084,1.0,0.4160943871192704]
[108249,39112,1.0,0.6240636658344423]
[108249,4081,1.0,0.4160943871192704]
[108249,108246,1.0,0.9626689659892799]
[108249,28044,1.0,0.4633887350101103]
[108249,108240,1.0,0.9914330943106411]
[28044,13521,1.0,0.48757685049388805]
[13263,13257,1.0,0.9935047841791984]
[13263,13260,1.0,0.9727723246751645]
[108240,28044,1.0,0.5162241044970258]
[44495,44492,1.0,0.9895803537595389]
[60999,60996,1.0,0.9854487519237445]
[61002,60996,1.0,0.9916928888813668]
[61002,60999,1.0,0.9722456686436168]
[44498,25973,1.0,0.4378179968461164]
[44498,44495,1.0,0.969608260535323]
[44498,44492,1.0,0.9933550320030448]
[103020,33677,1.0,0.4549887384132626]
[63874,5474,1.0,0.4226462648186477]
[52751,17831,1.0,0.44692641509758985]
[52751,5474,1.0,0.4967521218406584]
[52751,33677,1.0,0.8030275342815147]
[5471,5468,1.0,0.9878769131176838]
[5474,5471,1.0,0.9581630158531513]
[5474,5468,1.0,0.9702570969523882]
[77227,77221,1.0,0.9952227536000962]
[77227,77224,1.0,0.9927904021198166]
[52370,52367,1.0,0.9868331202675057]
[52370,52364,1.0,0.9912498675642931]
[52367,52364,1.0,0.9885078759209648]
[77224,77221,1.0,0.9927904021198166]
[52245,43766,1.0,0.48898850839995184]
[52251,52245,1.0,0.9877726362494229]
[52251,43766,1.0,0.48898850839995184]
[101677,98301,1.0,0.47645404826360427]
[101677,43766,1.0,0.4109640050030743]
[101677,75029,1.0,0.5411971487393841]
[83759,32119,1.0,0.4029565094374178]
[59490,44434,1.0,0.6377166973615107]
[93075,93069,1.0,0.9573723521585046]
[93075,93072,1.0,0.9408301915249708]
[93072,93069,1.0,0.9861422862670685]
[81860,20514,1.0,0.6460051562810916]
[81860,6404,1.0,0.8335618111571398]
[81860,81857,1.0,0.9907453314477414]
[20514,6229,1.0,0.4675709234626549]
[20514,20511,1.0,0.9952227536000962]
[81857,20514,1.0,0.6460051562810916]
[81857,6404,1.0,0.8335618111571398]
[70580,70574,1.0,0.9160758931156159]
[70580,70571,1.0,0.9812205027968265]
[70580,36326,1.0,0.5209917697734938]
[70580,70577,1.0,0.5268912516067242]
[70583,70580,1.0,0.984862070331485]
[70583,70574,1.0,0.913703654668486]
[70583,70571,1.0,0.9825466990232563]
[70583,36326,1.0,0.5269305894615731]
[70583,70577,1.0,0.6792606458145254]
[94620,94617,1.0,0.9817120791505188]
[94620,36326,1.0,0.5958345742629136]
[70574,70571,1.0,0.9702570969523882]
[70574,36326,1.0,0.5344702574746015]
[118672,36326,1.0,0.4736441777592736]
[65439,36326,1.0,0.40331602961357615]
[94617,36326,1.0,0.6132219087796301]
[125235,36326,1.0,0.49394457379330425]
[110320,36326,1.0,0.5429477400990235]
[94623,94620,1.0,0.9902304349467668]
[94623,94617,1.0,0.990758829907118]
[94623,36326,1.0,0.5958345742629136]
[70571,36326,1.0,0.5209917697734938]
[36326,17068,1.0,0.47964222269788914]
[96514,81686,1.0,0.4249849738068009]
[84826,36326,1.0,0.605255283222813]
[71956,36326,1.0,0.4907370798700719]
[82476,36326,1.0,0.4085426903603395]
[63960,36326,1.0,0.4747431887940231]
[94626,94620,1.0,0.9878137528967689]
[94626,94617,1.0,0.9940528687790091]
[94626,94623,1.0,0.9848876607907655]
[94626,36326,1.0,0.5853552197030663]
[70577,70574,1.0,0.9190905567609499]
[70577,70571,1.0,0.7284779310653341]
[70577,36326,1.0,0.533060347541471]
[121069,121066,1.0,0.9949785116292866]
[7644,3061,1.0,0.4509260108297871]
[7644,7641,1.0,0.9921053566973878]
[15949,3061,1.0,0.5572576161816749]
[7641,3061,1.0,0.4509260108297871]
[109723,77284,1.0,0.44571621684810947]
[87610,87607,1.0,0.982540366788328]
[94020,77284,1.0,0.40007465753775234]
[48593,48590,1.0,0.9909728179801929]
[16159,16156,1.0,0.9170737485614834]
[73250,64183,1.0,0.4535736227236128]
[12357,12354,1.0,0.9571742447353123]
[12357,12351,1.0,0.9638305974119932]
[100123,63474,1.0,0.4690930840829047]
[100123,6879,1.0,0.4539782162851628]
[80943,80940,1.0,0.9947803113316972]
[12354,12351,1.0,0.9941373313217248]
[63474,4822,1.0,0.5487137833001717]
[105859,100123,1.0,0.5334148132806301]
[105859,63474,1.0,0.47900161142783954]
[105859,100129,1.0,0.5525507778810913]
[100293,100123,1.0,0.4230852259055845]
[100293,63474,1.0,0.4234811078380942]
[100293,6879,1.0,0.4903007090367335]
[100293,100290,1.0,0.9846559478405776]
[90446,63474,1.0,0.4579299412483154]
[100299,100290,1.0,0.989769623084599]
[100299,100293,1.0,0.9945824684490346]
[100129,100123,1.0,0.9821296437217932]
[100129,63474,1.0,0.5250466604719533]
[100129,6879,1.0,0.4336075172209248]
[19518,19515,1.0,0.9884225771221464]
[75392,125,1.0,0.532722536803311]
[75392,119,1.0,0.54590042185913]
[131644,75392,1.0,0.5441474985802677]
[131644,131641,1.0,0.9795116034349056]
[131644,131638,1.0,0.99375271754192]
[131644,131635,1.0,0.9952227536000962]
[85944,85941,1.0,0.9826162152772072]
[85944,85938,1.0,0.9694234630616877]
[85941,125,1.0,0.42490927752222246]
[85941,85938,1.0,0.993833290446873]
[85941,119,1.0,0.41832021998850727]
[131641,131638,1.0,0.9521884243026661]
[131641,131635,1.0,0.9636360549392646]
[56253,23990,1.0,0.4371759216872736]
[64363,125,1.0,0.4808941711056369]
[64363,20568,1.0,0.5708398262371694]
[64363,119,1.0,0.4542306414529186]
[131638,131635,1.0,0.961891921741852]
[46509,46506,1.0,0.948016865211929]
[125,116,1.0,0.9848814808595641]
[125,119,1.0,0.9746777880666271]
[85956,85950,1.0,0.9520320950592376]
[85956,85953,1.0,0.9378136394341746]
[107586,23990,1.0,0.49501546635559884]
[128659,128653,1.0,0.9914729588753374]
[128659,128656,1.0,0.9632846221288213]
[76662,76656,1.0,0.9723023562946717]
[76662,76659,1.0,0.9544063272185207]
[85953,85950,1.0,0.9931579754637436]
[76659,76656,1.0,0.9914651780633009]
[128656,128653,1.0,0.9929448752819939]
[128,116,1.0,0.9940505964275935]
[128,125,1.0,0.9913173410539173]
[128,119,1.0,0.9872690987182247]
[114546,114543,1.0,0.9918484705620987]
[114549,64363,1.0,0.44585355313492936]
[114549,114543,1.0,0.9952227536000962]
[114549,114546,1.0,0.9918484705620987]
[119,116,1.0,0.9566446849110689]
[39916,39913,1.0,0.9919031889112758]
[106227,60182,1.0,0.47906578464287086]
[106227,11312,1.0,0.42524485551133107]
[93024,11312,1.0,0.40200797789701204]
[107899,45267,1.0,0.44445344532705855]
[107899,27563,1.0,0.49381321246761684]
[8407,6758,1.0,0.4211158877639451]
[67862,2851,1.0,0.5478426213440774]
[67862,6758,1.0,0.4832804532592386]
[8018,6758,1.0,0.45869665729111303]
[76155,8407,1.0,0.4754816912203076]
[76155,8018,1.0,0.47838083463882203]
[76155,2851,1.0,0.7075091196246093]
[76155,11312,1.0,0.40166838076255773]
[76155,40375,1.0,0.43327752715018436]
[45267,2851,1.0,0.4112038735278089]
[132298,25932,1.0,0.4281660457281668]
[132298,98355,1.0,0.9058105477360618]
[132298,98349,1.0,0.6249229294117726]
[132298,98361,1.0,0.6048156418572969]
[132298,11312,1.0,0.43506866621733126]
[8410,8407,1.0,0.9631445255924854]
[8410,6758,1.0,0.402385793033338]
[106972,106969,1.0,0.9905496488699075]
[98355,98349,1.0,0.9707416567624779]
[98355,27563,1.0,0.411371345814923]
[98355,16522,1.0,0.5270537440387767]
[98355,95238,1.0,0.43990318388960803]
[91799,6758,1.0,0.4995401758844985]
[27563,11312,1.0,0.43689857044834596]
[6755,2851,1.0,0.41145111735601797]
[122019,106227,1.0,0.4877244866488317]
[122019,45267,1.0,0.6054173889962217]
[122019,27563,1.0,0.49767106117087984]
[122019,122013,1.0,0.9833012551657081]
[122019,71805,1.0,0.45666787897210176]
[122019,16522,1.0,0.4088716262131409]
[122019,6758,1.0,0.4292811082036417]
[122019,95238,1.0,0.5682611501182349]
[122019,122016,1.0,0.9189842623012328]
[122019,38471,1.0,0.45384299122889366]
[98361,98355,1.0,0.9705360645102342]
[98361,98349,1.0,0.9934197647450789]
[122013,78275,1.0,0.5342328888836764]
[122013,106227,1.0,0.4877244866488317]
[122013,45267,1.0,0.6054173889962217]
[122013,27563,1.0,0.49767106117087984]
[122013,71805,1.0,0.4321983603785344]
[122013,16522,1.0,0.4088716262131409]
[122013,6758,1.0,0.4292811082036417]
[122013,95238,1.0,0.5682611501182349]
[122013,38471,1.0,0.45384299122889366]
[71805,45267,1.0,0.4663845466559905]
[6758,6755,1.0,0.9929864502107044]
[6758,2851,1.0,0.7932810788035881]
[95238,90045,1.0,0.45395490152071183]
[112116,76155,1.0,0.47224316500727564]
[11312,6758,1.0,0.4245280400691671]
[65843,45267,1.0,0.4480207584289101]
[40375,2851,1.0,0.40458626764896277]
[122016,106227,1.0,0.5522935169567115]
[122016,76155,1.0,0.45727887421652064]
[122016,45267,1.0,0.6639462627355144]
[122016,27563,1.0,0.5705456418940845]
[122016,122013,1.0,0.9806755528275348]
[122016,95238,1.0,0.517566829378383]
[122016,16990,1.0,0.41434004757608606]
[122016,38471,1.0,0.5136900543154792]
[125190,2851,1.0,0.4209591182456118]
[125190,6758,1.0,0.4033464607938548]
[38471,14254,1.0,0.46033462379820383]
[39754,39751,1.0,0.6442253505604586]
[244,238,1.0,0.9868624762518562]
[244,241,1.0,0.9560386658849028]
[241,238,1.0,0.9936041748867392]
[247,238,1.0,0.8122913173268088]
[247,244,1.0,0.7683894724864608]
[247,241,1.0,0.6108196639173304]
[67761,67758,1.0,0.9564216467884447]
[67764,67761,1.0,0.9130079538649974]
[67764,67758,1.0,0.9783146312697358]
[26950,4162,1.0,0.5075776354661948]
[102664,102661,1.0,0.9822778125347954]
[67767,67761,1.0,0.6157974629616775]
[67767,67764,1.0,0.49124889510029024]
[67767,67758,1.0,0.7165876580329561]
[109611,21420,1.0,0.5061414609092145]
[91827,91824,1.0,0.994754850866769]
[29355,29346,1.0,0.8334039990236014]
[29355,29349,1.0,0.715018711317967]
[29355,29352,1.0,0.7905080626496924]
[56347,26038,1.0,0.4323598209497889]
[29346,9412,1.0,0.4187250709277482]
[95947,21420,1.0,0.4117162463941962]
[41813,41804,1.0,0.9942819304487751]
[41813,41810,1.0,0.9084567354620333]
[41813,41807,1.0,0.9771043268655234]
[108232,60312,1.0,0.5198981595873101]
[108232,75868,1.0,0.5861153741623152]
[41810,41804,1.0,0.90255690250759]
[41810,41807,1.0,0.7993682879828312]
[29349,29346,1.0,0.7328214977766867]
[29349,9412,1.0,0.40263766993709743]
[48688,48685,1.0,0.9952227536000962]
[91830,91827,1.0,0.9848126507621638]
[91830,91824,1.0,0.9850829994769149]
[48691,48688,1.0,0.9927962471656973]
[48691,48685,1.0,0.9927962471656973]
[41807,41804,1.0,0.9756982558102687]
[29352,29346,1.0,0.9927742648919292]
[29352,29349,1.0,0.681776412340629]
[37228,37222,1.0,0.9952227536000962]
[37228,37225,1.0,0.8743582890375512]
[37225,37222,1.0,0.8743582890375512]
[60312,29355,1.0,0.42739329253317976]
[60312,45710,1.0,0.4208794999775749]
[60312,13790,1.0,0.42211023410039406]
[60312,9412,1.0,0.46259589678044627]
[60312,55261,1.0,0.5059508331385512]
[60312,26038,1.0,0.7234536429701036]
[123768,41804,1.0,0.5616613482573856]
[123768,41813,1.0,0.5465172642815511]
[123768,108232,1.0,0.442944806935075]
[123768,9412,1.0,0.6522263138044185]
[123768,41807,1.0,0.5653497913812375]
[123768,123765,1.0,0.9583120443355787]
[123768,26038,1.0,0.7201472164614903]
[21420,13790,1.0,0.5169229236392135]
[26038,18297,1.0,0.41810463152078936]
[26038,9412,1.0,0.42569403751488305]
[75868,41804,1.0,0.4093787792232745]
[75868,41813,1.0,0.4093787792232745]
[75868,13790,1.0,0.49262015064846837]
[75868,9412,1.0,0.49893122170573934]
[75868,41807,1.0,0.4101658083161473]
[75868,21420,1.0,0.5436314339311502]
[75868,26038,1.0,0.45093652457352845]
[69034,69028,1.0,0.9883199097054204]
[69034,69031,1.0,0.9883199097054204]
[69037,69034,1.0,0.949024138779282]
[69037,69028,1.0,0.9761841855514604]
[69037,69031,1.0,0.9761841855514604]
[11889,11883,1.0,0.9914756223331858]
[11889,11886,1.0,0.9914756223331858]
[126741,11886,1.0,0.506532976983398]
[69031,69028,1.0,0.9952227536000962]
[11886,11883,1.0,0.9952227536000962]
[129055,129052,1.0,0.9922234894189341]
[129058,129055,1.0,0.9947262821994]
[129058,129052,1.0,0.9952227536000962]
[42953,42950,1.0,0.9938647243311929]
[44591,44582,1.0,0.986021865427742]
[44591,44585,1.0,0.9199312242346745]
[44591,44588,1.0,0.9929864502107044]
[105460,15765,1.0,0.4516714173063261]
[105460,71995,1.0,0.4977250213616612]
[44594,44582,1.0,0.9927742648919292]
[44594,44591,1.0,0.9797906343841185]
[44594,44585,1.0,0.9670659591992886]
[44594,44588,1.0,0.9927742648919292]
[44585,44582,1.0,0.9863327665656804]
[44588,44582,1.0,0.9952227536000962]
[44588,44585,1.0,0.9906255884611043]
[71995,15765,1.0,0.5958347351995771]
[71995,53779,1.0,0.42932617713464705]
[76717,76714,1.0,0.9465508537917237]
[76720,76717,1.0,0.9676486651071537]
[76720,76714,1.0,0.9909063191122471]
[34526,34517,1.0,0.9952227536000962]
[34526,34520,1.0,0.9946572280446236]
[34526,34523,1.0,0.9943780916586645]
[34520,34517,1.0,0.9917038292066669]
[84238,84235,1.0,0.9664053567505831]
[1515,1512,1.0,0.8896896742252232]
[1515,1509,1.0,0.9831153415456496]
[84241,84238,1.0,0.9915951051157513]
[84241,84235,1.0,0.9947262821994]
[34523,34517,1.0,0.9904713307155026]
[34523,34520,1.0,0.9940528687790091]
[1512,1509,1.0,0.9722669162990853]
[1518,1515,1.0,0.9657205123897263]
[1518,1512,1.0,0.8533384689443031]
[1518,1509,1.0,0.6280802824108482]
[34529,34526,1.0,0.9946939993737459]
[34529,34517,1.0,0.9946939993737459]
[34529,34520,1.0,0.994446615866645]
[34529,34523,1.0,0.994156294996547]
[1521,1515,1.0,0.9577462313810936]
[1521,1512,1.0,0.9065846386891103]
[1521,1518,1.0,0.4326723392718422]
[1521,1509,1.0,0.9720566120618143]
[99859,99856,1.0,0.9923958418221456]
[637,634,1.0,0.9814830369045234]
[41676,5693,1.0,0.4788213699689627]
[108553,108550,1.0,0.9900592205763161]
[108562,108553,1.0,0.9901918127542898]
[108562,108556,1.0,0.9901918127542898]
[108562,108550,1.0,0.9901918127542898]
[43143,43140,1.0,0.9952227536000962]
[108556,108553,1.0,0.982956502915233]
[108556,108550,1.0,0.9842365892721153]
[43268,41676,1.0,0.8411006993564374]
[14375,14372,1.0,0.5632463640803101]
[78522,78519,1.0,0.9952227536000962]
[78525,78519,1.0,0.9858912539432724]
[78525,78522,1.0,0.9930676807585843]
[29977,10782,1.0,0.4441267661526464]
[77519,8773,1.0,0.5116758413931886]
[107386,8773,1.0,0.4021715144071532]
[26636,26633,1.0,0.9916975038550923]
[90272,89084,1.0,0.4796839228686992]
[46296,27985,1.0,0.4313595739584752]
[110895,55235,1.0,0.5473424719086355]
[32037,27985,1.0,0.48734292643304583]
[130048,55235,1.0,0.4875497146652968]
[53755,27985,1.0,0.6035958320679791]
[119373,27985,1.0,0.4449045827326395]
[28596,27985,1.0,0.569095270572487]
[85039,27985,1.0,0.4524474187281313]
[55232,2527,1.0,0.47388672855632286]
[55232,23639,1.0,0.46566774326737304]
[119382,119373,1.0,0.9399437181879579]
[119382,119379,1.0,0.9225635050842731]
[119382,119376,1.0,0.5367131243961271]
[90271,90262,1.0,0.9884976622176969]
[90271,55235,1.0,0.4043515446675807]
[90271,90265,1.0,0.9884976622176969]
[30837,2527,1.0,0.403152272896185]
[120114,27985,1.0,0.7998871867400738]
[27985,2527,1.0,0.46939196684818774]
[27985,14413,1.0,0.4390403659548117]
[27985,25290,1.0,0.45668542633737225]
[27985,16220,1.0,0.4610869958265196]
[27985,16223,1.0,0.4610869958265196]
[27985,13936,1.0,0.6310002266189441]
[27985,16226,1.0,0.43709784079952696]
[131146,55235,1.0,0.41855561885283254]
[124033,27985,1.0,0.6047157828513465]
[124033,55235,1.0,0.516780425864431]
[52179,27985,1.0,0.43310926972174946]
[109461,27985,1.0,0.44908496629156647]
[90262,55235,1.0,0.423962981049116]
[63519,27985,1.0,0.5821479022541527]
[55235,46296,1.0,0.43873627613621646]
[55235,33576,1.0,0.6191086947404192]
[55235,2527,1.0,0.8061716992501952]
[55235,26600,1.0,0.41926784131679384]
[55235,19402,1.0,0.4000524743377379]
[55235,45948,1.0,0.4136264122792601]
[55235,14413,1.0,0.4649865486842343]
[55235,55232,1.0,0.9952227536000962]
[55235,27985,1.0,0.6273456002740817]
[55235,44242,1.0,0.46852242979737957]
[55235,52179,1.0,0.5228291511881306]
[55235,32096,1.0,0.5408064726793093]
[55235,23639,1.0,0.7326057333312344]
[55235,23645,1.0,0.5754215849057358]
[55235,18255,1.0,0.5492959121073218]
[55235,43145,1.0,0.660043304511871]
[55235,39412,1.0,0.4360127956107801]
[55235,44062,1.0,0.5383375478330279]
[55235,45881,1.0,0.4477215491496724]
[92741,55235,1.0,0.47440828046052397]
[25290,2527,1.0,0.6208065493353601]
[25290,23639,1.0,0.5091138217514446]
[16223,16220,1.0,0.9927904021198166]
[55238,2527,1.0,0.47388672855632286]
[55238,55232,1.0,0.9952227536000962]
[55238,55235,1.0,0.9952227536000962]
[55238,23639,1.0,0.46566774326737304]
[119059,27985,1.0,0.4662602292400673]
[125233,27985,1.0,0.4347546699788384]
[125233,23639,1.0,0.5326482067750908]
[72248,55235,1.0,0.44621273764519453]
[55241,2527,1.0,0.4866084810845143]
[55241,55232,1.0,0.9929301123014322]
[55241,55235,1.0,0.9929301123014322]
[55241,55238,1.0,0.9929301123014322]
[55241,23639,1.0,0.42456241935326383]
[109920,27985,1.0,0.5684103706549138]
[109920,55235,1.0,0.5678237666523628]
[109920,107698,1.0,0.4011999427459159]
[98803,55235,1.0,0.5091861871933344]
[23645,23639,1.0,0.9877812743869288]
[106618,55235,1.0,0.49777352310673617]
[57592,27985,1.0,0.4290885082280239]
[63239,27985,1.0,0.45658411687682904]
[52824,27985,1.0,0.47652255007438715]
[128517,55235,1.0,0.42302519697685786]
[111297,27985,1.0,0.4965871310803213]
[97857,55235,1.0,0.5851023598223695]
[49322,27985,1.0,0.4605926168414104]
[119379,119373,1.0,0.9945081630075626]
[119379,27985,1.0,0.4403272253662389]
[119379,119376,1.0,0.8501744825348959]
[69453,55232,1.0,0.45229983054642137]
[69453,30837,1.0,0.43501378469551166]
[69453,27985,1.0,0.8001349599219754]
[69453,55235,1.0,0.745117410410861]
[69453,55238,1.0,0.45229983054642137]
[69453,55241,1.0,0.4572982838906681]
[90265,90262,1.0,0.9952227536000962]
[90265,55235,1.0,0.423962981049116]
[73489,55235,1.0,0.48499042321412367]
[117510,27985,1.0,0.7149755028997169]
[23648,23639,1.0,0.9492425329329407]
[23648,23645,1.0,0.8977535126516892]
[130993,27985,1.0,0.475177014826447]
[16226,16220,1.0,0.9806406498823623]
[16226,16223,1.0,0.9743093926921533]
[119376,119373,1.0,0.8856104437315722]
[102433,27985,1.0,0.41944318171134665]
[58760,55235,1.0,0.5034652303090414]
[89885,55235,1.0,0.4250045570240795]
[44062,27985,1.0,0.43742539687843235]
[75114,27985,1.0,0.4799786606437403]
[107698,2527,1.0,0.5912845184146813]
[107698,27985,1.0,0.4407955167380185]
[107698,69453,1.0,0.5240532875694743]
[45881,27985,1.0,0.4282468950628647]
[10708,10705,1.0,0.832373494462928]
[89716,89713,1.0,0.9952227536000962]
[10711,10705,1.0,0.6728953016296136]
[6647,6644,1.0,0.9952227536000962]
[14190,14187,1.0,0.9952227536000962]
[35654,35648,1.0,0.9927904021198166]
[10400,10397,1.0,0.9785427359785556]
[14193,14190,1.0,0.9952227536000962]
[14193,14187,1.0,0.9952227536000962]
[35657,35648,1.0,0.9572681397809445]
[35657,35654,1.0,0.9436225302230352]
[10403,10397,1.0,0.9917038292066669]
[10403,10400,1.0,0.9658328495170047]
[122500,122497,1.0,0.986468977424649]
[122503,122497,1.0,0.9891449440626625]
[122503,122500,1.0,0.9250705896584014]
[100050,1258,1.0,0.5272717648527799]
[100050,54933,1.0,0.42936867960395647]
[100050,90508,1.0,0.49471613882446636]
[100050,99118,1.0,0.5439579479370124]
[122506,122497,1.0,0.9922241080961267]
[122506,122500,1.0,0.9430536818207693]
[122506,54933,1.0,0.48854270166458236]
[122506,90508,1.0,0.44705742047603947]
[122506,99118,1.0,0.4737196576099156]
[122506,122503,1.0,0.9794459226768739]
[103018,46169,1.0,0.46869955354820225]
[79251,74598,1.0,0.40145064635409644]
[74598,74595,1.0,0.9933550320030448]
[74601,74595,1.0,0.5813122538931066]
[74601,74598,1.0,0.959435219112611]
[74604,74595,1.0,0.9952227536000962]
[74604,74598,1.0,0.9933550320030448]
[74604,74601,1.0,0.5813122538931066]
[27724,27718,1.0,0.9769917586280441]
[27724,27721,1.0,0.9353499195858022]
[51576,51573,1.0,0.9931905064527496]
[86595,86592,1.0,0.9847457192068374]
[45795,45792,1.0,0.9872371983524683]
[44393,44390,1.0,0.9921471266607758]
[27721,27718,1.0,0.9907139454723134]
[51579,51576,1.0,0.9400335741098932]
[51579,51573,1.0,0.9421160425676002]
[44396,44390,1.0,0.9882844780484734]
[44396,44393,1.0,0.9927543544888627]
[71125,63834,1.0,0.4497756268349777]
[15683,15680,1.0,0.9881335797772136]
[15686,15680,1.0,0.9927904021198166]
[15686,15683,1.0,0.9890910933040994]
[33355,24030,1.0,0.5344271606732509]
[33355,33349,1.0,0.9893203320494911]
[70221,33355,1.0,0.4027948376727806]
[70221,33349,1.0,0.4210468345378261]
[33349,24030,1.0,0.5497455854413091]
[18139,18133,1.0,0.5175382711437665]
[18139,18136,1.0,0.5175382711437665]
[114646,18139,1.0,0.49543013393686436]
[42152,42146,1.0,0.9872021338195044]
[42152,42149,1.0,0.9602478361299955]
[42149,42146,1.0,0.9856754212232954]
[18136,18133,1.0,0.9952227536000962]
[76458,76449,1.0,0.9949181171750051]
[76458,76455,1.0,0.9848079742989833]
[84533,84530,1.0,0.9915630826211536]
[113214,108702,1.0,0.43410075586673547]
[49365,49362,1.0,0.9833460039606342]
[108702,2619,1.0,0.4238659010876105]
[76455,76449,1.0,0.9740462266214757]
[112822,112816,1.0,0.9952227536000962]
[112822,112819,1.0,0.9952227536000962]
[18794,18791,1.0,0.994754850866769]
[49368,49362,1.0,0.9272242883047567]
[49368,49365,1.0,0.8287634173499387]
[112819,112816,1.0,0.9952227536000962]
[118948,113214,1.0,0.7660846721272507]
[118948,2619,1.0,0.5043655933262502]
[118948,118942,1.0,0.9929864502107044]
[118948,26083,1.0,0.5729647742318824]
[117486,117480,1.0,0.4350096092176895]
[117489,117486,1.0,0.4143836250390977]
[117489,117480,1.0,0.9922723136307666]
[123295,47408,1.0,0.49425922225512847]
[123295,87666,1.0,0.42547083035107097]
[127836,127833,1.0,0.9790890640059247]
[30665,30662,1.0,0.9952227536000962]
[125527,123295,1.0,0.7435463201524448]
[117492,117486,1.0,0.9879822874322929]
[127839,127836,1.0,0.9283501389565256]
[127839,125527,1.0,0.43383025999897196]
[127839,47408,1.0,0.4493706537141234]
[127839,87666,1.0,0.42746106970932063]
[127839,127833,1.0,0.9815719178739348]
[58016,58013,1.0,0.9934197647450789]
[127833,125527,1.0,0.443559073620694]
[52212,52206,1.0,0.9120145929384925]
[52212,52209,1.0,0.9515252099561085]
[52212,52203,1.0,0.9648536228838575]
[52328,52325,1.0,0.9115469985055087]
[112644,112641,1.0,0.9913719155278211]
[52206,52203,1.0,0.959180402206374]
[103953,103947,1.0,0.9952227536000962]
[103953,103950,1.0,0.9910490392710076]
[103950,103947,1.0,0.9887177263821744]
[52209,52206,1.0,0.9357600918612445]
[52209,52203,1.0,0.9923911668486745]
[69339,69336,1.0,0.9223357012852655]
[69339,69333,1.0,0.9107101401786696]
[69336,69333,1.0,0.9894056971432584]
[82328,82325,1.0,0.9785942604534916]
[76246,76243,1.0,0.9887173423656065]
[77136,77133,1.0,0.9946572280446236]
[77136,77130,1.0,0.9946572280446236]
[67850,67847,1.0,0.9952227536000962]
[77133,77130,1.0,0.9952227536000962]
[77139,77136,1.0,0.9848396456277217]
[77139,77133,1.0,0.991468626206008]
[77139,77130,1.0,0.991468626206008]
[121263,121257,1.0,0.9717885306881535]
[121263,121254,1.0,0.9887641419700736]
[121257,121254,1.0,0.982122803563421]
[94230,34362,1.0,0.5587958467518657]
[96075,50106,1.0,0.45157467768610443]
[96075,70547,1.0,0.43318114934720686]
[96075,73247,1.0,0.7198364334354079]
[84082,84076,1.0,0.9853137657563376]
[84082,84073,1.0,0.9878918955362738]
[84082,73247,1.0,0.4139502335918204]
[94857,94854,1.0,0.9952227536000962]
[79455,79452,1.0,0.9952227536000962]
[119898,96075,1.0,0.4336826642002097]
[119898,119895,1.0,0.9611978523374461]
[119898,119892,1.0,0.990920449472056]
[127764,127761,1.0,0.8329193866858271]
[127764,127758,1.0,0.8805242941333182]
[127761,127758,1.0,0.9765251144948383]
[119895,119892,1.0,0.9775961195548899]
[126984,49334,1.0,0.4132025646319159]
[126984,34362,1.0,0.40523444805007103]
[126984,64463,1.0,0.4263542017068441]
[50106,34362,1.0,0.4212932177518093]
[50106,50100,1.0,0.9952227536000962]
[115584,96075,1.0,0.5817024212580035]
[115584,26121,1.0,0.6615728485551998]
[115584,34362,1.0,0.43212286710163955]
[115584,50963,1.0,0.41466832215204263]
[115584,75703,1.0,0.4074442847909565]
[115584,83133,1.0,0.4665431692972718]
[115584,73247,1.0,0.4211654981302971]
[94863,94857,1.0,0.9952227536000962]
[94863,94854,1.0,0.9952227536000962]
[84076,84073,1.0,0.9941331399080218]
[84076,73247,1.0,0.41155520970077025]
[79458,79455,1.0,0.9880220473501452]
[79458,79452,1.0,0.9880220473501452]
[70550,70547,1.0,0.8901585443867145]
[82730,73247,1.0,0.6513433185201872]
[120661,70550,1.0,0.42158173948106215]
[120661,70547,1.0,0.42659135324485353]
[84073,73247,1.0,0.41155520970077025]
[94866,94857,1.0,0.988421098306559]
[94866,94863,1.0,0.988421098306559]
[94866,94854,1.0,0.988421098306559]
[73247,47532,1.0,0.4615311178741958]
[73247,34362,1.0,0.5471398882115762]
[73247,50100,1.0,0.41169027608901776]
[73247,50106,1.0,0.41169027608901776]
[73247,30729,1.0,0.43092062364770456]
[39944,39941,1.0,0.993833290446873]
[114526,114523,1.0,0.9722852476101608]
[114526,34338,1.0,0.43528243254066556]
[114526,101745,1.0,0.5439367569588502]
[124839,114526,1.0,0.5228359380738063]
[45166,45160,1.0,0.9257668277726208]
[45166,45163,1.0,0.8248867625540698]
[67384,67378,1.0,0.9917013760826026]
[67384,67381,1.0,0.9917013760826026]
[67381,67378,1.0,0.9952227536000962]
[78879,50196,1.0,0.45188285152198154]
[78879,78873,1.0,0.9952227536000962]
[45163,45160,1.0,0.885143660703272]
[78882,78873,1.0,0.9919031889112758]
[78882,78879,1.0,0.9919031889112758]
[60216,60213,1.0,0.4133557437543899]
[60219,60213,1.0,0.9912365516097598]
[60219,60216,1.0,0.5242326644203154]
[106206,106203,1.0,0.8314546131826028]
[60222,60213,1.0,0.9855967335286018]
[60222,60219,1.0,0.9843408307002719]
[106209,106203,1.0,0.9422902840858931]
[106209,106206,1.0,0.6301599859421412]
[124777,26224,1.0,0.45537546444913435]
[44831,26224,1.0,0.5729003386425352]
[120492,88938,1.0,0.5262803475915677]
[98889,70865,1.0,0.4519140967041641]
[98889,88938,1.0,0.4608290092780204]
[110205,88938,1.0,0.41635621139788603]
[84693,84690,1.0,0.9605101173975321]
[84696,84693,1.0,0.9828351390227205]
[84696,84690,1.0,0.9843650660504458]
[79623,79620,1.0,0.8301936809833823]
[79629,79623,1.0,0.7367974187145813]
[79629,79626,1.0,0.96645460955133]
[79629,79620,1.0,0.9882702966216248]
[112894,88938,1.0,0.4853558106479719]
[79626,79623,1.0,0.5352684362897746]
[79626,79620,1.0,0.9531321576847313]
[124543,88938,1.0,0.6076799466981864]
[84702,84693,1.0,0.9921770111162729]
[84702,84696,1.0,0.9843650660504458]
[84702,84699,1.0,0.9915964436623776]
[84702,84690,1.0,0.9952227536000962]
[103383,88938,1.0,0.5460134339205446]
[84699,84693,1.0,0.9918968048677836]
[84699,84696,1.0,0.9829280325979585]
[84699,84690,1.0,0.9947262821994]
[97437,88938,1.0,0.4466504736216377]
[130306,88938,1.0,0.5255542411549007]
[88938,85092,1.0,0.4930036182418907]
[88938,59163,1.0,0.41274573164919104]
[88938,2386,1.0,0.6075842205437202]
[88938,70865,1.0,0.4081864801064211]
[88938,38895,1.0,0.6673465764509379]
[88938,61714,1.0,0.5085571659024575]
[88938,25540,1.0,0.5531996668858585]
[88938,1640,1.0,0.5170118377432594]
[98577,88938,1.0,0.5490044107868894]
[112456,88938,1.0,0.5309692528075803]
