[11853,11850,1.0,0.9765127189601996]
[11853,11844,1.0,0.9952227536000962]
[11850,11844,1.0,0.9920785559661522]
[22600,22597,1.0,0.9786953409200921]
[22600,22594,1.0,0.9905564682541387]
[22597,22594,1.0,0.9634673473778866]
[65377,65371,1.0,0.6145968921890669]
[65377,65368,1.0,0.994754850866769]
[92888,59195,1.0,0.6377016356507684]
[65371,65368,1.0,0.619215477748954]
[68322,68316,1.0,0.9925869487310147]
[68322,68319,1.0,0.7800409018543032]
[68322,68310,1.0,0.9952227536000962]
[92664,17996,1.0,0.6525930382292376]
[92664,87228,1.0,0.5400144825626916]
[68316,68310,1.0,0.9925869487310147]
[68319,68316,1.0,0.7714678571797825]
[68319,68310,1.0,0.7800409018543032]
[37056,17996,1.0,0.8361263428831222]
[119205,119199,1.0,0.9792463003218143]
[67804,17996,1.0,0.5048432841880545]
[66955,66952,1.0,0.9750480479454442]
[87228,11551,1.0,0.5392083666455857]
[87228,82662,1.0,0.4160445227569651]
[87228,67804,1.0,0.6196246865929177]
[24499,24493,1.0,0.9952227536000962]
[24499,24496,1.0,0.9927904021198166]
[24496,24493,1.0,0.9927904021198166]
[70919,4536,1.0,0.5378509845167373]
[221,218,1.0,0.9845821036456144]
[55829,4536,1.0,0.5792038244049802]
[131025,131022,1.0,0.9927227234728798]
[85125,4536,1.0,0.8111171624335862]
[7399,7396,1.0,0.7675757683302219]
[94452,94449,1.0,0.9806178849585759]
[94452,69705,1.0,0.4029900517179661]
[94458,94452,1.0,0.9709363213441751]
[94458,94449,1.0,0.9927904021198166]
[94458,87467,1.0,0.5599361575600759]
[94458,94455,1.0,0.9552872628944535]
[94458,69705,1.0,0.4029900517179661]
[8241,8238,1.0,0.978424987683786]
[94449,69705,1.0,0.4029900517179661]
[87467,69705,1.0,0.5426085387405871]
[87467,8232,1.0,0.4121234971418392]
[94455,94452,1.0,0.9654515844365666]
[94455,94449,1.0,0.9858742885718097]
[94455,69705,1.0,0.4029900517179661]
[8235,8232,1.0,0.994205387626701]
[69705,54606,1.0,0.5243087753405173]
[69705,50849,1.0,0.6623535541421072]
[69705,35451,1.0,0.507005327644799]
[69705,25813,1.0,0.5435624781192351]
[69705,44051,1.0,0.403409880103944]
[8238,8235,1.0,0.4256064189024934]
[8238,8232,1.0,0.4256064189024934]
[127095,127089,1.0,0.9781245508107497]
[127095,127092,1.0,0.9690749999539261]
[75302,34566,1.0,0.7460071210689301]
[107430,7021,1.0,0.46580514946022095]
[107430,107427,1.0,0.9877726362494229]
[122742,34566,1.0,0.7927857195104231]
[107427,7021,1.0,0.4159155369970104]
[110940,110934,1.0,0.9746519651749286]
[110940,110937,1.0,0.7302566780183022]
[127092,127089,1.0,0.9927543544888627]
[84923,34566,1.0,0.6231123419039086]
[110937,110934,1.0,0.9070211231685509]
[83950,34566,1.0,0.447346049271491]
[6333,6330,1.0,0.9942129708818666]
[6333,6327,1.0,0.9841672886579516]
[77007,77001,1.0,0.642806603168529]
[77007,76998,1.0,0.9946572280446236]
[17548,17545,1.0,0.8838834630395858]
[17548,17542,1.0,0.9209837430854758]
[60780,60774,1.0,0.6140552766832763]
[88084,88078,1.0,0.9947262821994]
[88084,61534,1.0,0.47580742194595965]
[88084,88081,1.0,0.9947262821994]
[88084,6330,1.0,0.4444136303956334]
[88084,16785,1.0,0.4830576580484584]
[60777,60774,1.0,0.9443725658365318]
[77001,76998,1.0,0.6847805160644884]
[17545,17542,1.0,0.9948031445632672]
[94255,36347,1.0,0.6077602970837913]
[36347,6330,1.0,0.5960813814634116]
[17551,17548,1.0,0.5715726484868158]
[17551,17545,1.0,0.9515233247929973]
[17551,17542,1.0,0.9034276650497496]
[128334,128331,1.0,0.9854926670914584]
[61534,36347,1.0,0.6708917341982295]
[88081,36347,1.0,0.46388846840467757]
[88081,88078,1.0,0.9952227536000962]
[6330,6327,1.0,0.9942129708818666]
[88087,88084,1.0,0.9596240532334239]
[88087,88078,1.0,0.9714818020730641]
[88087,88081,1.0,0.9714818020730641]
[49031,49028,1.0,0.9908397224750475]
[111169,111157,1.0,0.9952227536000962]
[111169,111166,1.0,0.9933893359070552]
[111169,111163,1.0,0.9947803113316972]
[87460,87457,1.0,0.9938647243311929]
[87460,87454,1.0,0.9915483921347903]
[114486,111663,1.0,0.6277610403065484]
[114486,111172,1.0,0.4748793985438074]
[111663,102745,1.0,0.44096971711905636]
[111663,2365,1.0,0.8364089778476282]
[111663,595,1.0,0.6237749658984234]
[111663,49350,1.0,0.5866742656617805]
[111663,111654,1.0,0.9952227536000962]
[111663,25779,1.0,0.44485314622063915]
[111663,111172,1.0,0.4087759855706394]
[111663,111657,1.0,0.9952227536000962]
[111663,56515,1.0,0.46612672607005357]
[111663,111660,1.0,0.9952227536000962]
[111172,111169,1.0,0.7599779885952582]
[111172,111157,1.0,0.7599779885952582]
[111172,111166,1.0,0.7517988464597946]
[111172,111163,1.0,0.7505326469056347]
[122394,2365,1.0,0.4985363986141178]
[122394,111663,1.0,0.45162014147156365]
[111166,111157,1.0,0.9933893359070552]
[111166,111163,1.0,0.9928021529571233]
[111657,111654,1.0,0.991468626206008]
[87457,87454,1.0,0.9952227536000962]
[111163,2365,1.0,0.40476188049173084]
[111163,111157,1.0,0.9915109344753413]
[111660,2365,1.0,0.645562286622994]
[111660,111654,1.0,0.9952227536000962]
[111660,111657,1.0,0.9952227536000962]
[120375,111663,1.0,0.5512727645020373]
[62962,62950,1.0,0.9857239670650322]
[62962,62956,1.0,0.9645160219116673]
[62962,62953,1.0,0.9847780859539725]
[62962,62947,1.0,0.9857239670650322]
[62950,62947,1.0,0.9952227536000962]
[62956,62950,1.0,0.9869140110078182]
[62956,62953,1.0,0.9772945382673031]
[62956,62947,1.0,0.9869140110078182]
[62953,62950,1.0,0.991273886931284]
[62953,62947,1.0,0.991273886931284]
[112182,112176,1.0,0.9952227536000962]
[112182,112179,1.0,0.9952227536000962]
[54555,54552,1.0,0.9630176004806331]
[54558,54552,1.0,0.9851725209190174]
[54558,54555,1.0,0.911360316475189]
[112179,112176,1.0,0.9952227536000962]
[112185,112182,1.0,0.9923657588179272]
[112185,112176,1.0,0.9923657588179272]
[112185,112179,1.0,0.9923657588179272]
[28406,28400,1.0,0.9927904021198166]
[28406,28403,1.0,0.9527072204934852]
[94121,94115,1.0,0.9875726159185809]
[94121,94118,1.0,0.9784569780246125]
[94118,94115,1.0,0.991273886931284]
[28403,28400,1.0,0.9878138701521065]
[10827,6491,1.0,0.45399888961378315]
[25748,6491,1.0,0.4328576330354097]
[30049,30037,1.0,0.9927904021198166]
[30049,30043,1.0,0.9903937579001233]
[28817,6491,1.0,0.5776507883229562]
[72588,6491,1.0,0.5970503696481525]
[47240,47234,1.0,0.5057842286621681]
[47240,47237,1.0,0.6691265109678038]
[78738,6491,1.0,0.6322640770867926]
[66360,6491,1.0,0.8184305950293149]
[75645,6491,1.0,0.4063720360702316]
[109780,91530,1.0,0.42179584287190125]
[81757,6491,1.0,0.43435426935162447]
[33770,33764,1.0,0.9892436913832031]
[124891,6491,1.0,0.4923413898797258]
[83438,6491,1.0,0.542970134670675]
[83438,66360,1.0,0.41057393403408854]
[73539,6491,1.0,0.5320430901055495]
[30658,6491,1.0,0.41513042591516197]
[91613,6491,1.0,0.7788145668115164]
[91613,66360,1.0,0.5714461918787159]
[83263,6491,1.0,0.541045442276689]
[83263,13006,1.0,0.5191147376619724]
[106011,47237,1.0,0.43469756105254953]
[86212,78738,1.0,0.42663561832833585]
[86212,6491,1.0,0.5835382821234131]
[99208,6491,1.0,0.4622223659816015]
[7387,6491,1.0,0.40211394257066474]
[59717,59714,1.0,0.9917038292066669]
[45891,28817,1.0,0.48969249359310174]
[91530,59717,1.0,0.44383346719577776]
[100213,100207,1.0,0.9878928537719097]
[100213,100210,1.0,0.8641672797786477]
[20294,13006,1.0,0.4419513913210779]
[30043,30037,1.0,0.9935130777611525]
[64196,6491,1.0,0.4350273057862369]
[47237,6491,1.0,0.4025014520870712]
[47237,47234,1.0,0.8936056965357987]
[88842,1913,1.0,0.4155466003190675]
[100210,100207,1.0,0.9064849121265135]
[13006,6491,1.0,0.5355672101838153]
[124893,124890,1.0,0.9726101365839039]
[14648,6491,1.0,0.419791729955251]
[14648,13006,1.0,0.4499798258833547]
[91034,6491,1.0,0.4324993532139116]
[90292,90289,1.0,0.9720712366445889]
[69995,69992,1.0,0.9952227536000962]
[120895,110304,1.0,0.4350705672153814]
[1008,1005,1.0,0.9952227536000962]
[65881,1008,1.0,0.5078869758404204]
[1011,1008,1.0,0.9819869519345299]
[1011,1005,1.0,0.9661548643245743]
[95220,69998,1.0,0.4384748066925974]
[95220,95217,1.0,0.9952227536000962]
[69998,69995,1.0,0.9947914724003593]
[69998,69992,1.0,0.9947914724003593]
[69998,65881,1.0,0.46159396290605254]
[90298,90292,1.0,0.9335534544912069]
[90298,90289,1.0,0.9864735139854655]
[83666,83663,1.0,0.9952227536000962]
[95223,95220,1.0,0.9912124474460464]
[95223,69998,1.0,0.4384748066925974]
[95223,95217,1.0,0.9912124474460464]
[1014,1008,1.0,0.9938747847384765]
[1014,1005,1.0,0.9938747847384765]
[1014,1011,1.0,0.9795603268068508]
[83669,83666,1.0,0.9952227536000962]
[83669,83663,1.0,0.9909424776519933]
[45292,45289,1.0,0.9952227536000962]
[14565,14559,1.0,0.9444198143507613]
[14565,14562,1.0,0.6007190108272198]
[114676,75875,1.0,0.45210213859038495]
[14562,14559,1.0,0.9182166086789701]
[75875,71016,1.0,0.4424894699812436]
[52508,52505,1.0,0.9877726362494229]
[52508,52502,1.0,0.9952227536000962]
[43071,43068,1.0,0.9940396568789889]
[52505,52502,1.0,0.9877726362494229]
[43074,43071,1.0,0.9825314801593409]
[43074,43068,1.0,0.9858929003172658]
[66894,66891,1.0,0.9943950391570788]
[27098,27095,1.0,0.9952227536000962]
[85320,67605,1.0,0.49291302247302143]
[27101,27098,1.0,0.9846157116234462]
[27101,27095,1.0,0.9846157116234462]
[87325,60130,1.0,0.4345314940541969]
[14169,14166,1.0,0.9706856973700525]
[14169,14163,1.0,0.9935292479653834]
[14166,14163,1.0,0.977654719923328]
[15597,15591,1.0,0.9922444720626648]
[74959,74953,1.0,0.9945658729539499]
[74959,74956,1.0,0.9622039167659464]
[129097,129088,1.0,0.9889229445170542]
[129097,129094,1.0,0.9890398481420988]
[129097,129082,1.0,0.9929318100825512]
[129088,129082,1.0,0.9895588436932962]
[129094,129088,1.0,0.9885803925766056]
[129094,129082,1.0,0.9925229512934376]
[74962,74959,1.0,0.9913751265563115]
[74962,74953,1.0,0.9758796421359076]
[74962,74956,1.0,0.8616941819264319]
[74956,74953,1.0,0.9749093976995566]
[128688,88640,1.0,0.4206159014077623]
[58442,23396,1.0,0.4556753965929388]
[88640,23396,1.0,0.5028162210152387]
[16246,16234,1.0,0.9902570385699506]
[16246,16240,1.0,0.9905564682541387]
[16246,16243,1.0,0.9827936504283985]
[16246,16231,1.0,0.9905564682541387]
[16246,16237,1.0,0.9274696658914502]
[101985,101982,1.0,0.9928359251852622]
[101985,101979,1.0,0.9945658729539499]
[101985,14250,1.0,0.4004150112508548]
[101985,22390,1.0,0.45196739679100206]
[71002,70999,1.0,0.9902913432757028]
[16234,16231,1.0,0.9927904021198166]
[16240,16234,1.0,0.9927904021198166]
[16240,16231,1.0,0.9952227536000962]
[16240,16237,1.0,0.9573303608153831]
[77364,77358,1.0,0.9933677579237732]
[16243,16234,1.0,0.9866630400123235]
[16243,16240,1.0,0.9909251903137]
[16243,16231,1.0,0.9909251903137]
[16243,16237,1.0,0.9293476375320594]
[44749,44746,1.0,0.9910102313063274]
[34586,34583,1.0,0.9946424279692275]
[101991,101985,1.0,0.9732340256854883]
[101991,101982,1.0,0.9435753713470405]
[101991,101979,1.0,0.953799888835054]
[101991,101988,1.0,0.8219379974480869]
[101982,5034,1.0,0.40018612206999743]
[101982,101979,1.0,0.9936734116065394]
[101982,14250,1.0,0.40359317272377565]
[101982,22390,1.0,0.4140296008771051]
[101979,14250,1.0,0.4020025964813994]
[101979,22390,1.0,0.4538128711688366]
[44752,44749,1.0,0.9773528627655735]
[44752,44746,1.0,0.9908397224750475]
[16237,16234,1.0,0.9409782551711019]
[16237,16231,1.0,0.9573303608153831]
[34589,34583,1.0,0.9886765009805746]
[34589,34586,1.0,0.9893021913465235]
[23363,23360,1.0,0.5860036727575894]
[101988,101985,1.0,0.9442496975669089]
[101988,5034,1.0,0.4535124591649316]
[101988,101982,1.0,0.9591292701647975]
[101988,101979,1.0,0.9668614462795457]
[101988,22390,1.0,0.44508593895306403]
[71005,71002,1.0,0.9826196559433722]
[71005,70999,1.0,0.9909196098134082]
[25308,16237,1.0,0.4375854566460765]
[6740,6737,1.0,0.9784293958229516]
[22390,16234,1.0,0.4620137747384]
[22390,16240,1.0,0.4620137747384]
[22390,16243,1.0,0.4281087643800032]
[22390,16231,1.0,0.4620137747384]
[22390,16237,1.0,0.5355641081045155]
[85404,85401,1.0,0.9863432310507615]
[9676,9673,1.0,0.9877726362494229]
[32490,32487,1.0,0.9889469435919268]
[132468,126483,1.0,0.6566501490370614]
[32493,32487,1.0,0.9162595365202406]
[32493,32490,1.0,0.8405337284963494]
[126483,73234,1.0,0.6264468795994683]
[126483,105117,1.0,0.44955695745462165]
[112726,112723,1.0,0.9936734116065394]
[65253,65250,1.0,0.8435556191829818]
[65253,65247,1.0,0.9910615264021608]
[65250,65247,1.0,0.8984564177556761]
[86964,86961,1.0,0.9116502486056994]
[86967,86961,1.0,0.9647785094202183]
[86967,86964,1.0,0.8947257078508277]
[77387,77384,1.0,0.9887026571771343]
[9764,133,1.0,0.640370336537235]
[84964,71904,1.0,0.4594902951590929]
[69475,69472,1.0,0.9489791860323313]
[69475,69469,1.0,0.9489791860323313]
[94318,71904,1.0,0.6815012197007788]
[46754,46751,1.0,0.9946572280446236]
[71904,37440,1.0,0.4474517897575261]
[71904,35679,1.0,0.5135516043613603]
[71904,21210,1.0,0.7022488131015313]
[71904,38857,1.0,0.5093766509502541]
[71904,60686,1.0,0.4682971015897054]
[71904,13065,1.0,0.4883556337937584]
[71904,31004,1.0,0.5176525070975702]
[71904,71880,1.0,0.6101667432287986]
[71904,40440,1.0,0.4506908785228622]
[71904,133,1.0,0.454137959065314]
[71904,21971,1.0,0.4758656030584464]
[71904,189,1.0,0.5352269388788623]
[71904,14381,1.0,0.4490011584604867]
[71904,55012,1.0,0.4524779706842299]
[71904,57228,1.0,0.4365888615063747]
[100519,31004,1.0,0.4792602196889282]
[100519,71904,1.0,0.4376070065440609]
[122880,71904,1.0,0.5113911573107688]
[100528,31004,1.0,0.49590142071549886]
[100528,71904,1.0,0.5969219198676192]
[100528,100519,1.0,0.9909436544800471]
[100528,100525,1.0,0.9876289052851285]
[100528,100522,1.0,0.9909436544800471]
[24306,24303,1.0,0.9800283381599425]
[24306,24300,1.0,0.9891381319389254]
[102585,71904,1.0,0.4243707937111335]
[69472,14636,1.0,0.4846635255959373]
[69472,69469,1.0,0.9952227536000962]
[110602,69472,1.0,0.4044049048742565]
[91192,71904,1.0,0.45447602851390145]
[78472,71904,1.0,0.48199643079800975]
[78481,35679,1.0,0.4343842442475628]
[78481,71904,1.0,0.48199643079800975]
[78481,78472,1.0,0.9952227536000962]
[78481,78478,1.0,0.9933550320030448]
[78478,71904,1.0,0.48199643079800975]
[78478,78472,1.0,0.9933550320030448]
[117495,71904,1.0,0.5216016019101476]
[100525,31004,1.0,0.4792602196889282]
[100525,71904,1.0,0.4376070065440609]
[100525,100519,1.0,0.9933607062578763]
[100525,100522,1.0,0.9933607062578763]
[35824,11463,1.0,0.43786546547733857]
[35824,35821,1.0,0.974684785058409]
[35824,26161,1.0,0.4489776125974387]
[100522,31004,1.0,0.4792602196889282]
[100522,71904,1.0,0.4376070065440609]
[100522,100519,1.0,0.9952227536000962]
[129231,71904,1.0,0.4706757611712325]
[76472,35824,1.0,0.4736288903642157]
[24303,24300,1.0,0.9865919751830379]
[24309,24306,1.0,0.9748031055172848]
[24309,24303,1.0,0.988133808020759]
[24309,24300,1.0,0.9881410057570368]
[69478,69475,1.0,0.6988502043688758]
[69478,69472,1.0,0.9311079333152829]
[69478,69469,1.0,0.8729154381831052]
[98805,71904,1.0,0.43083975374962763]
[35827,35821,1.0,0.9798982875215583]
[35827,35824,1.0,0.9113466246618014]
[24696,24687,1.0,0.9952227536000962]
[24696,24690,1.0,0.9599114525225948]
[109881,109875,1.0,0.981659156018156]
[109881,109878,1.0,0.9638580587753655]
[27931,8029,1.0,0.4859378666995329]
[115765,115753,1.0,0.9833990957346356]
[115765,115756,1.0,0.9786383170418024]
[115765,24086,1.0,0.469301050264651]
[115765,115762,1.0,0.9840779352006778]
[115765,115759,1.0,0.9689490530291791]
[14701,14695,1.0,0.9702570969523882]
[14701,14698,1.0,0.94393207472187]
[115753,24086,1.0,0.4759528335466895]
[120843,120837,1.0,0.9638296880284609]
[120843,120840,1.0,0.9530599192270002]
[43755,43752,1.0,0.9914756223331858]
[43755,43749,1.0,0.9952227536000962]
[106342,106336,1.0,0.9595964342318505]
[106342,106339,1.0,0.9354518953882017]
[103615,103612,1.0,0.9918818867765093]
[35487,35484,1.0,0.9944660782509854]
[120846,120843,1.0,0.9234024210393873]
[120846,120837,1.0,0.9952227536000962]
[120846,120840,1.0,0.9937688990155883]
[126261,50728,1.0,0.43164851897297674]
[126261,121330,1.0,0.4538551844198559]
[126261,109878,1.0,0.5528616042328515]
[103621,103615,1.0,0.9693814308720994]
[103621,103612,1.0,0.9810968848329708]
[103627,103615,1.0,0.9866849439698377]
[103627,103621,1.0,0.989376345519912]
[103627,103624,1.0,0.7284673849597986]
[103627,103612,1.0,0.9921145419467206]
[115756,115753,1.0,0.9933550320030448]
[115756,24086,1.0,0.4759528335466895]
[24690,24687,1.0,0.9599114525225948]
[50728,11366,1.0,0.4390830679917617]
[53015,53012,1.0,0.9952227536000962]
[43752,43749,1.0,0.9914756223331858]
[123777,123774,1.0,0.9909251903137]
[109884,109881,1.0,0.9763906499118621]
[109884,109875,1.0,0.9936282955531263]
[109884,109878,1.0,0.986978671600967]
[121330,27931,1.0,0.43416974419266285]
[121330,47374,1.0,0.42795937828529057]
[121330,3352,1.0,0.5295891968935189]
[121330,66410,1.0,0.4049475666760989]
[121330,57541,1.0,0.42860065649471296]
[72002,47374,1.0,0.477090198855502]
[115762,115753,1.0,0.9859171215913641]
[115762,115756,1.0,0.982142497519013]
[115762,24086,1.0,0.403990924306486]
[115762,115759,1.0,0.9771557841339799]
[123774,8029,1.0,0.421547897669481]
[106339,106336,1.0,0.9913999706710128]
[103624,103615,1.0,0.7013304049936473]
[103624,103621,1.0,0.7755913959329664]
[103624,103612,1.0,0.7733999723897569]
[120840,120837,1.0,0.9937688990155883]
[43761,43755,1.0,0.9899899668414485]
[43761,43752,1.0,0.9827161659425285]
[43761,43749,1.0,0.9899899668414485]
[14698,14695,1.0,0.9936118264012263]
[109887,109881,1.0,0.9765657794900905]
[109887,109875,1.0,0.9933550320030448]
[109887,109884,1.0,0.9911673763870579]
[109887,109878,1.0,0.9867574496391409]
[109878,109875,1.0,0.9900592205763161]
[109878,8029,1.0,0.408491872817891]
[115759,115753,1.0,0.9905564682541387]
[115759,115756,1.0,0.987856038582727]
[115759,24086,1.0,0.4759528335466895]
[22330,22327,1.0,0.9743055933974948]
[111109,111106,1.0,0.9932615180988617]
[71137,11738,1.0,0.5632200800881285]
[24113,24107,1.0,0.9790904978372102]
[24113,24110,1.0,0.9056909873401789]
[24110,24107,1.0,0.9592272827415285]
[131160,71137,1.0,0.45930118764150946]
[75680,75677,1.0,0.9345913625703987]
[75680,75674,1.0,0.9891700284774299]
[75677,75674,1.0,0.9665254577978082]
[22333,22330,1.0,0.9644240401238486]
[22333,22327,1.0,0.9927742648919292]
[64256,64253,1.0,0.941173619247097]
[85526,85523,1.0,0.906655963998382]
[120247,120244,1.0,0.9915964436623776]
[120250,120247,1.0,0.9886385307057344]
[120250,120244,1.0,0.9896347679464961]
[120253,120247,1.0,0.9159537806970616]
[120253,120250,1.0,0.8953743813844697]
[120253,120244,1.0,0.9154317958544087]
[62845,42035,1.0,0.4640929874702458]
[79381,41583,1.0,0.4364121577636412]
[93029,93026,1.0,0.9881761805738833]
[93032,93029,1.0,0.9618954218334667]
[93032,93026,1.0,0.9217744406060758]
[9438,9435,1.0,0.9851603798028962]
[117927,117921,1.0,0.9935588802635267]
[117927,117924,1.0,0.9825586203579532]
[117924,117921,1.0,0.9867133053087448]
[9441,9438,1.0,0.8545203402927158]
[9441,9435,1.0,0.8559981432514602]
[71020,56403,1.0,0.42522216133118607]
[98394,98391,1.0,0.94535825041081]
[98394,98388,1.0,0.9798732282632558]
[98391,98388,1.0,0.9766829368857853]
[24280,24277,1.0,0.9952227536000962]
[92694,92691,1.0,0.9030414630293765]
[92697,92694,1.0,0.7432625729756545]
[92697,92691,1.0,0.9805707023977303]
[87201,87195,1.0,0.9926278674655746]
[87201,87198,1.0,0.9477127736316561]
[44002,43999,1.0,0.913715564476582]
[7629,7626,1.0,0.9930641667401623]
[7632,7629,1.0,0.9875231802600911]
[7632,7626,1.0,0.988119411407836]
[112492,40891,1.0,0.46199136124674606]
[87198,87195,1.0,0.9631031493191261]
[44005,43999,1.0,0.9909251903137]
[44005,44002,1.0,0.765648542571628]
[66420,66417,1.0,0.9952227536000962]
[16257,16254,1.0,0.9260317951842812]
[9830,9818,1.0,0.6075607179400088]
[9830,9824,1.0,0.9582967085616076]
[9830,9821,1.0,0.4301593425522242]
[110254,110248,1.0,0.9904142011965744]
[9824,9818,1.0,0.9952227536000962]
[9824,9821,1.0,0.9671040421720722]
[9821,9818,1.0,0.9510064501117734]
[53873,53861,1.0,0.9877726362494229]
[79912,79909,1.0,0.9863601043469905]
[83794,83785,1.0,0.9542705091585311]
[83794,83788,1.0,0.8239636083243388]
[83797,83785,1.0,0.9607763239365273]
[83797,83794,1.0,0.7743834920610738]
[83797,83788,1.0,0.9203838747441226]
[83788,83785,1.0,0.9732864936779975]
[31912,31909,1.0,0.9778182468474843]
[31912,31906,1.0,0.9778182468474843]
[31915,31912,1.0,0.9718601397945691]
[31915,31909,1.0,0.9900979813788651]
[31915,31906,1.0,0.9771427875854274]
[31909,31906,1.0,0.9952227536000962]
[77147,77144,1.0,0.9908846474795411]
[67062,65139,1.0,0.40651195934459133]
[121437,121434,1.0,0.8103427583772621]
[1369,1366,1.0,0.9934197647450789]
[33301,33295,1.0,0.9923639078343214]
[33301,33298,1.0,0.9482402884230267]
[94723,94717,1.0,0.9905564682541387]
[94723,94720,1.0,0.9346135349924315]
[27203,27197,1.0,0.9854903853844345]
[120615,120612,1.0,0.9633729392456017]
[114066,114063,1.0,0.9650415358591968]
[120618,120612,1.0,0.9601599519311801]
[120618,120615,1.0,0.8208581445628511]
[33298,33295,1.0,0.9650372008630083]
[114069,114063,1.0,0.9863707734172142]
[114069,114066,1.0,0.8982101816847935]
[121443,121437,1.0,0.689813487638486]
[121443,121434,1.0,0.9882387245825874]
[121443,121440,1.0,0.8268807368732585]
[121440,121437,1.0,0.9272117980749573]
[121440,121434,1.0,0.9070211231685509]
[121446,121437,1.0,0.5997789301888484]
[121446,121434,1.0,0.9736679562000914]
[121446,121443,1.0,0.937405100446461]
[121446,121440,1.0,0.7532215477615158]
[94726,94717,1.0,0.9920002128951861]
[94726,94723,1.0,0.9847885410575692]
[94726,94720,1.0,0.9578604799057742]
[94720,94717,1.0,0.9659644505255349]
[16636,16633,1.0,0.9888152390801975]
[116407,116404,1.0,0.9917265171600017]
[60050,54547,1.0,0.41817404097854954]
[2521,2515,1.0,0.9692043752397702]
[2521,2518,1.0,0.9506764152635196]
[54547,28263,1.0,0.5023074652177845]
[54547,12604,1.0,0.5599719754913544]
[2518,2515,1.0,0.9909251903137]
[106305,106296,1.0,0.9952227536000962]
[106305,106302,1.0,0.7206768195413986]
[107328,107322,1.0,0.9877726362494229]
[106302,106296,1.0,0.7995200555417729]
[51151,45013,1.0,0.4509140609546041]
[90423,38507,1.0,0.596787905902723]
[20125,20122,1.0,0.6073089023028349]
[20125,20116,1.0,0.9674433924906908]
[20125,20119,1.0,0.9530330541311172]
[20122,20116,1.0,0.7663267717021176]
[20122,20119,1.0,0.7021781648931114]
[74754,74748,1.0,0.43856117726671107]
[20119,20116,1.0,0.9946149626479851]
[74757,74748,1.0,0.9952227536000962]
[74757,74754,1.0,0.43856117726671107]
[104493,104490,1.0,0.9591292701647975]
[20553,20544,1.0,0.9797608061294161]
[20553,20550,1.0,0.9797608061294161]
[104496,104493,1.0,0.8159778188458048]
[104496,104490,1.0,0.9599686991831199]
[6331,6328,1.0,0.9952227536000962]
[20550,20544,1.0,0.9952227536000962]
[6334,6328,1.0,0.9811078195783978]
[6334,6331,1.0,0.9811078195783978]
[64077,64074,1.0,0.9902529786349912]
[9030,9024,1.0,0.9904100825131995]
[126384,126381,1.0,0.9863111995280525]
[91053,35472,1.0,0.49045264468918826]
[30749,30746,1.0,0.9835978542892383]
[30752,30746,1.0,0.9797548006021857]
[30752,30749,1.0,0.9746121309374374]
[126387,126384,1.0,0.9800488767100527]
[126387,126381,1.0,0.9902573383872718]
[15128,15122,1.0,0.9901673302788578]
[111942,86946,1.0,0.40274021082870476]
[119524,86946,1.0,0.48831342858708837]
[22361,22355,1.0,0.9745913298569896]
[22361,22358,1.0,0.9133634323646964]
[22358,22355,1.0,0.993172515220938]
[86946,22361,1.0,0.6084550040695427]
[86946,15263,1.0,0.5599999635111869]
[86946,41581,1.0,0.41116418972545643]
[28419,8990,1.0,0.5706602139835096]
[28419,22361,1.0,0.5674611038822062]
[95905,80213,1.0,0.42852018904376643]
[40176,22361,1.0,0.7101009132378413]
[80213,22355,1.0,0.6841758517832219]
[80213,22361,1.0,0.867313954663322]
[80213,22358,1.0,0.6841758517832219]
[8044,8041,1.0,0.9952227536000962]
[85844,75107,1.0,0.5194559898848995]
[85844,32787,1.0,0.4096346933327317]
[117171,85844,1.0,0.4921108550928356]
[65655,65649,1.0,0.9571313470387327]
[65655,65643,1.0,0.9869551249247099]
[65655,65652,1.0,0.9799220936376276]
[65655,65646,1.0,0.969731022714406]
[124674,98986,1.0,0.4167672244769744]
[65649,65643,1.0,0.9744127779608973]
[65649,65646,1.0,0.9452096865428884]
[105648,80475,1.0,0.48160010776894036]
[105648,69735,1.0,0.4611018496708384]
[105648,60323,1.0,0.5537544499289986]
[62287,62284,1.0,0.9673252680944108]
[80475,69735,1.0,0.40212445471399066]
[65652,65649,1.0,0.9680331175208434]
[65652,65643,1.0,0.9937910695216918]
[65652,65646,1.0,0.9848670277251335]
[69735,32787,1.0,0.4537241724484062]
[65646,65643,1.0,0.9932537467430427]
[64385,64379,1.0,0.9952227536000962]
[110043,35616,1.0,0.4898887701989028]
[110043,42475,1.0,0.48872261339455964]
[110043,39940,1.0,0.40063209878997397]
[88021,88018,1.0,0.9952227536000962]
[129402,88021,1.0,0.6415101917497698]
[129402,124992,1.0,0.5798403400112689]
[129402,54956,1.0,0.457464526220151]
[35616,30448,1.0,0.6219953083974186]
[35616,35610,1.0,0.9073855182018864]
[35616,35613,1.0,0.8352805794307612]
[67602,22791,1.0,0.45812914692792717]
[67602,2197,1.0,0.4297306685852298]
[67602,22794,1.0,0.44514651761995705]
[124992,110043,1.0,0.5022754471726303]
[124992,30448,1.0,0.507426748206786]
[124992,12810,1.0,0.45728396269357025]
[124992,118194,1.0,0.47738679297609604]
[124992,37442,1.0,0.4965157619478396]
[88027,88021,1.0,0.9865355980960755]
[88027,88018,1.0,0.9865355980960755]
[117679,35616,1.0,0.40879380455741565]
[45618,45615,1.0,0.9952227536000962]
[35613,35610,1.0,0.960614950777543]
[54621,12810,1.0,0.4083855505561104]
[118194,54956,1.0,0.6880634376106043]
[37442,35616,1.0,0.4865969832147405]
[58210,37442,1.0,0.4551884770205391]
[100500,37442,1.0,0.40407813595441955]
[22794,22791,1.0,0.9800830906638279]
[117682,117679,1.0,0.9930676807585843]
[54956,42475,1.0,0.4359251240917478]
[54956,54621,1.0,0.41955615984775896]
[69089,39486,1.0,0.44920913769555254]
[66163,39486,1.0,0.4198328131688617]
[87829,12338,1.0,0.44073586338852816]
[87829,39486,1.0,0.514600139447776]
[86030,39486,1.0,0.5697419932123882]
[69257,39486,1.0,0.42762923541344283]
[63891,39486,1.0,0.6436613556506233]
[39486,12338,1.0,0.7520351980212713]
[39486,21661,1.0,0.41879689584471774]
[58284,39486,1.0,0.485384211023338]
[55589,55586,1.0,0.9841481712766529]
[64213,63891,1.0,0.5515552539639549]
[64213,64210,1.0,0.914903898148743]
[64210,63891,1.0,0.6030919373840158]
[44975,39486,1.0,0.4045692530714979]
[64219,63891,1.0,0.544972346105632]
[64219,64213,1.0,0.917447164125149]
[64219,64210,1.0,0.9903708178891621]
[64219,64216,1.0,0.9815357042813089]
[64216,63891,1.0,0.6389444731907064]
[64216,64213,1.0,0.9332015203927428]
[64216,64210,1.0,0.9930676807585843]
[45281,45278,1.0,0.993958142263311]
[61227,50071,1.0,0.6508742105669211]
[61227,5943,1.0,0.5934489999268592]
[61227,19988,1.0,0.47356360397588776]
[114517,104571,1.0,0.40544914251522524]
[69223,39486,1.0,0.4815047677826725]
[45278,39486,1.0,0.40903888956048834]
[64402,39486,1.0,0.40316609232891465]
[107827,19988,1.0,0.4040645927144856]
[104986,66163,1.0,0.5472344177474439]
[104986,39486,1.0,0.5105451596638275]
[104986,58284,1.0,0.5105649442163956]
[104986,64216,1.0,0.4374827070880209]
[104986,21661,1.0,0.4551918495262906]
[50114,39486,1.0,0.5105740139452145]
[112309,21547,1.0,0.40533325842060297]
[112309,19988,1.0,0.44752996745454]
[40710,39486,1.0,0.43080001200041546]
[105421,93084,1.0,0.40662136594640613]
[82165,82162,1.0,0.9914361467268422]
[82165,82156,1.0,0.9937140629932636]
[82165,82159,1.0,0.9203868462896899]
[96535,96532,1.0,0.7173158468101548]
[96535,72892,1.0,0.5236200526018688]
[98910,93084,1.0,0.6506060276736509]
[98910,63397,1.0,0.5510533558619973]
[96532,72892,1.0,0.608462487393095]
[96532,63397,1.0,0.43714136562975187]
[122778,82159,1.0,0.4292231049303752]
[114532,103275,1.0,0.5625116457007878]
[114532,72892,1.0,0.5654192662531997]
[114532,82159,1.0,0.6210781437673232]
[114532,114529,1.0,0.9696838032429763]
[51908,51905,1.0,0.9057867236110785]
[82168,82165,1.0,0.9863510718508319]
[82168,82162,1.0,0.9845321885128724]
[82168,82156,1.0,0.9894213159053219]
[82168,82159,1.0,0.9371461157209575]
[128163,44924,1.0,0.4057200322365797]
[128163,44927,1.0,0.4057200322365797]
[18428,18425,1.0,0.9877726362494229]
[82162,82156,1.0,0.9904920004307394]
[82162,82159,1.0,0.9141382095737065]
[93084,13010,1.0,0.4504438303685471]
[93084,18428,1.0,0.48277473474213795]
[93084,55814,1.0,0.4200434313209986]
[93084,89763,1.0,0.40780020415102786]
[117018,103275,1.0,0.45512779096973704]
[44930,44924,1.0,0.44582086231242407]
[103275,96535,1.0,0.4769056681478586]
[103275,98910,1.0,0.47046633382164754]
[103275,96532,1.0,0.4885320852058794]
[103275,1293,1.0,0.4215606773945306]
[103275,22522,1.0,0.42813313361234984]
[103275,72892,1.0,0.42886901517814]
[103275,63397,1.0,0.5247246424696174]
[51911,51908,1.0,0.8769091542323719]
[51911,51905,1.0,0.9886146790176199]
[72892,18428,1.0,0.40647945816628384]
[72892,1293,1.0,0.4163636132667893]
[72892,22522,1.0,0.4549669775585759]
[72892,63397,1.0,0.5310791634356322]
[72892,50979,1.0,0.4989845656088694]
[44927,44924,1.0,0.9877726362494229]
[82159,82156,1.0,0.9335933256626632]
[82159,16685,1.0,0.44886161309793227]
[82159,78052,1.0,0.65972074336998]
[82159,13632,1.0,0.4145555713358306]
[63397,18428,1.0,0.40040789519575815]
[63397,1293,1.0,0.4361185031013826]
[63397,50979,1.0,0.40212641237808194]
[63397,35543,1.0,0.4354752032085197]
[79723,79717,1.0,0.7189566409715712]
[89763,63397,1.0,0.4063727494418473]
[114529,103275,1.0,0.6351269094155416]
[114529,72892,1.0,0.48284464853852005]
[114529,82159,1.0,0.606336574652225]
[114529,63397,1.0,0.551676755751959]
[30958,30955,1.0,0.9866682756177054]
[60496,51407,1.0,0.4220173366485505]
[60496,17287,1.0,0.44704177820281793]
[60496,17281,1.0,0.4257045570413744]
[60496,17278,1.0,0.4257045570413744]
[51404,51401,1.0,0.9517046657451809]
[129451,129448,1.0,0.4552741728600175]
[80930,51407,1.0,0.477671358408938]
[63144,17287,1.0,0.4778962282866048]
[63144,17281,1.0,0.4546516347289783]
[63144,17278,1.0,0.4661443079954196]
[63144,62607,1.0,0.4326701459922799]
[63144,17284,1.0,0.4661443079954196]
[117841,51407,1.0,0.4598178192511403]
[117841,17287,1.0,0.4097328385671188]
[117841,17281,1.0,0.4032267352068326]
[117841,17278,1.0,0.4095588432692427]
[51407,51404,1.0,0.9770896130684834]
[51407,17287,1.0,0.6099751939174808]
[51407,17281,1.0,0.6152697121834393]
[51407,17278,1.0,0.6152697121834393]
[51407,44768,1.0,0.4072246767128025]
[51407,51401,1.0,0.9952227536000962]
[51407,17284,1.0,0.6152697121834393]
[85969,75243,1.0,0.4134974561584542]
[107364,51407,1.0,0.773158532311738]
[107364,17287,1.0,0.7009239751468226]
[107364,68590,1.0,0.5115303189343172]
[107364,17281,1.0,0.5785278713489337]
[107364,17278,1.0,0.5769980093007271]
[107364,102676,1.0,0.6794450757619398]
[107364,75243,1.0,0.7754067784401557]
[107364,102673,1.0,0.6473309569849677]
[107364,77274,1.0,0.44086830151308787]
[107364,102670,1.0,0.6634197063884297]
[46811,17287,1.0,0.5575068809105529]
[46811,17281,1.0,0.5816827309180578]
[46811,17278,1.0,0.5816827309180578]
[17287,17281,1.0,0.9855662956154618]
[17287,17278,1.0,0.9863543858524928]
[17287,17284,1.0,0.9863543858524928]
[68590,51407,1.0,0.4754325487948483]
[68590,17287,1.0,0.5394473373657657]
[68590,17281,1.0,0.6027431701198505]
[68590,17278,1.0,0.6027431701198505]
[68590,17284,1.0,0.6027431701198505]
[129454,129448,1.0,0.9740931304771562]
[17281,17278,1.0,0.9940528687790091]
[70195,51407,1.0,0.4132034760598345]
[49358,49355,1.0,0.9564039299750156]
[49361,49358,1.0,0.9198918519569246]
[49361,49355,1.0,0.9825843814616981]
[102676,57748,1.0,0.4530580463159822]
[102676,17287,1.0,0.6421954727598972]
[102676,17281,1.0,0.6761114533570954]
[102676,17278,1.0,0.6761114533570954]
[102676,68878,1.0,0.4997009153636675]
[102676,102673,1.0,0.9793001668954752]
[102676,62607,1.0,0.6058156390011696]
[102676,77274,1.0,0.45546683625924156]
[102676,102670,1.0,0.9903459533107182]
[102676,17284,1.0,0.6761114533570954]
[44768,17281,1.0,0.42202828702772854]
[44768,17278,1.0,0.43338195958401005]
[68878,17281,1.0,0.4085551140275517]
[68878,17278,1.0,0.4111088075037661]
[127626,51407,1.0,0.5350780298461075]
[41489,41480,1.0,0.99456621112931]
[41489,41486,1.0,0.9697990527939384]
[129457,129451,1.0,0.8692696514008987]
[112410,51407,1.0,0.48205058714615895]
[112410,67990,1.0,0.46744937605250736]
[112410,107364,1.0,0.7495911011191116]
[112410,62607,1.0,0.5445226242451344]
[112410,77274,1.0,0.4668983051671068]
[102673,57748,1.0,0.4359623121580414]
[102673,17287,1.0,0.5832039989722992]
[102673,17281,1.0,0.6107032881346333]
[102673,17278,1.0,0.6107032881346333]
[102673,68878,1.0,0.45852266390183455]
[102673,62607,1.0,0.539121571455129]
[102673,102670,1.0,0.9892819917996648]
[102673,17284,1.0,0.6107032881346333]
[62607,51407,1.0,0.6711760377564004]
[62607,17287,1.0,0.6644168458465464]
[62607,17281,1.0,0.47514939078418944]
[62607,17278,1.0,0.47514939078418944]
[104938,63144,1.0,0.46783542650801796]
[104938,51407,1.0,0.47233985434420134]
[104938,62607,1.0,0.4335782108434225]
[77274,51407,1.0,0.5948125822767796]
[77274,75243,1.0,0.6713898050995784]
[77274,62607,1.0,0.40057807013017555]
[102670,57748,1.0,0.44123158389714273]
[102670,17287,1.0,0.6421954727598972]
[102670,17281,1.0,0.6761114533570954]
[102670,17278,1.0,0.6761114533570954]
[102670,68878,1.0,0.4737321184132275]
[102670,62607,1.0,0.6025729839303248]
[102670,77274,1.0,0.45546683625924156]
[102670,17284,1.0,0.6761114533570954]
[41486,41480,1.0,0.972081314489817]
[17284,17281,1.0,0.9940528687790091]
[17284,17278,1.0,0.9952227536000962]
[49924,49918,1.0,0.9652370256213404]
[79107,12891,1.0,0.43060381067563336]
[90868,90862,1.0,0.9877726362494229]
[90868,90865,1.0,0.9873253145995766]
[12251,12248,1.0,0.9908943244926873]
[23543,23540,1.0,0.9804039799162887]
[31757,31754,1.0,0.9865708923934716]
[130963,19919,1.0,0.4057237724183653]
[31760,31754,1.0,0.9896835227115497]
[31760,31757,1.0,0.9733439927606466]
[120631,120625,1.0,0.9890734681543464]
[120631,120628,1.0,0.9697209332067358]
[31763,31754,1.0,0.9891700284774299]
[31763,31757,1.0,0.9865708923934716]
[31763,31760,1.0,0.9781262535582153]
[124473,124464,1.0,0.9952227536000962]
[124473,124467,1.0,0.44608261212831773]
[124473,124470,1.0,0.9792512926674475]
[61226,61223,1.0,0.9952227536000962]
[120634,120631,1.0,0.9766566118182848]
[120634,120625,1.0,0.9917100326989313]
[120634,120628,1.0,0.9879867239316992]
[120628,120625,1.0,0.9834939532730804]
[90865,90862,1.0,0.9950492062368131]
[124470,124464,1.0,0.9757941807771766]
[48882,48879,1.0,0.9938804711395797]
[81562,81553,1.0,0.9952227536000962]
[81562,81559,1.0,0.9934197647450789]
[48885,48882,1.0,0.9777978969525054]
[48885,48879,1.0,0.9932537467430427]
[48888,48882,1.0,0.9693372858905837]
[48888,48885,1.0,0.9880426223978416]
[48888,48879,1.0,0.9899677172909682]
[81565,81562,1.0,0.9952227536000962]
[81565,81553,1.0,0.9877726362494229]
[81565,81559,1.0,0.9839203319295544]
[9364,7976,1.0,0.5318433857527346]
[63567,9364,1.0,0.4153144858233171]
[81559,81553,1.0,0.9907897775393106]
[88095,88089,1.0,0.992741519159376]
[88095,88086,1.0,0.9952227536000962]
[88095,88092,1.0,0.9905564682541387]
[88095,71797,1.0,0.42062097524346853]
[88095,67269,1.0,0.4263745269714911]
[88095,44040,1.0,0.4733815071905597]
[80366,80045,1.0,0.7104502808096423]
[132228,132225,1.0,0.9736339326094597]
[132228,132222,1.0,0.9910490392710076]
[28953,28950,1.0,0.9636038852061665]
[28953,28947,1.0,0.9926278674655746]
[110073,106204,1.0,0.42363549771960063]
[110073,34195,1.0,0.48439428043661886]
[110073,81721,1.0,0.7814566473878106]
[110073,77471,1.0,0.4361018021100947]
[29836,12565,1.0,0.49546656321301324]
[29836,29833,1.0,0.983860423877298]
[29836,29830,1.0,0.9952227536000962]
[132225,132222,1.0,0.9694724642953353]
[34195,12565,1.0,0.43246093237790234]
[81721,12565,1.0,0.581994991297447]
[81721,56449,1.0,0.45657523950101225]
[75222,75219,1.0,0.9858880791300162]
[111841,88095,1.0,0.4006179813167421]
[111841,17786,1.0,0.5438064151783347]
[111841,88089,1.0,0.4006179813167421]
[111841,88086,1.0,0.4006179813167421]
[111841,88092,1.0,0.4006179813167421]
[111841,66802,1.0,0.45059322342671276]
[111841,84142,1.0,0.40703590770429426]
[111841,97233,1.0,0.4149056619965396]
[56311,29836,1.0,0.4653187380848645]
[132352,34195,1.0,0.4497757291266992]
[88089,88086,1.0,0.992741519159376]
[132222,80045,1.0,0.4146278720464664]
[29776,29773,1.0,0.9932537467430427]
[29833,29830,1.0,0.983860423877298]
[88092,88089,1.0,0.985655508183374]
[88092,88086,1.0,0.9905564682541387]
[93745,86055,1.0,0.4050893024416221]
[103438,77471,1.0,0.5446640565605858]
[80045,53500,1.0,0.4823023825617926]
[80045,73135,1.0,0.40539176805876714]
[28950,28947,1.0,0.9487282408074552]
[111741,86055,1.0,0.46401620624986056]
[117118,88095,1.0,0.7665118447289279]
[117118,111841,1.0,0.49297209924315155]
[102409,86055,1.0,0.44989570933593764]
[86055,80366,1.0,0.6153343635055247]
[86055,52092,1.0,0.5240390594405252]
[86055,73135,1.0,0.4034841507993233]
[117276,80045,1.0,0.45786981107957253]
[111468,44817,1.0,0.48649390929810293]
[29779,29773,1.0,0.9919839916101322]
[29779,29776,1.0,0.9754371258003697]
[97233,88095,1.0,0.5310692708062158]
[30777,30774,1.0,0.953132408154135]
[30777,30771,1.0,0.9275449791378988]
[30777,30768,1.0,0.976897633483028]
[30774,30771,1.0,0.964192173523138]
[30774,30768,1.0,0.9877726362494229]
[30771,30768,1.0,0.9829714173435662]
[30780,30777,1.0,0.9299794757810836]
[30780,30774,1.0,0.9183781260857213]
[30780,30771,1.0,0.8829220251780289]
[30780,30768,1.0,0.9565116104805366]
[71955,71946,1.0,0.9778818083875]
[71955,71949,1.0,0.9513390147603277]
[38357,38354,1.0,0.9945658731879131]
[99514,96031,1.0,0.42725093237173195]
[71958,71955,1.0,0.9858567900403156]
[71958,71946,1.0,0.9952227536000962]
[71958,71949,1.0,0.9828946572860252]
[71949,71946,1.0,0.9883199097054204]
[13372,13369,1.0,0.9668465483937179]
[13372,13366,1.0,0.9883523977429906]
[114286,45909,1.0,0.4338122848752897]
[13369,13366,1.0,0.9854798656728919]
[54104,54101,1.0,0.9952227536000962]
[119265,119262,1.0,0.9927904021198166]
[51332,51329,1.0,0.9933414088701524]
[51332,51326,1.0,0.9952227536000962]
[73792,73789,1.0,0.9675936573404353]
[51341,51332,1.0,0.9931905064527496]
[51341,51329,1.0,0.9831757073608425]
[51341,51338,1.0,0.9544407014011153]
[51341,51326,1.0,0.9861772047501685]
[51329,51326,1.0,0.9945658731879131]
[51338,51332,1.0,0.9812939793072994]
[51338,51329,1.0,0.9779044311642361]
[51338,51326,1.0,0.9812939793072994]
[119268,119265,1.0,0.9919130404558051]
[119268,119262,1.0,0.9946149626479851]
[45909,13372,1.0,0.4644238159985187]
[45909,28850,1.0,0.4844187771778464]
[45909,13366,1.0,0.4644238159985187]
[98917,59583,1.0,0.49676061440295227]
[30108,30105,1.0,0.981281450350229]
[30111,30105,1.0,0.9895147614263562]
[30111,30108,1.0,0.972626116544496]
[123847,123841,1.0,0.9675289381526934]
[73108,73099,1.0,0.9926278674655746]
[73108,73105,1.0,0.9499239373198773]
[73108,73102,1.0,0.990206055421351]
[73105,73099,1.0,0.9881328723899965]
[73105,73102,1.0,0.9845563424913523]
[73102,73099,1.0,0.9935126676877665]
[50557,50554,1.0,0.9696636498802185]
[62940,62937,1.0,0.4562323561119984]
[62943,62937,1.0,0.9006061830972585]
[39502,39499,1.0,0.9937079328018507]
[25332,25326,1.0,0.9883652126324259]
[25332,25329,1.0,0.988536350152557]
[25329,25326,1.0,0.9922323843947127]
[122805,107128,1.0,0.47163752624725586]
[103251,103248,1.0,0.9901918127542898]
[79533,22482,1.0,0.5150868207711138]
[79533,57023,1.0,0.4538282779640357]
[64030,64021,1.0,0.5331609009322791]
[64030,64027,1.0,0.5331609009322791]
[64030,64024,1.0,0.5331609009322791]
[64027,64021,1.0,0.9938029766924066]
[64027,64024,1.0,0.9938029766924066]
[26219,26216,1.0,0.750241181009208]
[64024,64021,1.0,0.9944419907168713]
[77038,11650,1.0,0.549670866157029]
[26222,26219,1.0,0.6625331256209729]
[26222,26216,1.0,0.9847243855534212]
[103254,103251,1.0,0.9901918127542898]
[103254,103248,1.0,0.9952227536000962]
[92632,11650,1.0,0.5660045866008423]
[54355,26867,1.0,0.4917904799428709]
[26225,26219,1.0,0.4559150517260041]
[26225,26222,1.0,0.964705473779068]
[26225,26216,1.0,0.9878848257198302]
[105868,105865,1.0,0.9680153739515939]
[24157,23365,1.0,0.5633671822933803]
[36067,36064,1.0,0.9825265197913191]
[23365,11298,1.0,0.6904767807979203]
[22501,22498,1.0,0.8048281784390036]
[39069,39066,1.0,0.9920291723687975]
[111180,75252,1.0,0.4718342388254814]
[111180,10869,1.0,0.444421624147921]
[111180,43329,1.0,0.4605503046043277]
[111180,28864,1.0,0.457624579453281]
[111180,26887,1.0,0.45065943649385465]
[111783,50111,1.0,0.5102550576887526]
[6254,6251,1.0,0.992032811459589]
[75252,45467,1.0,0.48775374281980627]
[75252,28864,1.0,0.6503850624163232]
[75252,26887,1.0,0.5336362900990765]
[10872,10869,1.0,0.9680904678054362]
[10872,10866,1.0,0.962576021154978]
[112381,50111,1.0,0.45811150323712524]
[10869,10866,1.0,0.9658866706609155]
[43329,43326,1.0,0.9899499032219747]
[85491,26887,1.0,0.47463735989090833]
[10875,10872,1.0,0.9246255350058368]
[10875,10869,1.0,0.9064041188229912]
[10875,10866,1.0,0.9815776544704197]
[50111,4963,1.0,0.5072786835866081]
[50111,26887,1.0,0.4122593737630728]
[10878,10872,1.0,0.9559899885178482]
[10878,10869,1.0,0.9575469030684021]
[10878,10875,1.0,0.9813607970992551]
[10878,10866,1.0,0.9937368886190622]
[39072,39069,1.0,0.8537868828652082]
[39072,39066,1.0,0.866665291626774]
[132073,111180,1.0,0.612174559849773]
[132073,43329,1.0,0.4285520308370242]
[114354,110067,1.0,0.4512405636156583]
[101230,101227,1.0,0.977654719923328]
[13252,13249,1.0,0.9952227536000962]
[30713,6351,1.0,0.42079553658233515]
[63880,63877,1.0,0.9947262821994]
[3577,3574,1.0,0.9802704610270954]
[24192,24186,1.0,0.9431294766464516]
[118324,43475,1.0,0.5429206950923922]
[43475,6222,1.0,0.4115065861598829]
[120573,7151,1.0,0.44283580903885134]
[99922,72908,1.0,0.4615929654929996]
[35508,35505,1.0,0.8995938708119651]
[35508,35502,1.0,0.9767030431594026]
[35505,35502,1.0,0.9794237702673]
[25036,25033,1.0,0.9929318100825512]
[25039,25036,1.0,0.9831573820276138]
[25039,25033,1.0,0.9937353308824888]
[11381,11378,1.0,0.9637211833762691]
[11384,11381,1.0,0.8491391076296346]
[11384,11378,1.0,0.9715901890453886]
[93634,19954,1.0,0.5124361523978475]
[88038,88032,1.0,0.9907453314477414]
[88038,88035,1.0,0.941536894477177]
[57974,19954,1.0,0.42373348787228876]
[19951,19948,1.0,0.9952227536000962]
[88035,88032,1.0,0.9681544678687689]
[19954,19948,1.0,0.9952227536000962]
[19954,19951,1.0,0.9952227536000962]
[5493,5487,1.0,0.9935292479653834]
[88732,75173,1.0,0.6300337241067774]
[88732,88726,1.0,0.9667021529646511]
[88732,88729,1.0,0.9380736688834712]
[88735,75173,1.0,0.6042458034653345]
[88735,88732,1.0,0.9516783064203608]
[88735,88726,1.0,0.9612073132780738]
[88735,88729,1.0,0.9213792318186091]
[88726,75173,1.0,0.6450359302966618]
[88729,75173,1.0,0.6378839253859412]
[88729,88726,1.0,0.9883793989751632]
[130500,88732,1.0,0.46555364590224246]
[130500,88735,1.0,0.5087678642257477]
[130500,88726,1.0,0.4884189480946026]
[130500,88729,1.0,0.4884189480946026]
[94169,29694,1.0,0.4223370341386353]
[94169,30953,1.0,0.6226470620398659]
[85883,29694,1.0,0.5733627172462885]
[85883,12986,1.0,0.48696896274456497]
[85883,30953,1.0,0.7518485176853293]
[68206,68203,1.0,0.9952227536000962]
[30953,3193,1.0,0.49773810834015836]
[10890,10884,1.0,0.9952227536000962]
[10890,10887,1.0,0.9952227536000962]
[10887,10884,1.0,0.9952227536000962]
[25894,25891,1.0,0.9907707025840491]
[83449,83446,1.0,0.9861577055140901]
[22286,22277,1.0,0.9877726362494229]
[22286,22280,1.0,0.9877726362494229]
[40588,40585,1.0,0.9905603782847903]
[105046,23388,1.0,0.40859640491071114]
[22280,22277,1.0,0.9935224512540531]
[115168,115165,1.0,0.9821068065519095]
[32465,32462,1.0,0.9938804711395797]
[95647,72544,1.0,0.4415381057402615]
[95647,72547,1.0,0.4415381057402615]
[95647,72556,1.0,0.4721353779381424]
[95647,84718,1.0,0.647765771034897]
[95656,95647,1.0,0.9316292302160465]
[95656,84718,1.0,0.4043178709569981]
[95656,95650,1.0,0.8742867309281016]
[72544,65474,1.0,0.4632654288628402]
[72547,65474,1.0,0.4632654288628402]
[72547,72544,1.0,0.983432842913599]
[72550,72544,1.0,0.9886151790896441]
[72550,72547,1.0,0.963882994206009]
[74949,45735,1.0,0.41833227291848774]
[74949,72544,1.0,0.4667439295933191]
[74949,72547,1.0,0.4667439295933191]
[74949,72550,1.0,0.4322011427411245]
[74949,72556,1.0,0.4911143879235677]
[72556,65474,1.0,0.46817329867572216]
[72556,72544,1.0,0.9910149508065733]
[72556,72547,1.0,0.9711480287843741]
[72556,72550,1.0,0.9803250075378803]
[72556,72553,1.0,0.9355936864607486]
[84718,84712,1.0,0.9952227536000962]
[84718,74949,1.0,0.49706300716784946]
[84718,84715,1.0,0.9345495145656827]
[72553,65474,1.0,0.5812044965540769]
[72553,72544,1.0,0.956899335276403]
[72553,72547,1.0,0.9110460009214677]
[72553,72550,1.0,0.9280249452982006]
[95650,95647,1.0,0.9877726362494229]
[95650,72544,1.0,0.4415381057402615]
[95650,72547,1.0,0.4415381057402615]
[95650,72556,1.0,0.4721353779381424]
[95650,84718,1.0,0.7616488466529957]
[84715,84712,1.0,0.8525059100783544]
[17313,17310,1.0,0.9935232542398809]
[17316,17310,1.0,0.9931905064527496]
[17316,17313,1.0,0.9829540271108769]
[15933,15930,1.0,0.9934197647450789]
[15936,15933,1.0,0.9934197647450789]
[15936,15930,1.0,0.991273886931284]
[24631,24628,1.0,0.991798523789273]
[43828,43825,1.0,0.9925282939886803]
[43834,43825,1.0,0.9351180590254353]
[43834,43828,1.0,0.9351180590254353]
[23555,23552,1.0,0.9121340592445609]
[115974,15252,1.0,0.40209500796224534]
[23561,23555,1.0,0.6738309186001559]
[23561,23552,1.0,0.8837108368653458]
[23561,23558,1.0,0.6947874769041504]
[23558,23555,1.0,0.5329653644322687]
[23558,23552,1.0,0.9713310662461235]
[54678,26015,1.0,0.43332011107935564]
[16041,16038,1.0,0.9912498675642931]
[96844,86073,1.0,0.42139725651380894]
[126244,126241,1.0,0.9952227536000962]
[90650,90647,1.0,0.827891137103614]
[90650,90644,1.0,0.875550095077725]
[95685,95682,1.0,0.9588359659916239]
[98194,98191,1.0,0.8180644180518813]
[90647,90644,1.0,0.9846627702067244]
[118191,27605,1.0,0.4359799951906861]
[86176,86173,1.0,0.9952227536000962]
[106567,31630,1.0,0.4058556102476503]
[86179,86176,1.0,0.992032811459589]
[86179,86173,1.0,0.992032811459589]
[128139,128136,1.0,0.9927904021198166]
[88659,36334,1.0,0.45453858785541174]
[29249,29246,1.0,0.9869705718919799]
[83409,83403,1.0,0.9895626102097858]
[83409,83406,1.0,0.9790797149002443]
[83406,83403,1.0,0.9899074872227256]
[94139,40467,1.0,0.5032560262231098]
[52296,40467,1.0,0.6433564884697544]
[115653,40467,1.0,0.42202713697510896]
[40467,34475,1.0,0.4198091881052247]
[53243,40467,1.0,0.5312431450807945]
[79267,40467,1.0,0.4727106543366928]
[61504,40467,1.0,0.43041183951664375]
[68902,40467,1.0,0.6307436046808881]
[115671,40467,1.0,0.448972796880542]
[113220,40467,1.0,0.4888211973244653]
[118519,40467,1.0,0.5277280475405995]
[82412,40467,1.0,0.6329618996808916]
[99481,40467,1.0,0.5223660783624108]
[98991,98988,1.0,0.9952227536000962]
[98991,53337,1.0,0.4572974663900361]
[98991,42127,1.0,0.4571375043302387]
[98991,24289,1.0,0.748933230129229]
[106678,98991,1.0,0.6852945644069294]
[106678,98997,1.0,0.6852945644069294]
[106678,98994,1.0,0.6491800867161515]
[98997,98988,1.0,0.9877726362494229]
[98997,53337,1.0,0.5427683475207978]
[98997,98991,1.0,0.9877726362494229]
[98997,98994,1.0,0.9871430086068846]
[98997,42127,1.0,0.4571375043302387]
[98997,24289,1.0,0.748933230129229]
[98997,25980,1.0,0.45130786195959116]
[98997,59728,1.0,0.44262152135698024]
[98994,98988,1.0,0.9949785116292866]
[98994,53337,1.0,0.4778937020059064]
[98994,98991,1.0,0.9949785116292866]
[98994,48817,1.0,0.41193222629770193]
[98994,42127,1.0,0.4791878093317533]
[98994,24289,1.0,0.7643127219412326]
[106107,98991,1.0,0.4185423719294777]
[106107,98997,1.0,0.4185423719294777]
[106107,98994,1.0,0.4322989524970491]
[54121,30191,1.0,0.43792958517172487]
[55303,46929,1.0,0.452189743850517]
[29998,29995,1.0,0.9732151988666526]
[29998,29989,1.0,0.9732151988666526]
[29995,29989,1.0,0.9941331399080218]
[81459,81456,1.0,0.9668614462795457]
[81462,81459,1.0,0.9832109866356551]
[81462,81456,1.0,0.9681541558447736]
[43938,7812,1.0,0.5569953617916096]
[60872,28874,1.0,0.42009458385054776]
[115066,47353,1.0,0.43847497446066896]
[89167,68038,1.0,0.5160290480013463]
[89167,89164,1.0,0.9216358024142117]
[89164,68038,1.0,0.5563145924166657]
[89170,89167,1.0,0.9891778750532054]
[89170,68038,1.0,0.747811341251201]
[89170,89164,1.0,0.9952227536000962]
[2257,2251,1.0,0.9677455875907668]
[2257,2254,1.0,0.99133259848331]
[101506,101503,1.0,0.9877726362494229]
[87393,87384,1.0,0.9305006299552656]
[87393,87387,1.0,0.9865575935759497]
[87393,87381,1.0,0.9871356659376284]
[87393,87390,1.0,0.9305922432873031]
[87384,87381,1.0,0.9563555935669837]
[27753,27744,1.0,0.9952227536000962]
[27753,27750,1.0,0.8932360809735842]
[2263,2251,1.0,0.9921471266607758]
[2263,2257,1.0,0.9534259471359433]
[2263,2254,1.0,0.919392803137821]
[2263,2260,1.0,0.9742791744701121]
[2254,2251,1.0,0.9419755141445213]
[2756,1384,1.0,0.5002270293485811]
[87387,87384,1.0,0.9188406136714302]
[87387,87381,1.0,0.9847512675209443]
[34083,1384,1.0,0.5879334170067898]
[34083,2756,1.0,0.47665639248526565]
[2260,2251,1.0,0.9832151371380196]
[2260,2257,1.0,0.94777813974402]
[2260,2254,1.0,0.9101207269648127]
[47862,2263,1.0,0.470060308046674]
[41557,1384,1.0,0.4306033052105339]
[41557,34083,1.0,0.43948087870246744]
[87390,87384,1.0,0.910212974426355]
[87390,87387,1.0,0.983157075535984]
[87390,87381,1.0,0.9851234861400774]
[45512,1384,1.0,0.4721971322103196]
[4076,2756,1.0,0.4404139770375559]
[101509,101506,1.0,0.6759617907014547]
[101509,101503,1.0,0.7521230216465308]
[94210,2756,1.0,0.4243230708159911]
[94210,41557,1.0,0.4152861106559113]
[27750,27744,1.0,0.8802997902334965]
[101512,101506,1.0,0.9877726362494229]
[101512,101503,1.0,0.9952227536000962]
[101512,101509,1.0,0.7521230216465308]
[28324,28318,1.0,0.8040841422818769]
[28324,28321,1.0,0.6258310054681814]
[28321,28318,1.0,0.9682648346073881]
[128560,128557,1.0,0.9805289795968533]
[128560,122644,1.0,0.5767387244786574]
[128560,122638,1.0,0.5767387244786574]
[122644,122638,1.0,0.9952227536000962]
[122644,99160,1.0,0.4320008108411399]
[122644,44977,1.0,0.46526173198849075]
[122638,99160,1.0,0.4320008108411399]
[122638,44977,1.0,0.46526173198849075]
[129376,122644,1.0,0.5104032079702326]
[129376,122638,1.0,0.5104032079702326]
[7453,7447,1.0,0.9848908751580815]
[7456,7447,1.0,0.9950711485237386]
[7456,7453,1.0,0.9844803735687458]
[109108,97237,1.0,0.40581907675293255]
[109108,22877,1.0,0.5076167568885951]
[109108,74777,1.0,0.4912787121145486]
[109108,32588,1.0,0.5212088686683483]
[37270,37267,1.0,0.6792266126880003]
[37276,37270,1.0,0.9916604192805095]
[37276,37267,1.0,0.7107673290772759]
[37276,37273,1.0,0.9944393446098015]
[37273,37270,1.0,0.9927904021198166]
[37273,37267,1.0,0.7158402539373543]
[40850,40847,1.0,0.7607554414119202]
[29455,29452,1.0,0.9904245712602918]
