[75142,75136,1.0,0.9893634412253401]
[75142,75133,1.0,0.976129523806132]
[126406,126403,1.0,0.6923703501856894]
[126406,126400,1.0,0.9942129708818666]
[88649,77892,1.0,0.48334074688207923]
[40175,40169,1.0,0.9722499719590979]
[40175,40172,1.0,0.9183899305946911]
[130599,117508,1.0,0.4710163699483871]
[130599,56988,1.0,0.5410599809813286]
[130599,61083,1.0,0.467250615282188]
[102468,36460,1.0,0.5497460056628635]
[36766,36763,1.0,0.9939191350930604]
[43931,40178,1.0,0.464301286817928]
[40178,40175,1.0,0.9756963294282613]
[40178,40169,1.0,0.9905564682541387]
[40178,40172,1.0,0.9423218516983415]
[42691,42688,1.0,0.9902913432757028]
[40400,5869,1.0,0.46433820648342733]
[126403,126400,1.0,0.7990066252165332]
[102712,68207,1.0,0.49379086147115286]
[4256,4253,1.0,0.5606777665276499]
[4256,4244,1.0,0.9727680411547357]
[126412,126406,1.0,0.4421822736777139]
[126412,126400,1.0,0.4421822736777139]
[44896,44893,1.0,0.9952227536000962]
[75136,75133,1.0,0.9952227536000962]
[4253,4244,1.0,0.8907207543531106]
[126105,126102,1.0,0.9443354379065587]
[75145,75142,1.0,0.9141512224823745]
[75145,75136,1.0,0.9736148779239925]
[75145,75133,1.0,0.9736148779239925]
[126108,42691,1.0,0.5012521859729825]
[126108,126102,1.0,0.9952227536000962]
[126108,126105,1.0,0.9499615179393622]
[40172,40169,1.0,0.9741016589941268]
[126409,126406,1.0,0.9828656368779981]
[126409,126403,1.0,0.6973777311694473]
[126409,126400,1.0,0.9855609439610235]
[24832,24826,1.0,0.9487497719422797]
[67680,67677,1.0,0.9902242393422002]
[24835,24832,1.0,0.9110160923873415]
[24835,24826,1.0,0.9868970946920999]
[24835,24829,1.0,0.4245116929706267]
[67683,67677,1.0,0.9611601840555658]
[67683,67680,1.0,0.9505629343827118]
[89322,89319,1.0,0.99379492272998]
[63357,63354,1.0,0.9952227536000962]
[24829,24826,1.0,0.4785418797625959]
[63360,63357,1.0,0.9946572280446236]
[63360,63354,1.0,0.9946572280446236]
[89328,89319,1.0,0.9952227536000962]
[89328,89322,1.0,0.99379492272998]
[89331,89319,1.0,0.9925500138987969]
[89331,89322,1.0,0.9904198056467429]
[89331,89328,1.0,0.9925500138987969]
[23683,2054,1.0,0.44628059056805214]
[64116,14981,1.0,0.5256421112206288]
[37395,9911,1.0,0.46126923020366906]
[68127,68124,1.0,0.9699340338538329]
[68127,9911,1.0,0.7457213888040645]
[68127,68121,1.0,0.9830615457577477]
[52165,2054,1.0,0.4593980235207631]
[67604,2054,1.0,0.4382010299179435]
[125919,125916,1.0,0.9927904021198166]
[125919,9911,1.0,0.42116284521049996]
[125916,9911,1.0,0.4288323637290993]
[114927,14981,1.0,0.41414773996225446]
[68124,9911,1.0,0.8684964070679327]
[68124,68121,1.0,0.9947803113316972]
[8470,8467,1.0,0.9428447450113205]
[8470,8464,1.0,0.9536856243912638]
[9911,1577,1.0,0.4850922691547935]
[68121,9911,1.0,0.8709433506773594]
[8473,8470,1.0,0.968621903709809]
[8473,8467,1.0,0.976104217751935]
[8473,8464,1.0,0.9877983859511641]
[64976,64970,1.0,0.9811994714269544]
[66822,37395,1.0,0.5129054207417214]
[66822,14981,1.0,0.47346690173548456]
[8467,8464,1.0,0.9848533191664199]
[62402,1577,1.0,0.5104726992379168]
[77439,77436,1.0,0.9952227536000962]
[77442,46066,1.0,0.4197120322594429]
[77442,77436,1.0,0.9952227536000962]
[77442,77439,1.0,0.9952227536000962]
[60006,60003,1.0,0.9924404302976614]
[16660,16651,1.0,0.9857484130768982]
[61193,61190,1.0,0.9812580791813882]
[61193,61184,1.0,0.9680653466923029]
[61193,61187,1.0,0.9811255553515418]
[61193,61181,1.0,0.9931505203759295]
[97944,97941,1.0,0.9495138299644398]
[61190,61184,1.0,0.9529054123024571]
[61190,61187,1.0,0.9556285242030879]
[61190,61181,1.0,0.9817741008995087]
[61196,61193,1.0,0.9862114583534711]
[61196,61190,1.0,0.9828321679822598]
[61196,61184,1.0,0.9589835426137274]
[61196,61187,1.0,0.9717357486352772]
[61196,61181,1.0,0.9891912088853747]
[13262,13259,1.0,0.9752979432880015]
[13262,13256,1.0,0.9784971699196191]
[13259,13256,1.0,0.9805919095565824]
[13265,13262,1.0,0.9425871773058369]
[13265,13259,1.0,0.8973586961762358]
[13265,13256,1.0,0.8736261215883718]
[97947,97944,1.0,0.9693039027398923]
[97947,97941,1.0,0.9918929277770574]
[61184,61181,1.0,0.9920088284032533]
[61187,61184,1.0,0.9351469441258717]
[61187,61181,1.0,0.9862196138659348]
[80934,62725,1.0,0.6710073892275084]
[80934,51580,1.0,0.47759148851784317]
[31068,31065,1.0,0.993958142263311]
[31068,31062,1.0,0.993958142263311]
[124288,31065,1.0,0.4421781402187837]
[124288,31062,1.0,0.4421781402187837]
[124291,124288,1.0,0.9833407015764034]
[96048,31065,1.0,0.49256952244175695]
[96048,31062,1.0,0.49256952244175695]
[92280,31065,1.0,0.5945579971947422]
[92280,31062,1.0,0.5945579971947422]
[31065,31062,1.0,0.9952227536000962]
[65284,31068,1.0,0.4575785916255761]
[65284,31065,1.0,0.7353714276674834]
[65284,31062,1.0,0.7353714276674834]
[28743,28740,1.0,0.6603340493382309]
[9031,9028,1.0,0.978222178264418]
[9031,9025,1.0,0.9905564682541387]
[70360,70357,1.0,0.6543711470729383]
[79995,73994,1.0,0.4686225178635181]
[9028,9025,1.0,0.9835933092060454]
[90184,90175,1.0,0.9835867409443774]
[70363,70357,1.0,0.9293707904028837]
[9034,9031,1.0,0.9565638898208941]
[9034,9028,1.0,0.9742826476656535]
[9034,9025,1.0,0.9778030733220653]
[73994,68617,1.0,0.41717845941564763]
[50087,50084,1.0,0.9935047841791984]
[4161,4158,1.0,0.9917038292066669]
[4161,4155,1.0,0.9952227536000962]
[4158,4155,1.0,0.9946572280446236]
[78268,44678,1.0,0.4534366277716806]
[12149,1857,1.0,0.4177403647082073]
[22135,22129,1.0,0.9915972733907298]
[22135,22132,1.0,0.9707721027880162]
[22132,22129,1.0,0.9851600089358543]
[22138,22135,1.0,0.9798527990039971]
[22138,22129,1.0,0.9877726362494229]
[22138,22132,1.0,0.9626356147567174]
[31146,31140,1.0,0.8123759304378113]
[31146,31143,1.0,0.6575207087490434]
[31143,31140,1.0,0.9453071756390413]
[19246,10724,1.0,0.5009615664278443]
[55798,55795,1.0,0.9892819917996648]
[55798,55792,1.0,0.9952227536000962]
[55798,2936,1.0,0.4202078851698068]
[32976,10724,1.0,0.5033549194649087]
[44216,44213,1.0,0.9909728179801929]
[100951,66724,1.0,0.485011626561636]
[33872,10724,1.0,0.4502994692181828]
[124831,66724,1.0,0.601723194354059]
[55795,55792,1.0,0.9892819917996648]
[10724,4544,1.0,0.4331145216887211]
[55792,2936,1.0,0.42213336330529605]
[55801,55798,1.0,0.9934197647450789]
[55801,55795,1.0,0.9855376606941398]
[55801,55792,1.0,0.9934197647450789]
[87181,87178,1.0,0.967926137559601]
[44219,44213,1.0,0.9860240199739255]
[44219,44216,1.0,0.9840192400030213]
[95989,39888,1.0,0.5989992260451754]
[95989,71314,1.0,0.6448758817179089]
[95989,58255,1.0,0.514713377357397]
[95989,37601,1.0,0.5304428905934095]
[111451,111448,1.0,0.8225160155733415]
[111451,111445,1.0,0.9816032925661564]
[37604,37592,1.0,0.9952227536000962]
[37604,37598,1.0,0.9575356627250889]
[37604,37601,1.0,0.9952227536000962]
[111448,111445,1.0,0.964785609975765]
[71317,71314,1.0,0.9194727037914184]
[71317,71311,1.0,0.9477869737020166]
[71314,71311,1.0,0.9945658731879131]
[37598,37592,1.0,0.9575356627250889]
[71320,71314,1.0,0.9532980185232478]
[71320,71311,1.0,0.6218356674746987]
[71323,71317,1.0,0.9061685769800985]
[71323,71314,1.0,0.9776545623930015]
[71323,71311,1.0,0.9877726362494229]
[71323,71320,1.0,0.5190623964009021]
[65752,65749,1.0,0.986561341032257]
[37601,37592,1.0,0.9952227536000962]
[37601,37598,1.0,0.9575356627250889]
[606,603,1.0,0.9914929567252486]
[78216,78213,1.0,0.988413682643911]
[78216,78210,1.0,0.9744614859256533]
[67074,3866,1.0,0.44796449852090603]
[131104,78213,1.0,0.4338378006055195]
[78213,78210,1.0,0.9722749227064154]
[111214,71197,1.0,0.41451952390078806]
[71200,71197,1.0,0.9951128406123878]
[111736,82974,1.0,0.5807075261540714]
[11586,11583,1.0,0.9915109344753413]
[18222,11583,1.0,0.44663778243103114]
[18222,11586,1.0,0.44663778243103114]
[90125,90122,1.0,0.9435757433873435]
[90128,90125,1.0,0.8743198705152561]
[90128,90122,1.0,0.9861464120448776]
[85378,7829,1.0,0.40473252946166205]
[15068,15062,1.0,0.9768495835349286]
[15068,15065,1.0,0.9474690476885763]
[15065,15062,1.0,0.9877726362494229]
[59177,59174,1.0,0.9886693161189696]
[78516,20979,1.0,0.524507352996281]
[78516,15111,1.0,0.4301518360731569]
[78516,52741,1.0,0.44390763940153194]
[122872,122869,1.0,0.9739175054780486]
[52070,17181,1.0,0.5078567133167985]
[94170,17181,1.0,0.549623326985158]
[56694,17181,1.0,0.4688628350578243]
[91983,39787,1.0,0.42040161075976384]
[58573,58570,1.0,0.9793342417966953]
[58573,58564,1.0,0.9820729461442631]
[58576,58573,1.0,0.9841471510734162]
[58576,58570,1.0,0.9930637849180971]
[58576,58564,1.0,0.9942575265695044]
[58570,58564,1.0,0.9942129708818666]
[79605,79599,1.0,0.992401980840966]
[19899,19896,1.0,0.9877726362494229]
[55784,39787,1.0,0.4165821944966501]
[19905,19899,1.0,0.4293924234309196]
[19905,19896,1.0,0.5120247946787639]
[119694,55784,1.0,0.5150373567576954]
[95596,95593,1.0,0.9829718548806782]
[79602,79599,1.0,0.4428218660719664]
[129199,119694,1.0,0.7682402436363022]
[31627,31624,1.0,0.9950198389614197]
[45187,45181,1.0,0.9443680968150387]
[45190,45187,1.0,0.9395330824442015]
[45190,45181,1.0,0.9863176486043082]
[31602,31596,1.0,0.9889469435919268]
[48743,48740,1.0,0.9921471266607758]
[124080,5991,1.0,0.5293416741112514]
[62891,62888,1.0,0.968675337368472]
[82925,82919,1.0,0.9934197647450789]
[62894,62891,1.0,0.9303000749898569]
[62894,62888,1.0,0.9843411015379496]
[121312,121309,1.0,0.9690639141958391]
[121315,121309,1.0,0.9257218648713954]
[121315,121312,1.0,0.6844287151169844]
[79091,79088,1.0,0.9075352980875565]
[19388,19382,1.0,0.8535333883091629]
[19388,19385,1.0,0.7353747914816314]
[19385,19382,1.0,0.9922586096902217]
[49189,49186,1.0,0.9912498675642931]
[51274,38949,1.0,0.4558783797509031]
[3503,3500,1.0,0.9933677579237732]
[73297,51274,1.0,0.4557240270341846]
[73297,9330,1.0,0.4864449421609065]
[73297,17961,1.0,0.44995007966717226]
[84665,84662,1.0,0.9853300846766916]
[84665,44883,1.0,0.5026494051236788]
[89856,73297,1.0,0.7842442561957976]
[89856,53587,1.0,0.5816795091989108]
[89856,89847,1.0,0.9952227536000962]
[89856,89850,1.0,0.9777180593867866]
[89856,89853,1.0,0.9912124474460464]
[45146,9330,1.0,0.4755439479237384]
[49384,49381,1.0,0.7422094639668574]
[89850,89847,1.0,0.9777180593867866]
[49192,49186,1.0,0.9877726362494229]
[49192,49189,1.0,0.9839203319295544]
[3506,3500,1.0,0.9915109344753413]
[3506,3503,1.0,0.9809450763188479]
[89859,89856,1.0,0.987700044645388]
[89859,89847,1.0,0.9644739377350552]
[89859,89850,1.0,0.9342029220065038]
[89859,89853,1.0,0.9504845402336395]
[132451,9330,1.0,0.5610540163958069]
[59230,17961,1.0,0.4441873091560559]
[84668,84665,1.0,0.988934812387235]
[84668,84662,1.0,0.9905564682541387]
[89853,89847,1.0,0.9837114050602821]
[89853,89850,1.0,0.93755490317117]
[68075,67110,1.0,0.4351022021440334]
[70207,67110,1.0,0.4162753098453388]
[68078,68075,1.0,0.99197389530156]
[68078,67110,1.0,0.41224820673985474]
[84629,67110,1.0,0.4521375502964466]
[67110,7971,1.0,0.48577086922199314]
[67110,20508,1.0,0.4490833022961881]
[67110,17553,1.0,0.5135197022291127]
[67110,5946,1.0,0.5711951140271692]
[67110,67107,1.0,0.9938647243311929]
[67110,67104,1.0,0.9938647243311929]
[115635,67110,1.0,0.5393162076078757]
[73276,67110,1.0,0.6709318734146364]
[67107,67104,1.0,0.9886684500893549]
[94513,67110,1.0,0.45730417807447]
[94987,67110,1.0,0.4671305341091714]
[68081,68075,1.0,0.9952227536000962]
[68081,68078,1.0,0.9877871945724703]
[68081,67110,1.0,0.4351022021440334]
[22599,22593,1.0,0.9885510244585417]
[22599,22596,1.0,0.9804129642404936]
[74828,74825,1.0,0.9952227536000962]
[74346,74337,1.0,0.4242328608603623]
[63749,63746,1.0,0.988421098306559]
[87246,87243,1.0,0.9946572280446236]
[74831,74825,1.0,0.978028941686844]
[74831,74828,1.0,0.978028941686844]
[43355,43352,1.0,0.9911335012460349]
[23313,23310,1.0,0.9927904021198166]
[22596,22593,1.0,0.9914756223331858]
[74343,74337,1.0,0.957399289500178]
[32594,32591,1.0,0.9778133640756704]
[63752,63749,1.0,0.9728486399794553]
[63752,63746,1.0,0.9880220473501452]
[43358,42173,1.0,0.4073624786205836]
[43358,43355,1.0,0.9672690261846739]
[43358,43352,1.0,0.9762105616270892]
[102681,102678,1.0,0.6260333110478471]
[97540,63755,1.0,0.5440983423772731]
[63755,60387,1.0,0.40255485959481324]
[63755,63749,1.0,0.9952227536000962]
[63755,54250,1.0,0.6219285414915195]
[63755,26619,1.0,0.5577192329854965]
[63755,63752,1.0,0.9931874230509155]
[63755,63746,1.0,0.9952227536000962]
[43352,42173,1.0,0.4073624786205836]
[90279,63755,1.0,0.41140596557419534]
[100240,100237,1.0,0.8670727884983177]
[6380,6377,1.0,0.9009842362791838]
[5024,5021,1.0,0.9678340815299235]
[6383,6377,1.0,0.9929318100825512]
[6383,6380,1.0,0.7891442051880064]
[101571,101568,1.0,0.9746078014427187]
[94083,94077,1.0,0.9929984661036967]
[94083,94080,1.0,0.9882554874802517]
[2935,2932,1.0,0.9391511967774536]
[2935,2929,1.0,0.9581758925010587]
[2932,2929,1.0,0.9924234816517693]
[101593,61221,1.0,0.4706869002423762]
[35342,35339,1.0,0.9952227536000962]
[74930,18991,1.0,0.489240337064475]
[74930,72734,1.0,0.508747039991778]
[74930,61353,1.0,0.4149874627329748]
[98496,94083,1.0,0.6046547003285079]
[98496,94080,1.0,0.6945389053306009]
[98496,58075,1.0,0.4903354157573535]
[94080,94077,1.0,0.994754850866769]
[94080,74930,1.0,0.4971051410397355]
[58638,58635,1.0,0.9929656098316996]
[58075,18991,1.0,0.4009369133345065]
[115675,115672,1.0,0.9912124474460464]
[72734,58075,1.0,0.48708977993929675]
[61353,58075,1.0,0.6839993726988269]
[42370,42367,1.0,0.8788340704582934]
[42370,42364,1.0,0.9945658729539499]
[42367,42364,1.0,0.8494411215312913]
[310,307,1.0,0.9899391153869118]
[115965,5114,1.0,0.5872079867283854]
[115965,24096,1.0,0.6544601772244473]
[70652,42370,1.0,0.44386267360956033]
[15666,15663,1.0,0.9749891527188602]
[14228,14222,1.0,0.9324390894788567]
[14228,14225,1.0,0.7520711852635054]
[60165,60159,1.0,0.9698762889492096]
[60168,60165,1.0,0.9479629465259188]
[60168,60159,1.0,0.9907453314477414]
[90803,85391,1.0,0.41141429271693414]
[120658,120652,1.0,0.9879563463247596]
[120658,120655,1.0,0.9940614722313001]
[114628,98401,1.0,0.41802240461844586]
[43893,43890,1.0,0.9853005974867761]
[100183,75685,1.0,0.5613327766659719]
[98401,90803,1.0,0.526606994489061]
[98401,46402,1.0,0.4793468816665113]
[120655,120652,1.0,0.9902913432757028]
[46402,46399,1.0,0.9933607062578763]
[46402,7225,1.0,0.40369824129441884]
[14225,14222,1.0,0.7689391460469884]
[72991,72985,1.0,0.9952227536000962]
[93166,75906,1.0,0.4256620053282445]
[93166,75900,1.0,0.4812720521007183]
[93166,75897,1.0,0.4812720521007183]
[93166,29668,1.0,0.5641905267951196]
[75906,75900,1.0,0.9898279185120271]
[75906,75897,1.0,0.99253538807031]
[75900,75897,1.0,0.9933550320030448]
[64991,62960,1.0,0.4823993145216874]
[31291,31288,1.0,0.7373797675320541]
[31291,31285,1.0,0.9600346564540401]
[117928,38580,1.0,0.4013828367288928]
[117928,20257,1.0,0.487905179568176]
[36600,36597,1.0,0.5872300019731729]
[62046,62043,1.0,0.9905564682541387]
[31288,31285,1.0,0.9644478979728682]
[72375,70374,1.0,0.40465283145184067]
[31294,31291,1.0,0.9086181038624381]
[31294,31288,1.0,0.8998549784253309]
[31294,31285,1.0,0.9824095420148018]
[122406,80236,1.0,0.4940299119100145]
[8997,8994,1.0,0.9863150029779223]
[92445,92442,1.0,0.9891124386906794]
[38580,36597,1.0,0.6054722589010456]
[115021,72375,1.0,0.47502488331027226]
[115021,38580,1.0,0.6509494798542718]
[115021,36400,1.0,0.5643371447209093]
[115021,20257,1.0,0.5889929118531881]
[38041,38032,1.0,0.9409556617670994]
[38041,38035,1.0,0.9409556617670994]
[52782,52779,1.0,0.9844903062099544]
[128437,128434,1.0,0.9914729588753374]
[62049,62046,1.0,0.9859837102426589]
[62049,62043,1.0,0.9926278674655746]
[128101,70374,1.0,0.4572973507021298]
[124012,115021,1.0,0.4785101682512169]
[124012,124009,1.0,0.9948211525687517]
[9000,8997,1.0,0.9872145641840789]
[9000,8994,1.0,0.9946572280446236]
[86694,38580,1.0,0.40920840247422835]
[86694,10035,1.0,0.4641539196197028]
[9003,8997,1.0,0.9265357585198579]
[9003,9000,1.0,0.9536808418237416]
[9003,8994,1.0,0.9548598021980483]
[9006,8997,1.0,0.9280733014542851]
[9006,9000,1.0,0.9135940193001716]
[9006,8994,1.0,0.9374710302449778]
[9006,9003,1.0,0.7397673423738725]
[38035,16337,1.0,0.5917573348473015]
[38035,36400,1.0,0.509252801679863]
[38035,38032,1.0,0.9952227536000962]
[70669,70666,1.0,0.9311245808569827]
[59995,59989,1.0,0.49274279052871967]
[59995,59992,1.0,0.9106538897212674]
[47440,1868,1.0,0.6735318875282781]
[65444,65441,1.0,0.9519904097060742]
[65444,65438,1.0,0.9687737710001539]
[65444,65432,1.0,0.971028883808557]
[65444,65435,1.0,0.9304154439896458]
[65441,65438,1.0,0.9616384039246616]
[65441,65432,1.0,0.9911457621988602]
[65441,65435,1.0,0.9849526270034002]
[81699,59992,1.0,0.5219785085100458]
[4354,3439,1.0,0.43100443205353606]
[44891,1868,1.0,0.6318923564529934]
[44891,3439,1.0,0.4778367732164002]
[99658,59992,1.0,0.5262451654834565]
[98260,98257,1.0,0.9545054930155442]
[113169,59992,1.0,0.43646789351202675]
[98263,98257,1.0,0.9952227536000962]
[98263,98260,1.0,0.9545054930155442]
[59989,44891,1.0,0.5489318552529852]
[59989,3439,1.0,0.44785993705129656]
[59989,58354,1.0,0.5011761994347438]
[49222,3439,1.0,0.6675283466178957]
[59992,4354,1.0,0.4385781846152755]
[59992,48795,1.0,0.4024606485149966]
[59992,44891,1.0,0.5489318552529852]
[59992,14507,1.0,0.427612438865331]
[59992,1868,1.0,0.65526768911262]
[59992,59989,1.0,0.9952227536000962]
[59992,7774,1.0,0.5364927094692636]
[59992,3439,1.0,0.44785993705129656]
[59992,58354,1.0,0.5011761994347438]
[127071,127065,1.0,0.9494691844193406]
[127071,18977,1.0,0.4099374966494482]
[127071,127068,1.0,0.9437037247608642]
[127071,80948,1.0,0.5238615345831045]
[65438,1868,1.0,0.4982631339529993]
[65438,65432,1.0,0.9773317658806856]
[65438,65435,1.0,0.9570226129303415]
[122434,59992,1.0,0.42754068135322304]
[3439,1868,1.0,0.5813942871765485]
[48783,48780,1.0,0.9070211231685509]
[65435,65432,1.0,0.9860383553776667]
[127068,127065,1.0,0.9922767444573848]
[127068,1868,1.0,0.4752956356358666]
[58354,1868,1.0,0.46072620401812064]
[52543,52540,1.0,0.9952227536000962]
[52546,52543,1.0,0.9704578856924909]
[52546,52540,1.0,0.9704578856924909]
[35226,16049,1.0,0.47607729693175843]
[83211,35226,1.0,0.5110064963591031]
[52549,52543,1.0,0.9930676807585843]
[52549,52546,1.0,0.9506573417317816]
[52549,52540,1.0,0.9930676807585843]
[68645,68642,1.0,0.9923619150894543]
[68648,68645,1.0,0.9844353143910852]
[68648,68642,1.0,0.9899129627932696]
[72220,371,1.0,0.46152754952385106]
[374,371,1.0,0.99133259848331]
[374,365,1.0,0.987515796851709]
[374,368,1.0,0.977389120942691]
[371,365,1.0,0.9952227536000962]
[371,368,1.0,0.9911457621988602]
[82618,371,1.0,0.5197375020929407]
[24519,24516,1.0,0.9940413026065368]
[68651,68645,1.0,0.9135769527576701]
[68651,68648,1.0,0.880485701664913]
[68651,68642,1.0,0.936591995910937]
[50894,50891,1.0,0.9905564682541387]
[368,365,1.0,0.9911457621988602]
[39349,39346,1.0,0.9860876190870637]
[39349,39343,1.0,0.9894882120995059]
[84153,62724,1.0,0.44203461389528337]
[84256,50703,1.0,0.4198458947366594]
[113116,113113,1.0,0.9910451995554023]
[39346,39343,1.0,0.98221665349447]
[75712,75097,1.0,0.45443544413892956]
[75712,74313,1.0,0.5535522168780416]
[75712,27511,1.0,0.581913724006183]
[75712,50703,1.0,0.5730695450969899]
[89304,9477,1.0,0.4371897553451878]
[125602,125599,1.0,0.9935047841791984]
[58390,58387,1.0,0.4953168223769984]
[27881,27878,1.0,0.9696636498802185]
[48167,48164,1.0,0.9777195802747922]
[26684,26681,1.0,0.9796578525304627]
[131221,122023,1.0,0.5711809666741406]
[80567,42135,1.0,0.5406346591890451]
[114220,80567,1.0,0.7359984790472831]
[114220,53057,1.0,0.45814364203965713]
[114220,100735,1.0,0.6211096854352424]
[114220,37545,1.0,0.6647675593568939]
[114220,74085,1.0,0.5072332408723392]
[114220,1850,1.0,0.4570098745515574]
[114220,90065,1.0,0.5152173737592564]
[100735,42135,1.0,0.46106541517225524]
[53001,52998,1.0,0.9729411290513728]
[123312,114220,1.0,0.6027572713078108]
[123312,123303,1.0,0.9952227536000962]
[123312,123309,1.0,0.9877726362494229]
[123312,123306,1.0,0.9882724649312499]
[123309,123303,1.0,0.9877726362494229]
[123309,123306,1.0,0.9723088820852548]
[98865,98862,1.0,0.9941331399080218]
[131653,131647,1.0,0.7606904029433688]
[131653,131650,1.0,0.7056512433930853]
[87871,87868,1.0,0.9888894973786009]
[68454,42135,1.0,0.4713540218736697]
[122023,80567,1.0,0.5118314207293501]
[122023,53057,1.0,0.5769232318775964]
[122023,114220,1.0,0.6298986191907344]
[122023,100735,1.0,0.4609770772657498]
[122023,18848,1.0,0.41768881675856917]
[122023,69296,1.0,0.4788696889713724]
[122023,74085,1.0,0.7864202740643712]
[122023,22999,1.0,0.5106675699390093]
[122023,60546,1.0,0.5486955616953657]
[122023,3040,1.0,0.4739948693598545]
[122023,24230,1.0,0.47622519722460355]
[122023,68200,1.0,0.4013779857304601]
[122023,98862,1.0,0.42110748288380406]
[122023,98865,1.0,0.42110748288380406]
[122023,87871,1.0,0.5405579520380062]
[122023,121936,1.0,0.4580472606955893]
[122023,97587,1.0,0.4439112218152354]
[122023,118536,1.0,0.8771523525509575]
[122023,24515,1.0,0.4751687769377066]
[122023,68454,1.0,0.5346434533986804]
[122023,42135,1.0,0.5532425170188624]
[122023,78402,1.0,0.7561424224444091]
[122023,17497,1.0,0.4968034057734527]
[122023,87868,1.0,0.5613828488241632]
[122023,78123,1.0,0.4588937492980828]
[122023,1850,1.0,0.6307156935749938]
[122023,55787,1.0,0.4136931723447183]
[123306,123303,1.0,0.9798801960874602]
[42135,37545,1.0,0.41643998752131417]
[42135,24230,1.0,0.40636566962577614]
[131650,131647,1.0,0.9927742648919292]
[131986,80567,1.0,0.6607792402882978]
[131986,123312,1.0,0.45232117937195077]
[131986,122023,1.0,0.6528938514488979]
[85747,80567,1.0,0.4522335238302187]
[90065,74085,1.0,0.42832193774726185]
[90065,24515,1.0,0.6092116607659578]
[90065,42135,1.0,0.41969008577338446]
[39786,39783,1.0,0.9952227536000962]
[38929,38926,1.0,0.9877812743869288]
[41213,16294,1.0,0.421877845260947]
[90920,3197,1.0,0.40832018577297]
[40151,16294,1.0,0.4091192074957862]
[40151,40145,1.0,0.9946939993737459]
[96088,90076,1.0,0.4752904420468271]
[90082,90073,1.0,0.94314074975528]
[90082,90079,1.0,0.8988167889991575]
[90082,90076,1.0,0.9514201870594762]
[38932,38926,1.0,0.9927904021198166]
[38932,38929,1.0,0.9810675129406619]
[90085,90073,1.0,0.9327391339090643]
[90085,90082,1.0,0.9241115960789817]
[90085,90079,1.0,0.880553226528435]
[90085,90076,1.0,0.9420447193379876]
[90079,90073,1.0,0.9905564682541387]
[90079,90076,1.0,0.983707599119832]
[39789,39786,1.0,0.9698762889492096]
[39789,39783,1.0,0.9698762889492096]
[40145,16294,1.0,0.4155847002089834]
[23223,16294,1.0,0.6054596488799303]
[23978,16294,1.0,0.4981847705108884]
[66118,16294,1.0,0.5987187375418875]
[90076,38926,1.0,0.43015905251360553]
[90076,38929,1.0,0.4993424033973542]
[90076,90073,1.0,0.9914651780633009]
[70964,16294,1.0,0.543464636881714]
[39792,39789,1.0,0.4396269736331145]
[874,868,1.0,0.8253475370513081]
[9878,9875,1.0,0.9952227536000962]
[9881,9878,1.0,0.9916906654424306]
[9881,9875,1.0,0.9825598957484821]
[85204,85201,1.0,0.8336858764493266]
[85201,9878,1.0,0.4133941123554235]
[85201,47077,1.0,0.48742741167247833]
[120952,63905,1.0,0.5854684993580203]
[63899,63896,1.0,0.9952227536000962]
[63905,63899,1.0,0.9952227536000962]
[63905,7061,1.0,0.417021341945937]
[63905,63896,1.0,0.9952227536000962]
[63905,63902,1.0,0.9932537467430427]
[63905,38075,1.0,0.7570265495992057]
[63902,63899,1.0,0.9882094482810354]
[63902,63896,1.0,0.9882094482810354]
[63908,63899,1.0,0.9909178282571507]
[63908,63905,1.0,0.9909178282571507]
[63908,63896,1.0,0.9909178282571507]
[63908,63902,1.0,0.987471720930222]
[112762,112759,1.0,0.9879864505635564]
[112765,112759,1.0,0.992961173966485]
[112765,112762,1.0,0.9827332906942772]
[44529,44526,1.0,0.9900592205763161]
[44532,44529,1.0,0.9900592205763161]
[44532,44526,1.0,0.9952227536000962]
[44538,44529,1.0,0.9690308961205178]
[44538,44532,1.0,0.9770313957529894]
[44538,44526,1.0,0.9770313957529894]
[127020,127017,1.0,0.9793312449467435]
[124401,47825,1.0,0.4210073616778788]
[96561,76612,1.0,0.4278493911900389]
[76618,76609,1.0,0.738720974264421]
[76618,76612,1.0,0.9692754356732488]
[76615,76609,1.0,0.92824525100914]
[76615,76612,1.0,0.9208153133331864]
[76612,76609,1.0,0.9925534575285432]
[2912,2909,1.0,0.993172515220938]
[70138,10531,1.0,0.5094052409893014]
[70138,35840,1.0,0.43302993699397235]
[48310,48307,1.0,0.9787551385684479]
[48316,48310,1.0,0.9315926109039391]
[48316,48307,1.0,0.9807396194097884]
[48316,48313,1.0,0.9877539893426522]
[76898,76892,1.0,0.9824124009464664]
[48313,48310,1.0,0.967186078285078]
[48313,48307,1.0,0.9921053566973878]
[76904,76898,1.0,0.9674201086249106]
[76904,76892,1.0,0.9905564682541387]
[76904,76901,1.0,0.993833290446873]
[76901,76898,1.0,0.9626324124411672]
[76901,76892,1.0,0.9885828429138224]
[18608,18605,1.0,0.993833290446873]
[18611,18608,1.0,0.9865363245174824]
[18611,18605,1.0,0.9815462078020842]
[18614,18608,1.0,0.9862762315863814]
[18614,18611,1.0,0.9639528969588148]
[18614,18605,1.0,0.989117654531713]
[124185,29811,1.0,0.5130382715927122]
[14753,14750,1.0,0.9859369605433117]
[18105,18099,1.0,0.9940396568789889]
[18105,18102,1.0,0.992791286396447]
[18111,18105,1.0,0.8511231735398481]
[18111,18099,1.0,0.8703844040343502]
[18111,18108,1.0,0.8059077359130535]
[18111,18102,1.0,0.8550510454060062]
[75130,75127,1.0,0.9782825746165903]
[75130,75124,1.0,0.9942129708818666]
[18108,18105,1.0,0.9917667603010073]
[18108,18099,1.0,0.9933497845215157]
[18108,18102,1.0,0.9920930854264836]
[18102,18099,1.0,0.9929348054604095]
[75127,75124,1.0,0.9863707734172142]
[18114,18105,1.0,0.9923080913183019]
[18114,18111,1.0,0.8113508421134952]
[18114,18099,1.0,0.993833290446873]
[18114,18108,1.0,0.9826725707396894]
[18114,18102,1.0,0.9926792874777133]
[67679,60349,1.0,0.41234746148169804]
[67679,67673,1.0,0.9952227536000962]
[67679,21843,1.0,0.4414611922058978]
[67679,40039,1.0,0.5116218231200393]
[67679,67676,1.0,0.9934415995002976]
[67676,67673,1.0,0.9934415995002976]
[83703,83700,1.0,0.9619143385755197]
[67682,67673,1.0,0.9929318100825512]
[67682,67679,1.0,0.9929318100825512]
[67682,67676,1.0,0.9904027736805434]
[80304,80301,1.0,0.9874360250207387]
[90309,90300,1.0,0.9873872968037148]
[90309,90303,1.0,0.9669829019300948]
[90309,90306,1.0,0.9656139815577353]
[90303,90300,1.0,0.9863697286551297]
[131686,91757,1.0,0.45406795126793315]
[131686,16336,1.0,0.4298803799714914]
[90306,90300,1.0,0.965768235219158]
[90306,90303,1.0,0.9198704288867205]
[73251,26286,1.0,0.41044743096179737]
[73251,73248,1.0,0.9924104275673864]
[73251,26280,1.0,0.41044743096179737]
[70790,26286,1.0,0.4407950656218749]
[70790,26283,1.0,0.43567440083075554]
[70790,26280,1.0,0.4407950656218749]
[26289,2874,1.0,0.7536508761817042]
[26289,26286,1.0,0.9915736799387026]
[26289,26283,1.0,0.9921766901372334]
[26289,26280,1.0,0.9915736799387026]
[113446,113440,1.0,0.9952227536000962]
[73257,73251,1.0,0.9748944759940401]
[73257,73254,1.0,0.9701562387204986]
[73257,73248,1.0,0.9780765977659551]
[73254,73251,1.0,0.989673102689138]
[73254,73248,1.0,0.9898767933015714]
[121810,113446,1.0,0.43613489250003384]
[26286,2874,1.0,0.8291428670606891]
[26286,26283,1.0,0.9945658731879131]
[26286,26280,1.0,0.9952227536000962]
[26283,2874,1.0,0.8215776708334888]
[26283,26280,1.0,0.9909728179801929]
[113449,113440,1.0,0.9913719155278211]
[113449,113446,1.0,0.9913719155278211]
[26280,2874,1.0,0.8291428670606891]
[113452,113440,1.0,0.8929513602955947]
[113452,113446,1.0,0.8929513602955947]
[113452,113449,1.0,0.8851982377205506]
[20620,20617,1.0,0.9753692968602347]
[62191,62188,1.0,0.9912091094950982]
[87932,87929,1.0,0.9952227536000962]
[87935,87929,1.0,0.9884375416376]
[87935,87932,1.0,0.9884375416376]
[116014,116011,1.0,0.9927904021198166]
[97263,97260,1.0,0.9867593649390504]
[68908,68905,1.0,0.9905564682541387]
[74786,68908,1.0,0.41810241485110594]
[74786,611,1.0,0.46246848295655346]
[74786,68905,1.0,0.4060263879914135]
[80864,80861,1.0,0.9952227536000962]
[80870,80864,1.0,0.694309052708656]
[80870,80867,1.0,0.694309052708656]
[80870,80861,1.0,0.694309052708656]
[46503,46500,1.0,0.5649941747932791]
[46512,46503,1.0,0.5649941747932791]
[46512,46500,1.0,0.9952227536000962]
[80867,80864,1.0,0.9952227536000962]
[80867,80861,1.0,0.9952227536000962]
[108184,108181,1.0,0.9849696486617141]
[127828,22201,1.0,0.45250896761308373]
[90504,90495,1.0,0.9917038292066669]
[90504,90498,1.0,0.9878186124177727]
[90504,90501,1.0,0.49477326543196065]
[90498,90495,1.0,0.9927742648919292]
[90501,90495,1.0,0.5542148452679589]
[90501,90498,1.0,0.5012805265081712]
[39572,39569,1.0,0.9730682440313314]
[16005,16002,1.0,0.9934676728744796]
[93827,16005,1.0,0.41098344858078845]
[16008,16005,1.0,0.9834099656540867]
[16008,16002,1.0,0.9858627421573395]
[130851,16005,1.0,0.6379548420393341]
[42266,42263,1.0,0.7472207146709261]
[42269,42263,1.0,0.9723740949150318]
[42269,42266,1.0,0.48697027722107494]
[32226,32220,1.0,0.9834912888171441]
[106480,106477,1.0,0.9709246708264011]
[106483,106477,1.0,0.951995221823734]
[106483,106480,1.0,0.9181448201343427]
[13095,13092,1.0,0.9884431207008226]
[69845,69839,1.0,0.557064907941473]
[69845,69842,1.0,0.980087081050281]
[69845,69833,1.0,0.9919574997784535]
[114166,69839,1.0,0.42393660915313186]
[72576,72573,1.0,0.7818113424063963]
[69839,69833,1.0,0.658107045533992]
[69842,69839,1.0,0.5956909001143244]
[69842,69833,1.0,0.9841430501992765]
[43599,43590,1.0,0.982164918215297]
[43599,43593,1.0,0.9781452646961011]
[43599,43596,1.0,0.9660198405185451]
[112953,7512,1.0,0.5289591903781288]
[109968,109962,1.0,0.9905564682541387]
[109968,109965,1.0,0.9843854281128174]
[38758,20571,1.0,0.5223664806245298]
[38758,11636,1.0,0.5029386281437058]
[107848,75538,1.0,0.41723404023363514]
[103300,75538,1.0,0.42199394336406165]
[111630,111627,1.0,0.9681093718842417]
[126825,75538,1.0,0.5273811535945131]
[42712,42709,1.0,0.9952227536000962]
[133071,20571,1.0,0.46199020496605114]
[78108,78105,1.0,0.9852181531862012]
[43593,43590,1.0,0.993958142263311]
[100746,75538,1.0,0.40762327019960054]
[68141,68138,1.0,0.9895806180176313]
[109965,109962,1.0,0.9802704610270954]
[43596,43590,1.0,0.9902548312638412]
[43596,43593,1.0,0.9878503188194625]
[75538,43599,1.0,0.4734905795520124]
[75538,39388,1.0,0.48512956339167007]
[75538,20571,1.0,0.6845417549515308]
[75538,43590,1.0,0.499605988750991]
[75538,43593,1.0,0.4628838677451726]
[75538,7512,1.0,0.41417371074113013]
[75538,43596,1.0,0.5302995778766388]
[78112,75538,1.0,0.47637285182595723]
[42715,42709,1.0,0.9020573496988483]
[42715,42712,1.0,0.9020573496988483]
[355,352,1.0,0.8174161032814304]
[35649,3994,1.0,0.44825032116913804]
[87464,79477,1.0,0.9287805068791184]
[87464,87461,1.0,0.9905564682541387]
[87464,45108,1.0,0.6320924182914153]
[46244,46241,1.0,0.9719235908789782]
[46244,45108,1.0,0.4352863755507701]
[114321,45108,1.0,0.43935124267226083]
[127716,45108,1.0,0.411753100574092]
[67470,45108,1.0,0.40683561108094646]
[84469,79477,1.0,0.625780557505427]
[84469,45108,1.0,0.658579850028801]
[84469,36054,1.0,0.5841239748691678]
[46241,45108,1.0,0.41369288555996714]
[54650,3994,1.0,0.6165685413452779]
[122220,36054,1.0,0.41816657828744325]
[122220,48113,1.0,0.45400085692814385]
[79477,35649,1.0,0.6450046020229444]
[79477,46244,1.0,0.4185884154626243]
[79477,7132,1.0,0.5257641172442912]
[79477,67470,1.0,0.47126993773660886]
[79477,9478,1.0,0.4128514303206705]
[79477,62944,1.0,0.7266492803313298]
[79477,46241,1.0,0.48180773238927155]
[79477,54650,1.0,0.49969839351301093]
[79477,78199,1.0,0.8198818406582711]
[79477,41582,1.0,0.42726638869968825]
[79477,43389,1.0,0.41535443861653154]
[79477,70444,1.0,0.4653206016667577]
[79477,41579,1.0,0.42726638869968825]
[79477,36054,1.0,0.4115031216468366]
[79477,37765,1.0,0.4528693501595653]
[79477,9484,1.0,0.4128514303206705]
[79477,68738,1.0,0.4150795077354466]
[79477,56307,1.0,0.43043570171179624]
[79477,3994,1.0,0.596843560643141]
[79477,68741,1.0,0.41003152541743026]
[79477,74404,1.0,0.7452697438794057]
[79477,9487,1.0,0.4128514303206705]
[79477,9490,1.0,0.4806777608555897]
[79477,9481,1.0,0.41136525735335217]
[79477,9527,1.0,0.6454361015308188]
[79477,2762,1.0,0.48365733376625386]
[79477,46247,1.0,0.4857103970359868]
[79477,68744,1.0,0.5058306125346532]
[79477,39794,1.0,0.4542875602300658]
[46060,45108,1.0,0.42988141927789275]
[87461,79477,1.0,0.7914984731583252]
[118885,45108,1.0,0.43136515894985616]
[53971,45108,1.0,0.4673459306043966]
[45108,33306,1.0,0.7415495347809514]
[45108,23325,1.0,0.5812330654681954]
[45108,31311,1.0,0.42550833772896085]
[45108,9527,1.0,0.641352393763905]
[45108,39794,1.0,0.5057091233786558]
[87550,45108,1.0,0.4525551012989355]
[87550,87547,1.0,0.9932537467430427]
[111481,79477,1.0,0.4164101099581308]
[111481,45108,1.0,0.4159756767569174]
[111481,3994,1.0,0.4085147403431218]
[41582,41579,1.0,0.9019116219197787]
[91934,45108,1.0,0.40471827373603647]
[91934,49121,1.0,0.44812197287479394]
[91934,37765,1.0,0.46672748969883837]
[62691,36054,1.0,0.5327423514018168]
[62691,37765,1.0,0.6042493014943867]
[36054,3994,1.0,0.49895164902616285]
[46038,45108,1.0,0.43053252912037854]
[50566,45108,1.0,0.6559882386374813]
[50566,39794,1.0,0.42277313423927776]
[37765,7132,1.0,0.4064109179727008]
[37765,3994,1.0,0.6682418764005821]
[87547,45108,1.0,0.41712918230333257]
[9484,9478,1.0,0.9936282955531263]
[9484,9481,1.0,0.9375776974199943]
[57000,45108,1.0,0.40466309322336086]
[68738,45108,1.0,0.5383725307901414]
[48113,45108,1.0,0.4402823794582609]
[123628,45108,1.0,0.44238939049910964]
[68741,45108,1.0,0.47551957880695495]
[68741,68738,1.0,0.9874995584231839]
[68079,45108,1.0,0.48759734590234405]
[9487,9478,1.0,0.9952227536000962]
[9487,9484,1.0,0.9936282955531263]
[9487,9481,1.0,0.9795935667962108]
[9490,9478,1.0,0.9786805427507939]
[9490,9484,1.0,0.9763527013547357]
[9490,9487,1.0,0.9909424776519933]
[9490,9481,1.0,0.9389795978180635]
[9481,9478,1.0,0.9671664084627037]
[107457,79477,1.0,0.4792647991466841]
[107463,79477,1.0,0.4792647991466841]
[107463,107457,1.0,0.9927904021198166]
[65955,45108,1.0,0.515236458378431]
[128617,79477,1.0,0.4080109964504417]
[46247,46244,1.0,0.9873274778457883]
[46247,46241,1.0,0.9936240439882741]
[46247,45108,1.0,0.40821797980247343]
[110302,79477,1.0,0.7054262392869708]
[68744,45108,1.0,0.4514828420855962]
[68744,68738,1.0,0.9727603981632277]
[68744,3994,1.0,0.5579453734997044]
[68744,68741,1.0,0.9456897969048002]
[39794,23325,1.0,0.7101683871102245]
[39794,37765,1.0,0.5061617015194443]
[39794,9527,1.0,0.4988736160657342]
[72343,45108,1.0,0.47252663331755884]
[3408,3405,1.0,0.9912365516097598]
[3408,3402,1.0,0.9952227536000962]
[41877,41874,1.0,0.9952227536000962]
[78707,78701,1.0,0.9952227536000962]
[78707,78704,1.0,0.923007836218527]
[55611,29704,1.0,0.43696818698688994]
[110925,110922,1.0,0.9375730151011306]
[110925,110919,1.0,0.9773051379675837]
[3405,3402,1.0,0.994754850866769]
[82720,82717,1.0,0.9825880256895176]
[110922,110919,1.0,0.9841214783454382]
[78704,78701,1.0,0.923007836218527]
[67150,3408,1.0,0.5564403001094843]
[71740,71737,1.0,0.9716251632873173]
[106564,3408,1.0,0.48045035198906605]
[106564,30906,1.0,0.4823218321101921]
[77109,56173,1.0,0.5331341258277624]
[77109,15349,1.0,0.474154219626264]
[77109,55715,1.0,0.4839216104068794]
[46515,21273,1.0,0.4034335766572777]
[46515,45716,1.0,0.44776083791514926]
[46515,1427,1.0,0.4092245846959251]
[51916,46515,1.0,0.7157348217901496]
[51916,51913,1.0,0.6143094834235355]
[132807,46515,1.0,0.445440253761331]
[106780,106777,1.0,0.9818311538079139]
[106579,91230,1.0,0.43802600387954305]
[28733,28727,1.0,0.9905564682541387]
[28733,28730,1.0,0.8693499941004228]
[69564,46515,1.0,0.4521607336947081]
[106533,51922,1.0,0.40764602027633406]
[106533,33496,1.0,0.49893226015649605]
[106533,106527,1.0,0.9887641419700736]
[106533,106530,1.0,0.9595952040820057]
[106533,51913,1.0,0.40764602027633406]
[106533,91230,1.0,0.5899127669263134]
[106533,51919,1.0,0.40764602027633406]
[124309,124306,1.0,0.972867523612238]
[124309,124303,1.0,0.9913993269286598]
[64189,59218,1.0,0.5996236846584391]
[79484,59218,1.0,0.5076524083655594]
[79484,69874,1.0,0.5377962516845652]
[79484,69871,1.0,0.4404442732635216]
[59218,29561,1.0,0.4888334218389436]
[111643,46515,1.0,0.40185577599985745]
[111643,51922,1.0,0.4318049881196649]
[92933,61996,1.0,0.48581013721830574]
[92933,61999,1.0,0.4135352501885927]
[51922,46515,1.0,0.8599487884288592]
[51922,51916,1.0,0.5245393711939899]
[51922,51913,1.0,0.9877726362494229]
[51922,51919,1.0,0.9825361585721515]
[61996,46515,1.0,0.4127459014131603]
[125511,47270,1.0,0.471058367168213]
[20367,20364,1.0,0.9485620976130011]
[88720,79484,1.0,0.45963724566838005]
[88720,32328,1.0,0.43191351348112456]
[88720,17637,1.0,0.4323071209958246]
[88720,41110,1.0,0.4296479427326128]
[88720,3312,1.0,0.40609899373096253]
[126141,46515,1.0,0.6852006294113385]
[126141,106533,1.0,0.4402486889526825]
[126141,59218,1.0,0.4714454630413712]
[126141,34389,1.0,0.406176889203005]
[111999,106579,1.0,0.43047104104273093]
[111999,91230,1.0,0.7126165228458153]
[1676,1670,1.0,0.9909196098134082]
[1676,1673,1.0,0.9821285434279364]
[55715,55712,1.0,0.9952227536000962]
[115885,51922,1.0,0.45868981575271867]
[115885,51913,1.0,0.45868981575271867]
[115885,51919,1.0,0.40003308781764935]
[61999,46515,1.0,0.5986275788152385]
[61999,51922,1.0,0.4194867346245532]
[61999,61996,1.0,0.9787670916690301]
[47270,18253,1.0,0.47041909064983056]
[47270,129,1.0,0.552744465998837]
[47270,2846,1.0,0.4901555716709255]
[124306,124303,1.0,0.9808527308887026]
[28730,28727,1.0,0.9249203298402355]
[106530,51922,1.0,0.4240283680825759]
[106530,33496,1.0,0.4128200329185449]
[106530,106527,1.0,0.9864615863527585]
[106530,51913,1.0,0.4240283680825759]
[106530,91230,1.0,0.5552429583205202]
[106530,51919,1.0,0.4240283680825759]
[51913,46515,1.0,0.806889920704535]
[51913,45716,1.0,0.405057278441887]
[69874,59218,1.0,0.45955421193095825]
[69874,69871,1.0,0.9562115006362963]
[106786,106777,1.0,0.9914729588753374]
[106786,106780,1.0,0.9700509208828182]
[79023,18253,1.0,0.43662091913260254]
[79023,48543,1.0,0.43144746960951996]
[79023,32328,1.0,0.49948586848850807]
[79023,47270,1.0,0.6747118111541128]
[79023,129,1.0,0.4614093118542062]
[79023,2846,1.0,0.45429869891411584]
[90889,88720,1.0,0.5151870485267879]
[1673,1670,1.0,0.9899899668414485]
[96679,64189,1.0,0.42157478117858616]
[96679,79484,1.0,0.5284757068292512]
[96679,59218,1.0,0.4650919079490591]
[91230,77109,1.0,0.47634578473308625]
[91230,46515,1.0,0.47068833196247895]
[91230,55715,1.0,0.40794977355464784]
[91230,56359,1.0,0.4546319044291653]
[88884,88720,1.0,0.4784404163109894]
[88884,17637,1.0,0.47360580032431077]
[88884,39685,1.0,0.5052729411385201]
[93848,46515,1.0,0.4534736328134142]
[93848,51913,1.0,0.4053974402065555]
[93848,51919,1.0,0.4053974402065555]
[51919,46515,1.0,0.806889920704535]
[51919,51916,1.0,0.6143094834235355]
[51919,45716,1.0,0.405057278441887]
[51919,51913,1.0,0.9927510998302113]
[120334,120331,1.0,0.9770923046478655]
[120337,120331,1.0,0.963443386788348]
[120337,120334,1.0,0.9290080675632605]
[95095,72324,1.0,0.7905551437537535]
[96187,96184,1.0,0.9873253145995766]
[96187,53927,1.0,0.4028348817211264]
[66046,66043,1.0,0.9714080297644221]
[73144,72324,1.0,0.6812934911583185]
[76790,72324,1.0,0.5418141464074059]
[93824,72324,1.0,0.41842583284159895]
[93824,93821,1.0,0.983297720502852]
[93824,93818,1.0,0.9895722867210693]
[87264,72324,1.0,0.5360598415789365]
[66049,66043,1.0,0.9587620968601654]
[66049,66046,1.0,0.8811722296373077]
[12734,12731,1.0,0.8741243500230436]
[90057,72324,1.0,0.5453767793755004]
[72703,72324,1.0,0.4595410958127767]
[76553,72324,1.0,0.44909157020772583]
[121512,95095,1.0,0.48617867790099345]
[121512,72324,1.0,0.4163769244888031]
[121512,51873,1.0,0.5390863296512002]
[121512,106038,1.0,0.662865102543333]
[121512,86705,1.0,0.5427335703661771]
[101896,72324,1.0,0.4377571275188194]
[45501,45498,1.0,0.9716374860864272]
[76549,72324,1.0,0.4794785089277482]
[112666,72324,1.0,0.435892930980931]
[105241,72324,1.0,0.49035398809417063]
[96184,53927,1.0,0.41709498686119995]
[73728,72324,1.0,0.4832640387288038]
[111646,72324,1.0,0.47264466044286113]
[66052,66043,1.0,0.9926680456172919]
[66052,66046,1.0,0.9499085069927379]
[66052,66049,1.0,0.9602926565669384]
[128155,72324,1.0,0.5875212815387718]
[72324,66043,1.0,0.41669553149639876]
[72324,66046,1.0,0.41669553149639876]
[72324,52802,1.0,0.47385141996882535]
[72324,32003,1.0,0.5002032818958182]
[72324,12731,1.0,0.5633583668726079]
[72324,50575,1.0,0.4326926480949669]
[72324,66049,1.0,0.42662494160066394]
[72324,58878,1.0,0.5044637197018026]
[72324,47319,1.0,0.49396235609983125]
[72324,56725,1.0,0.7073209175640607]
[72324,12734,1.0,0.5633583668726079]
[72324,2564,1.0,0.45719872084098684]
[72324,12733,1.0,0.41243229248556096]
[72324,43159,1.0,0.530697043120791]
[72324,16629,1.0,0.49031015738183104]
[72324,26505,1.0,0.4866462003990184]
[72324,45657,1.0,0.4076778495489738]
[72324,66052,1.0,0.6242580755941534]
[72324,38231,1.0,0.4278912903396644]
[72324,42494,1.0,0.6480766292398553]
[72324,13606,1.0,0.5925975678666436]
[72324,351,1.0,0.4623200217700624]
[72324,2973,1.0,0.4353894616197876]
[72324,68758,1.0,0.4213798794191399]
[72324,45507,1.0,0.4816448831915512]
[72324,59878,1.0,0.42161751590817853]
[72324,22652,1.0,0.430711371710915]
[106038,72324,1.0,0.4675072891368297]
[106038,351,1.0,0.5526976844531423]
[72797,72324,1.0,0.44177598619484165]
[130287,72324,1.0,0.4327236422785283]
[129022,96187,1.0,0.4176649834468901]
[129022,72324,1.0,0.47922708669562425]
[21346,21343,1.0,0.9863304216292998]
[84671,72324,1.0,0.41938397341172945]
[74841,72324,1.0,0.4611377371046407]
[45507,45498,1.0,0.8921521982234509]
[45507,45501,1.0,0.6810509274479728]
[87270,87264,1.0,0.828678895888804]
[93821,72324,1.0,0.4074838957859851]
[93821,93818,1.0,0.9913120312392728]
[93818,72324,1.0,0.40860678416455143]
[86705,28720,1.0,0.4640726518704038]
[86705,72324,1.0,0.43576530655784396]
[86705,351,1.0,0.8166206565172192]
[23927,23924,1.0,0.7233891554373575]
[23927,23921,1.0,0.9292521285051265]
[23927,23918,1.0,0.9790616483076748]
[81822,42824,1.0,0.43959619906287356]
[103230,100317,1.0,0.5366029615132015]
[97683,97680,1.0,0.9952227536000962]
[127108,100317,1.0,0.4509892235174869]
[102888,100317,1.0,0.4931634348802845]
[132669,100317,1.0,0.4590734728702772]
[23924,23921,1.0,0.6049121184773429]
[23924,23918,1.0,0.8418482835490936]
[23921,23918,1.0,0.9886971171585476]
[112576,100317,1.0,0.6771842093145921]
[112576,42824,1.0,0.4159137153448887]
[100317,38629,1.0,0.5116079535602978]
[100317,81822,1.0,0.5028105887314807]
[100317,19635,1.0,0.42382305516746505]
[100317,65404,1.0,0.4679554209162547]
[100317,56677,1.0,0.620636807077931]
[100317,97683,1.0,0.6968208407157216]
[100317,46305,1.0,0.48254221472336944]
[100317,7017,1.0,0.5595126287911095]
[100317,77493,1.0,0.40235911811747543]
[100317,23616,1.0,0.48320807627454126]
[100317,37856,1.0,0.4909436872534838]
[100317,88802,1.0,0.6282986524367393]
[100317,63570,1.0,0.45501705936583287]
[100317,75503,1.0,0.5135311993503385]
[100317,13326,1.0,0.5282065288552995]
[100317,85685,1.0,0.6834811605558473]
[100317,24336,1.0,0.5076861772286638]
[100317,78632,1.0,0.40945928559689376]
[100317,61841,1.0,0.588494598066674]
[100317,33592,1.0,0.42314793284619123]
[100317,80541,1.0,0.4316465078105969]
[100317,70899,1.0,0.4076549087204239]
[100317,97686,1.0,0.6968208407157216]
[100317,21905,1.0,0.6633103786848238]
[100317,98259,1.0,0.5268633083395866]
[100317,28002,1.0,0.4567396704668777]
[100317,88222,1.0,0.5396499437717395]
[100317,45802,1.0,0.5244664496712069]
[100317,17066,1.0,0.4499654143266765]
[100317,57712,1.0,0.4288154260901804]
[100317,97680,1.0,0.6968208407157216]
[100317,89820,1.0,0.43781104572600904]
[100317,63969,1.0,0.482869293883894]
[97686,97683,1.0,0.9952227536000962]
[97686,97680,1.0,0.9952227536000962]
[101494,100317,1.0,0.5434392110482898]
[109828,100317,1.0,0.42058974132517934]
[109534,100317,1.0,0.4341284594169874]
[104887,100317,1.0,0.4012543416260003]
[11595,11592,1.0,0.9875478803503387]
[66717,66708,1.0,0.9564359544693318]
[66717,66705,1.0,0.9925596784054155]
[66717,66714,1.0,0.7015698859445654]
[66717,66711,1.0,0.988582903540615]
[66708,46188,1.0,0.44992335901683145]
[66708,66705,1.0,0.9698762889492096]
[39488,39482,1.0,0.9757325346893941]
[39488,39485,1.0,0.9648854373426704]
[89623,89370,1.0,0.48797616341486366]
[89623,81764,1.0,0.7790977170082228]
[89623,23582,1.0,0.5058243660245878]
[37286,37283,1.0,0.9831310111579343]
[39485,39482,1.0,0.9927543544888627]
[11598,11595,1.0,0.974379415440767]
[11598,11592,1.0,0.9586067233735756]
[66714,66708,1.0,0.471659609920235]
[66714,66705,1.0,0.7502583035347681]
[66714,66711,1.0,0.7130008519270807]
[23582,11598,1.0,0.4442761304553113]
[66711,66708,1.0,0.9564359544693318]
[66711,66705,1.0,0.9925596784054155]
[89890,8311,1.0,0.4625674137113164]
[89890,61909,1.0,0.5822061543902916]
[89890,8314,1.0,0.4625674137113164]
[43207,43201,1.0,0.9225469307113203]
[43207,43204,1.0,0.9592195175966355]
[43207,43198,1.0,0.9727173888036472]
[92959,92956,1.0,0.9458050168385392]
[92959,92953,1.0,0.9763297234850564]
[92959,92950,1.0,0.9952227536000962]
[43201,43198,1.0,0.9675532421020944]
[109764,109761,1.0,0.9662145510939139]
[15640,15631,1.0,0.9952227536000962]
[15640,15634,1.0,0.993984955328199]
[15640,15637,1.0,0.8845337495327912]
[93277,8311,1.0,0.4773347328001829]
[93277,8314,1.0,0.4773347328001829]
[50698,8317,1.0,0.45357862336296645]
[109767,109764,1.0,0.8564208288393095]
[109767,109761,1.0,0.9811293036291733]
[124180,2806,1.0,0.40867463402646864]
[104674,2806,1.0,0.5433272989964353]
[104674,100564,1.0,0.431617416305431]
[47942,8482,1.0,0.4818942423213967]
[52574,2806,1.0,0.5175501515822362]
[121428,61909,1.0,0.4206846204092927]
[92956,92953,1.0,0.9374673934865997]
[92956,92950,1.0,0.9679006616866203]
[15634,15631,1.0,0.993984955328199]
[83141,24201,1.0,0.402715184637325]
[83144,83141,1.0,0.9859759471827283]
[83144,24201,1.0,0.4128121219227991]
[24198,24195,1.0,0.9759995690455994]
[43204,43201,1.0,0.9543850201183712]
[43204,43198,1.0,0.9923958418221456]
[92953,92950,1.0,0.9929318100825512]
[57015,2806,1.0,0.5025839393587433]
[67589,50698,1.0,0.4667821087526205]
[8317,8311,1.0,0.9874882310208049]
[8317,8314,1.0,0.9874882310208049]
[20244,8317,1.0,0.4936640676962576]
[15637,15631,1.0,0.9368116785261312]
[15637,15634,1.0,0.9358480308920221]
[24201,8311,1.0,0.40816505223506105]
[24201,24198,1.0,0.9952227536000962]
[24201,24195,1.0,0.9952227536000962]
[24201,8314,1.0,0.40816505223506105]
[24201,3404,1.0,0.48504273199086206]
[61909,8311,1.0,0.7800994306459618]
[61909,8317,1.0,0.6625772936065688]
[61909,8314,1.0,0.7800994306459618]
[92962,92959,1.0,0.9805397725375108]
[92962,31922,1.0,0.6079831662771561]
[92962,8311,1.0,0.5814535766781973]
[92962,92956,1.0,0.8714310280160565]
[92962,92953,1.0,0.9805397725375108]
[92962,8317,1.0,0.5814535766781973]
[92962,92950,1.0,0.9805397725375108]
[92962,8314,1.0,0.5814535766781973]
[93283,93277,1.0,0.9952227536000962]
[93283,8311,1.0,0.4773347328001829]
[93283,8314,1.0,0.4773347328001829]
[93283,93280,1.0,0.9085991881120481]
[8314,8311,1.0,0.9952227536000962]
[100564,14903,1.0,0.6778883685003756]
[100564,8311,1.0,0.4827568752850493]
[100564,83141,1.0,0.44216410257208466]
[100564,83144,1.0,0.43806125208476704]
[100564,37175,1.0,0.6292736429427556]
[100564,8317,1.0,0.4404430052731861]
[100564,73993,1.0,0.5668896015615262]
[100564,8314,1.0,0.4827568752850493]
[100564,83147,1.0,0.44216410257208466]
[8482,8311,1.0,0.46264626764034034]
[8482,8314,1.0,0.46264626764034034]
[73369,2806,1.0,0.4216711544258114]
[83147,83141,1.0,0.9895952879842786]
[83147,83144,1.0,0.973400197850791]
[83147,24201,1.0,0.402715184637325]
[3404,2806,1.0,0.417030248481673]
[93280,93277,1.0,0.9085991881120481]
[36001,35998,1.0,0.9838413587740846]
[71760,71757,1.0,0.9933550320030448]
[93060,36001,1.0,0.44175788637653174]
[36004,36001,1.0,0.8844724341881345]
[36004,35998,1.0,0.9570613395378467]
[36200,21651,1.0,0.4252904906307654]
[21654,21648,1.0,0.9925229512934376]
[21654,21651,1.0,0.9884334140702996]
[58527,58524,1.0,0.9670646573405803]
[58527,58521,1.0,0.9912184848284086]
[21651,21648,1.0,0.9815646222082849]
[35521,2200,1.0,0.42684389707850395]
[58524,58521,1.0,0.9662738205897123]
[21657,21648,1.0,0.8265801057994359]
[21657,21654,1.0,0.7706437646839133]
[21657,21651,1.0,0.7129955189176878]
[93324,31790,1.0,0.5977986452863073]
[31794,31791,1.0,0.9837635177806289]
[89931,28240,1.0,0.5100235814549852]
[41259,28240,1.0,0.4311596214250838]
[68102,68099,1.0,0.9779980188667219]
[105279,105273,1.0,0.9187787630148765]
[105279,105276,1.0,0.9926297125923712]
[105276,105273,1.0,0.9945658731879131]
[101031,101025,1.0,0.9696636498802185]
[101031,101028,1.0,0.9609610257854562]
[101028,101025,1.0,0.9832932900980849]
[93549,93546,1.0,0.940696818426594]
[81952,73737,1.0,0.46543120899786267]
[22847,15820,1.0,0.4446609703163514]
[73893,73737,1.0,0.4332565527153339]
[50873,50867,1.0,0.9877726362494229]
[50873,50870,1.0,0.9738757312413665]
[115641,73737,1.0,0.47872431870615295]
[86185,73737,1.0,0.4330784828595812]
[57358,55836,1.0,0.4111392707293861]
[74957,73737,1.0,0.5261522787809199]
[73737,69427,1.0,0.48587841998693815]
[73737,22847,1.0,0.43330325213480925]
[73737,70035,1.0,0.4744120002075756]
[73737,3443,1.0,0.42254235491630826]
[73737,61233,1.0,0.4653282077170461]
[73737,72607,1.0,0.4590399725821791]
[73737,15820,1.0,0.46018520268184415]
[73737,12515,1.0,0.4117260900090163]
[73737,46139,1.0,0.43470737509271007]
[96336,73737,1.0,0.49423989889531333]
[50870,50867,1.0,0.9677787477668245]
[61947,61944,1.0,0.993958142263311]
[6699,6667,1.0,0.41285340562970757]
[29175,29172,1.0,0.9673681309684957]
[29181,29172,1.0,0.991273886931284]
[29181,29175,1.0,0.9465837192660689]
[29181,29178,1.0,0.991273886931284]
[111234,6699,1.0,0.4098872593973182]
[104896,6699,1.0,0.41231256644611014]
[66542,47965,1.0,0.4022840644204804]
[29178,29172,1.0,0.9952227536000962]
[29178,29175,1.0,0.9673681309684957]
[20192,6699,1.0,0.4770999560741812]
[85326,85323,1.0,0.8806158370549103]
[128587,128581,1.0,0.9948899708847472]
[128587,128584,1.0,0.9633085038919149]
[128587,126198,1.0,0.40383934424368245]
[94909,94903,1.0,0.9576604123792657]
[64828,64825,1.0,0.9245735937556204]
[64837,64828,1.0,0.5918255991945367]
[64837,64825,1.0,0.9271184610189972]
[64837,64834,1.0,0.8840545631204426]
[64837,64831,1.0,0.909253384542895]
[128584,128581,1.0,0.9703264499387718]
[128766,128763,1.0,0.9945658731879131]
[64834,64828,1.0,0.9044250566477786]
[64834,64825,1.0,0.9910794440194339]
[64834,64831,1.0,0.9881773749958463]
[94912,94909,1.0,0.8584404537945595]
[94912,94903,1.0,0.9907205584166436]
[75060,35666,1.0,0.510603291849084]
[64831,64828,1.0,0.9245735937556204]
[64831,64825,1.0,0.9935047841791984]
[66075,66072,1.0,0.9904409201760402]
[66075,66069,1.0,0.9936220614614262]
[66078,66075,1.0,0.9143052657798275]
[66078,66072,1.0,0.963506342847558]
[66078,66069,1.0,0.9682153061599829]
[66072,66069,1.0,0.9927962471656973]
[23652,23649,1.0,0.9904578428900003]
[66081,66075,1.0,0.9572953322780426]
[66081,66078,1.0,0.8353942824986947]
[66081,66072,1.0,0.9834384924558218]
[66081,66069,1.0,0.9861892520592711]
[90526,3766,1.0,0.43460304858324883]
[131622,131616,1.0,0.9940141113486761]
[131622,131619,1.0,0.9641272718571225]
[50115,50112,1.0,0.9914651780633009]
[50118,50115,1.0,0.9848760605083616]
[50118,50112,1.0,0.991295858210494]
[131619,131616,1.0,0.9563272105041649]
[88420,88414,1.0,0.7889072730883837]
[88420,88417,1.0,0.5035137516703587]
[72549,72546,1.0,0.9700131179007196]
[72552,72546,1.0,0.9933759662336357]
[72552,72549,1.0,0.9643649883996828]
[88423,88420,1.0,0.785097985218991]
[88423,88414,1.0,0.9931905064527496]
[88423,88417,1.0,0.947491426106308]
[45960,45954,1.0,0.988413682643911]
[45960,45957,1.0,0.9848989468158418]
[121491,111058,1.0,0.4694075684413747]
[106200,63779,1.0,0.5103582829225902]
[111058,4298,1.0,0.43525754395744476]
[45957,45954,1.0,0.9936480814031315]
[88417,88414,1.0,0.9591292701647975]
[117577,117574,1.0,0.9821226619907786]
[102225,102222,1.0,0.9931164783355245]
[102228,102222,1.0,0.99236012770395]
[102228,102225,1.0,0.9891409754614657]
[15628,15622,1.0,0.9787169419147873]
[122487,54508,1.0,0.5024452528096176]
[67596,54508,1.0,0.45571852973134724]
[101548,54508,1.0,0.4351420488252366]
[54508,26724,1.0,0.433465643574219]
[54508,5223,1.0,0.6109661648364375]
[117154,54508,1.0,0.47770364342083416]
[75893,26724,1.0,0.5111684110061768]
[75899,26724,1.0,0.5432112104697844]
[75899,75893,1.0,0.9726101365839039]
[75899,75896,1.0,0.9693919080614056]
[106366,54508,1.0,0.5224329584697615]
[75896,26724,1.0,0.5130120953844594]
[75896,75893,1.0,0.9944839100296186]
[121327,54508,1.0,0.5003118785603229]
[96955,96952,1.0,0.9762576077001439]
[99529,99520,1.0,0.9952227536000962]
[99529,99526,1.0,0.9905496488699075]
[99529,99523,1.0,0.8827411446630492]
[110677,110671,1.0,0.9787667428282608]
[110677,110674,1.0,0.9224942311190899]
[74067,52577,1.0,0.45747836930268604]
[74067,16012,1.0,0.4602802255307871]
[28970,28967,1.0,0.9784516631912947]
[110674,110671,1.0,0.9718955798113164]
[99526,99520,1.0,0.9946939993737459]
[99526,99523,1.0,0.9946939993737459]
[99523,99520,1.0,0.9952227536000962]
[35538,35535,1.0,0.9916928888813668]
[35544,35538,1.0,0.9874475728395399]
[35544,35535,1.0,0.9881761805738833]
[35544,35541,1.0,0.9703838345120256]
[127279,57141,1.0,0.447134767170771]
[127279,69150,1.0,0.43710220848797293]
[125661,59968,1.0,0.42482454010403964]
[57141,35538,1.0,0.44179173557332413]
[57141,35544,1.0,0.44179173557332413]
[57141,35535,1.0,0.44179173557332413]
[57141,35541,1.0,0.4151129175074867]
[61651,61648,1.0,0.9790566365901209]
[113896,57141,1.0,0.45314598050725524]
[69150,35538,1.0,0.5432666790790999]
[69150,35544,1.0,0.5432666790790999]
[69150,37641,1.0,0.48889977117317407]
[69150,35535,1.0,0.5432666790790999]
[69150,50559,1.0,0.4099416198230971]
[69150,35541,1.0,0.5405326269509735]
[95799,57141,1.0,0.41306689800513496]
[95799,17653,1.0,0.45928297786387057]
[95799,91981,1.0,0.554326103851526]
[95799,59968,1.0,0.47513862119135386]
[91981,3704,1.0,0.4743881418568559]
[91981,88283,1.0,0.40939513105443553]
[91981,63649,1.0,0.4033065193098141]
[91981,90028,1.0,0.4302058642144936]
[36452,36446,1.0,0.9934197647450789]
[36452,36449,1.0,0.7357274765839498]
[106681,75733,1.0,0.47607810315748866]
[106681,17653,1.0,0.4777528510229234]
[106681,69150,1.0,0.46045527342771125]
[30362,30359,1.0,0.9900592205763161]
[34340,34337,1.0,0.9877726362494229]
[35541,35538,1.0,0.9682301014499701]
[35541,35535,1.0,0.9796779556858655]
[117588,106681,1.0,0.4019953908427906]
[117588,52919,1.0,0.5468122007487892]
[115993,115990,1.0,0.6694334725994155]
[61654,61648,1.0,0.9799736931054636]
[61654,61651,1.0,0.9521705887309684]
[123364,91981,1.0,0.5150887402631839]
[36449,36446,1.0,0.7768629520995398]
[94208,94205,1.0,0.9944159498740557]
[80441,54871,1.0,0.4680117922471247]
[80441,56438,1.0,0.4059088503576216]
[80441,30825,1.0,0.4847014538537638]
[87449,54871,1.0,0.4618307414714642]
[103905,103899,1.0,0.991504109475188]
[86322,54871,1.0,0.5070510662199912]
[54871,38697,1.0,0.7054570700999001]
[54871,36527,1.0,0.4069092952474576]
[56438,56432,1.0,0.9917038292066669]
[56438,56435,1.0,0.9917038292066669]
[45148,45145,1.0,0.6595318237274237]
[56435,56432,1.0,0.9952227536000962]
[100707,54871,1.0,0.4389584680892764]
[39009,19674,1.0,0.46748060413383796]
[88954,88948,1.0,0.9877726362494229]
[45151,45145,1.0,0.6971541269846638]
[62512,62506,1.0,0.9952227536000962]
[62512,62509,1.0,0.9952227536000962]
[27121,27115,1.0,0.9829714173435662]
[62509,62506,1.0,0.9952227536000962]
[37054,8998,1.0,0.4056985926981104]
[108793,108787,1.0,0.9877726362494229]
[108793,108790,1.0,0.9877726362494229]
[61047,61044,1.0,0.9902750113843681]
[28384,28378,1.0,0.8526758922758272]
[28384,28381,1.0,0.6504556589616795]
[108796,108793,1.0,0.9788112539147653]
[108796,108787,1.0,0.9914729588753374]
[108796,108790,1.0,0.9914729588753374]
[108790,108787,1.0,0.991867105362266]
[28387,28384,1.0,0.766033649662504]
[28387,28378,1.0,0.9497577234159512]
[28387,28381,1.0,0.8318445361063901]
[28381,28378,1.0,0.9752787957869963]
[109893,30721,1.0,0.4381904587702941]
[75639,9240,1.0,0.4339893100002268]
[61953,9240,1.0,0.43760185586386385]
[73516,9240,1.0,0.5644281996185736]
[48548,9240,1.0,0.8647699228622853]
[29361,9240,1.0,0.8588635709459157]
[82297,82291,1.0,0.9326685157177156]
[62154,9240,1.0,0.5123053529432064]
[34551,9240,1.0,0.472771784090844]
[92254,62154,1.0,0.4707365413336479]
[92254,9240,1.0,0.47188778989188035]
[83903,9240,1.0,0.5087988481514071]
[59034,9240,1.0,0.42992443033978395]
[75470,9240,1.0,0.543116412649748]
[67432,37526,1.0,0.4972244622399324]
[72830,9240,1.0,0.45368186606690414]
[117622,9240,1.0,0.7855460065496869]
[9240,5227,1.0,0.5092792677325526]
[9240,6608,1.0,0.6525243896722234]
[66622,21628,1.0,0.47700807318813593]
[124222,66622,1.0,0.5630235885633957]
[56146,9240,1.0,0.5127611258520429]
[128686,9240,1.0,0.5621880482622735]
[56012,56009,1.0,0.9909251903137]
[47732,33832,1.0,0.4208233361882472]
[47735,47732,1.0,0.9943142730184602]
[75328,75325,1.0,0.5690113390711301]
[47738,47732,1.0,0.9942819304487751]
[47738,47735,1.0,0.9876627422492685]
[47738,33832,1.0,0.40541189582272363]
[47741,47732,1.0,0.9937985714829093]
[47741,47735,1.0,0.9867330077714228]
[47741,33832,1.0,0.41375682230815064]
[47741,47738,1.0,0.9936577049581731]
[111972,111969,1.0,0.98992077390568]
[24279,15262,1.0,0.47146217109498967]
[24279,10145,1.0,0.7062142713517015]
[57629,57626,1.0,0.988536350152557]
[83864,83861,1.0,0.9922241080961267]
[24985,24982,1.0,0.9567491455547543]
[24985,24979,1.0,0.9522283341651896]
[24982,24979,1.0,0.9870680810143464]
[14777,14771,1.0,0.9720443427298936]
[14777,14774,1.0,0.9496320794731481]
[83867,83861,1.0,0.9811455244689805]
[83867,83864,1.0,0.9416378445063819]
[14774,14771,1.0,0.9796872724693261]
[42552,42546,1.0,0.9820440847515122]
[11574,3694,1.0,0.42800114507347914]
[67952,67946,1.0,0.9887192955624557]
[116277,67952,1.0,0.4420435816821328]
[24928,24925,1.0,0.6327049334155757]
[107109,67952,1.0,0.5987419363959129]
[107109,24925,1.0,0.41230891468387415]
[31860,31857,1.0,0.9881761805738833]
[121795,67952,1.0,0.4449275610509681]
[33610,30634,1.0,0.5318223378204257]
[33610,8003,1.0,0.537427477316437]
[61547,61544,1.0,0.9919031889112758]
[61547,30634,1.0,0.4120126656974342]
[61556,61547,1.0,0.971085452928782]
[61556,61550,1.0,0.9838841772231033]
[61556,61553,1.0,0.9499428454403631]
[61556,61544,1.0,0.9738329426124577]
[61550,61547,1.0,0.962250103443787]
[61550,61544,1.0,0.9765559906909156]
[68697,19191,1.0,0.4587114719518037]
[68697,33610,1.0,0.675385900539575]
[61553,61547,1.0,0.9891256754813108]
[61553,61550,1.0,0.9909357581587459]
[61553,61544,1.0,0.9935292479653834]
[86337,68697,1.0,0.5443917327003942]
[86337,86331,1.0,0.9712041975053767]
[86337,86328,1.0,0.9909251903137]
[129154,129151,1.0,0.9943558726439171]
[131316,68697,1.0,0.4105885704091858]
[86331,68697,1.0,0.6448623193617635]
[86331,86328,1.0,0.9919444654347577]
[78361,33610,1.0,0.43013769315817585]
[75910,75904,1.0,0.9876194874660417]
[75910,75907,1.0,0.7627866649456684]
[61559,61547,1.0,0.6896374199417727]
[61559,61556,1.0,0.8295664575853429]
[61559,61550,1.0,0.8316701008228417]
[61559,61553,1.0,0.6578484983962205]
[61559,61544,1.0,0.7677791325797292]
[96123,30634,1.0,0.41018864665487564]
[86328,68697,1.0,0.6448623193617635]
[75907,68697,1.0,0.6323694227728687]
[75907,15143,1.0,0.4450005132258607]
[75907,30634,1.0,0.4621904692662754]
[75907,75904,1.0,0.7743811025221959]
[75907,8003,1.0,0.4433647506521797]
[47318,44750,1.0,0.49610765015189906]
[47318,38430,1.0,0.4531119830628692]
[18397,16124,1.0,0.5286837234544577]
[110554,47318,1.0,0.41747089755629896]
[24704,24701,1.0,0.9308518681974625]
[24704,24698,1.0,0.9878322765641779]
[24701,24698,1.0,0.9598082261902922]
[130347,75405,1.0,0.4216216391752054]
[24707,24704,1.0,0.9769999196102795]
[24707,24701,1.0,0.9358193577438686]
[24707,24698,1.0,0.9875621659649864]
[128266,62408,1.0,0.4096861556103258]
[62408,51105,1.0,0.4001991623941309]
[15301,15292,1.0,0.9902925445225631]
[15301,15295,1.0,0.84178138106465]
[120189,71385,1.0,0.5633256567100402]
[120189,15301,1.0,0.6544412258238987]
[120189,2987,1.0,0.4991521645244859]
[120189,49806,1.0,0.5770292303833015]
[120189,111582,1.0,0.5973074521977207]
[120189,91718,1.0,0.5057327974166576]
[120189,105717,1.0,0.6740352584592457]
[120189,46378,1.0,0.4535598890597011]
[120189,7114,1.0,0.45855383606737565]
[120189,71214,1.0,0.4646588978250433]
[120189,116055,1.0,0.44053472769539037]
[120189,98188,1.0,0.4623854629305486]
[120189,43046,1.0,0.4272303057873191]
[120189,105454,1.0,0.6247408616241963]
[120189,25739,1.0,0.47143417427887435]
[120189,102069,1.0,0.46274043834932355]
[120189,105538,1.0,0.5098270598496238]
[120189,15292,1.0,0.654584532545422]
[120189,116908,1.0,0.4485673422775362]
[120189,35090,1.0,0.49862585649998253]
[120189,74130,1.0,0.4344719184464663]
[120189,15295,1.0,0.5916655248478531]
[120189,37763,1.0,0.6562852414885199]
[15295,15292,1.0,0.9040737826264699]
[101125,25083,1.0,0.49609082988805386]
[44185,25083,1.0,0.4106963385016106]
[15521,15518,1.0,0.9895588436932962]
[25083,13344,1.0,0.6312497269454845]
[9156,9153,1.0,0.9946149626479851]
[43763,43754,1.0,0.9945194946989725]
[43763,43757,1.0,0.9945194946989725]
[43763,26886,1.0,0.4864262335215804]
[43763,43760,1.0,0.9927360878846491]
[35439,35436,1.0,0.9694207826503317]
[71234,57820,1.0,0.4771935769531044]
[17552,9156,1.0,0.4153208596809931]
[71944,71938,1.0,0.9899834203648314]
[71944,71941,1.0,0.9776430777358678]
[71944,71935,1.0,0.9946572280446236]
[43754,26886,1.0,0.49632575742762286]
[123732,123726,1.0,0.992824971785004]
[123732,123723,1.0,0.9668057127938285]
[123732,123720,1.0,0.9944393446098015]
[123732,123729,1.0,0.9894764269925497]
[60273,27288,1.0,0.4592431828187447]
[123726,123723,1.0,0.9650399550463327]
[123726,123720,1.0,0.993833290446873]
[43757,43754,1.0,0.9952227536000962]
[43757,26886,1.0,0.49632575742762286]
[123723,123720,1.0,0.9886203033801277]
[71938,71935,1.0,0.9797761856164076]
[71941,71938,1.0,0.4685854893427211]
[71941,71935,1.0,0.7278486079385426]
[26063,26060,1.0,0.8579595854351131]
[43760,43754,1.0,0.9935047841791984]
[43760,43757,1.0,0.9935047841791984]
[43760,26886,1.0,0.5087322892270709]
[56716,17552,1.0,0.4215986629748794]
[123729,123726,1.0,0.9885742357134695]
[123729,123723,1.0,0.9604772732938316]
[123729,123720,1.0,0.9908816929606714]
[25579,17552,1.0,0.5413493905159511]
[124032,27288,1.0,0.4051377489400081]
[124032,56716,1.0,0.44673748677288494]
[35442,35436,1.0,0.8849517013268636]
[35442,35439,1.0,0.639271821215538]
[26066,26060,1.0,0.9783493578791791]
[26066,26063,1.0,0.7221396404435346]
[75119,18929,1.0,0.5940144934161826]
[36441,36435,1.0,0.9864652987323336]
[36441,18929,1.0,0.45879232470196424]
[18932,18929,1.0,0.9907453314477414]
[18932,18923,1.0,0.9907453314477414]
[18929,18923,1.0,0.9952227536000962]
[18929,8188,1.0,0.4016668177113387]
[25945,25942,1.0,0.9853583434873738]
[64360,64357,1.0,0.9814778242936026]
[18935,18932,1.0,0.9507442422507413]
[18935,18929,1.0,0.972697122710293]
[18935,18923,1.0,0.972697122710293]
[25948,25942,1.0,0.45843236206744997]
[25948,25945,1.0,0.4155510891854483]
[14136,14133,1.0,0.9481985215686661]
[14136,14130,1.0,0.9014764968353207]
[14133,14130,1.0,0.9927742648919292]
[20772,20769,1.0,0.9884976622176969]
[42987,42984,1.0,0.48015229152295086]
[42987,42981,1.0,0.7101769900297458]
[42984,42981,1.0,0.9760005886750198]
[8827,8824,1.0,0.7210359391838744]
[8827,8821,1.0,0.9703756569451089]
[8827,8818,1.0,0.9703756569451089]
[115938,13151,1.0,0.4357806341051572]
[8824,8821,1.0,0.913227493940268]
[8824,8818,1.0,0.913227493940268]
[8821,8818,1.0,0.9952227536000962]
[113859,113856,1.0,0.9498609144874354]
[113859,113853,1.0,0.9947262821994]
[16307,16304,1.0,0.9766381077312491]
[113856,113853,1.0,0.9516083669767772]
[113862,113859,1.0,0.9738082165370723]
[113862,113856,1.0,0.8649087943211119]
[113862,113853,1.0,0.9826611311547089]
[35874,35871,1.0,0.9942819304487751]
[35877,35874,1.0,0.9728999253914893]
[35877,35871,1.0,0.9765011612533986]
[107049,107046,1.0,0.9663606713292385]
[131383,131380,1.0,0.9169238116271233]
[131386,131383,1.0,0.815399768894988]
[131386,131380,1.0,0.9849227495493927]
[45859,45850,1.0,0.9877726362494229]
[45859,45856,1.0,0.8471798907505236]
[45859,45853,1.0,0.9365316407620897]
[45865,45850,1.0,0.9832676409884752]
[45865,45859,1.0,0.971781655816729]
[45865,45856,1.0,0.8012939022273616]
[45865,45862,1.0,0.8850121407561373]
[45865,45853,1.0,0.9136837430975772]
[45856,45850,1.0,0.9179436068208031]
[45856,45853,1.0,0.7052472261311072]
[45862,45850,1.0,0.9508593000330849]
[45862,45859,1.0,0.9150645447001694]
[45862,45856,1.0,0.6284875072552728]
[45862,45853,1.0,0.9576395511590267]
[36749,13723,1.0,0.7003240261550485]
[36749,13726,1.0,0.6785034522750515]
[13726,13723,1.0,0.9909728179801929]
[45853,45850,1.0,0.9671113495964351]
[71154,20543,1.0,0.5700730979183214]
[27444,27432,1.0,0.9927904021198166]
[27444,27438,1.0,0.9854846634492657]
[27444,27441,1.0,0.9952227536000962]
[27444,27435,1.0,0.9762536397725782]
[27438,27432,1.0,0.9900526493058294]
[27438,27435,1.0,0.9718855120239398]
[65257,65254,1.0,0.9916466836406997]
[11263,11254,1.0,0.41294382292843157]
[11263,11257,1.0,0.41294382292843157]
[27441,27432,1.0,0.9927904021198166]
[27441,27438,1.0,0.9903163398677721]
[27441,27435,1.0,0.9762536397725782]
[27435,27432,1.0,0.9896875735490493]
[11257,11254,1.0,0.9952227536000962]
[68196,68193,1.0,0.9899899668414485]
[68199,68196,1.0,0.9821859262014385]
[68199,68193,1.0,0.987293231772886]
[61168,61165,1.0,0.9775319757585658]
[64393,64387,1.0,0.9938647243311929]
[64393,64390,1.0,0.9717694076311194]
[64390,5648,1.0,0.42025916912720385]
[64390,64387,1.0,0.9768880952675489]
