[108867,108864,1.0,0.9191510983423522]
[108867,108861,1.0,0.9719821492609121]
[93776,87500,1.0,0.4841455564584295]
[93776,41235,1.0,0.4614647926241001]
[108864,108861,1.0,0.9828946572860252]
[71007,71004,1.0,0.9952227536000962]
[35243,35237,1.0,0.666513265622481]
[35243,35240,1.0,0.6897558320767364]
[122130,78905,1.0,0.43792752490403436]
[43578,33272,1.0,0.5451336183870422]
[125832,125829,1.0,0.9856389496905246]
[15731,15728,1.0,0.9789035074734934]
[15731,15722,1.0,0.9893525123480461]
[15731,15725,1.0,0.984047129942052]
[15728,15722,1.0,0.989769623084599]
[15728,15725,1.0,0.9849264010722191]
[90626,43578,1.0,0.5458842387404566]
[90626,63723,1.0,0.583892844483916]
[90626,10533,1.0,0.7310589439963834]
[63723,33272,1.0,0.49771887071309856]
[24017,24011,1.0,0.9308855653829504]
[24017,24014,1.0,0.9126223959756815]
[33383,33272,1.0,0.4275904062269764]
[81478,81475,1.0,0.9886684500893549]
[81478,81472,1.0,0.992032811459589]
[81481,81478,1.0,0.9746710136945905]
[81481,81475,1.0,0.9648912065135509]
[81481,81472,1.0,0.9746710136945905]
[35246,35243,1.0,0.9698317372933534]
[35246,35237,1.0,0.9952227536000962]
[35246,35240,1.0,0.9952227536000962]
[25833,25830,1.0,0.9952227536000962]
[11629,11626,1.0,0.9881092650839912]
[11629,11620,1.0,0.9941344304576755]
[85634,85628,1.0,0.9952227536000962]
[85634,85631,1.0,0.9949041201225658]
[69232,33272,1.0,0.4824990666478839]
[11626,11620,1.0,0.9901918127542898]
[24014,24011,1.0,0.9844438901644059]
[85631,85628,1.0,0.9949041201225658]
[100942,43578,1.0,0.5114131294420519]
[100942,63723,1.0,0.47629009364051395]
[81475,81472,1.0,0.9856013414380667]
[33272,10533,1.0,0.44471913894397624]
[78905,35246,1.0,0.42971641998140825]
[90004,90001,1.0,0.9952227536000962]
[15725,15722,1.0,0.9927742648919292]
[35240,35237,1.0,0.9941445716854967]
[56591,56585,1.0,0.9941339650477837]
[56591,56588,1.0,0.9479768688998463]
[52892,52889,1.0,0.6295095455993676]
[52892,52886,1.0,0.6773353201853]
[56588,56585,1.0,0.963065083958582]
[76518,76512,1.0,0.9588475921428251]
[52889,52886,1.0,0.9908767591765499]
[76521,76512,1.0,0.9145803576274092]
[76521,76518,1.0,0.6350452858583107]
[106957,106954,1.0,0.9070211231685509]
[10099,10093,1.0,0.9952227536000962]
[10099,10096,1.0,0.9896498717940316]
[106960,106954,1.0,0.9926297125923712]
[106960,106957,1.0,0.8755316436615781]
[59029,41228,1.0,0.6523595990286484]
[106963,106954,1.0,0.9952227536000962]
[106963,106957,1.0,0.9070211231685509]
[106963,106960,1.0,0.9945658731879131]
[10096,10093,1.0,0.9896498717940316]
[100614,100611,1.0,0.8318878879174583]
[100614,100605,1.0,0.832984772347338]
[100614,100608,1.0,0.8558651060302555]
[100611,100605,1.0,0.9931563762138477]
[100611,100608,1.0,0.9928837998486517]
[77701,77692,1.0,0.9824579307355285]
[77701,77698,1.0,0.9824579307355285]
[100608,100605,1.0,0.9915031354414284]
[77698,77692,1.0,0.9952227536000962]
[115581,28492,1.0,0.5282054909523084]
[115581,80297,1.0,0.42867227477371284]
[47327,47321,1.0,0.9952227536000962]
[47327,47324,1.0,0.9892444719972957]
[92955,45466,1.0,0.415334916532342]
[81900,81894,1.0,0.9945658729539499]
[81900,81897,1.0,0.9001030867510711]
[47324,47321,1.0,0.9787465711385748]
[81897,81894,1.0,0.9077045024481529]
[84123,22908,1.0,0.4884831732034578]
[30446,30443,1.0,0.9952227536000962]
[50583,50577,1.0,0.9765506569097051]
[50583,50574,1.0,0.9891719136681296]
[50583,50580,1.0,0.7817885473901287]
[91106,91100,1.0,0.9699149538337315]
[91106,91103,1.0,0.8778082801064978]
[50577,50574,1.0,0.9890937904579478]
[50580,50577,1.0,0.7650642741675504]
[50580,50574,1.0,0.8455611908812467]
[91103,91100,1.0,0.976695537182521]
[66564,66561,1.0,0.9948424035116787]
[27081,27078,1.0,0.9901206144808997]
[56406,56397,1.0,0.9871935546510628]
[56406,56394,1.0,0.9923884262093288]
[11444,11438,1.0,0.9861325966344309]
[81514,75980,1.0,0.7396967731069526]
[56397,56394,1.0,0.9936734116065394]
[11447,11444,1.0,0.9787438856066708]
[11447,11438,1.0,0.986411101499334]
[73865,73862,1.0,0.9937353308824888]
[77823,75980,1.0,0.8576641206507726]
[131742,75980,1.0,0.6403895884029412]
[75980,27081,1.0,0.87321401144277]
[75980,974,1.0,0.44775244773517686]
[75980,31599,1.0,0.7823971343470131]
[75980,61633,1.0,0.6312868112874026]
[75980,27078,1.0,0.6594180944909046]
[75980,26818,1.0,0.7507016789484473]
[41668,41662,1.0,0.9906169721907665]
[21707,21704,1.0,0.9918818867765093]
[79357,14481,1.0,0.40264755368684274]
[76180,76174,1.0,0.9900881831091584]
[76180,76177,1.0,0.9694262226507289]
[76177,76174,1.0,0.993588241188578]
[76183,76180,1.0,0.9765215759356337]
[76183,76174,1.0,0.9883652126324259]
[76183,76177,1.0,0.9626646281678113]
[76186,76180,1.0,0.9871006907574807]
[76186,76174,1.0,0.993588241188578]
[76186,76177,1.0,0.9816131907804274]
[76186,76183,1.0,0.984703593234825]
[70323,70320,1.0,0.9933414088701524]
[70326,70320,1.0,0.9946149626479851]
[70326,70323,1.0,0.9943216893134568]
[53717,53711,1.0,0.9127026697357024]
[53717,53714,1.0,0.6628727741723904]
[53723,53717,1.0,0.8819056720275035]
[53723,53711,1.0,0.9929318100825512]
[53723,53714,1.0,0.9265499326818735]
[53723,53720,1.0,0.5994729229177339]
[53714,53711,1.0,0.9371242226045402]
[53720,53711,1.0,0.6099939840132356]
[100848,100845,1.0,0.9436512223451355]
[38705,38702,1.0,0.9952227536000962]
[39306,24441,1.0,0.4670623498074785]
[74321,74315,1.0,0.9563716101683537]
[58676,39306,1.0,0.4901228979558932]
[35943,35940,1.0,0.9891300024856652]
[35946,35943,1.0,0.9889475386453519]
[35946,35940,1.0,0.9910149508065733]
[35946,34562,1.0,0.5222415110327518]
[57458,34324,1.0,0.4121572169834881]
[78188,78185,1.0,0.9910149508065733]
[38714,38705,1.0,0.9893450628951352]
[38714,38711,1.0,0.9831801862853818]
[38714,38702,1.0,0.9893450628951352]
[38711,38705,1.0,0.9945194946989725]
[38711,38702,1.0,0.9945194946989725]
[45638,45635,1.0,0.8322573564746031]
[4518,4509,1.0,0.9919180930178195]
[4518,4503,1.0,0.9902074781207963]
[4509,4503,1.0,0.9952227536000962]
[100851,100848,1.0,0.9436512223451355]
[100851,100845,1.0,0.9952227536000962]
[19966,19963,1.0,0.975235368897175]
[52013,276,1.0,0.403859644378282]
[5072,5069,1.0,0.9848909659801872]
[5072,5063,1.0,0.9922444720626648]
[119517,119514,1.0,0.9780765977659551]
[119517,119511,1.0,0.9952227536000962]
[5069,5063,1.0,0.9696289898102063]
[75315,75312,1.0,0.9799085812396322]
[75315,75309,1.0,0.9893244967337156]
[75315,12323,1.0,0.5312564581045799]
[75315,276,1.0,0.42198135422959215]
[91967,276,1.0,0.4425918181438249]
[119514,119511,1.0,0.9855634168722813]
[75312,75309,1.0,0.9905564682541387]
[115594,52013,1.0,0.5466866247656983]
[115594,75315,1.0,0.45197257692145015]
[115594,75309,1.0,0.5135482798198505]
[115594,12323,1.0,0.4569423379282949]
[13187,13184,1.0,0.9934555382799869]
[93507,13187,1.0,0.43019732015171425]
[93507,13184,1.0,0.434013796007124]
[93507,13190,1.0,0.457007309251119]
[75528,276,1.0,0.4982155051357741]
[116863,116857,1.0,0.9679501816665762]
[75309,12323,1.0,0.5814765754197395]
[99901,52013,1.0,0.43700338169319597]
[99901,75315,1.0,0.6482758331704912]
[99901,75312,1.0,0.4175917154132306]
[99901,75309,1.0,0.6789359010686812]
[116872,116863,1.0,0.9952227536000962]
[116872,116857,1.0,0.9751207333121392]
[13190,13187,1.0,0.9687623031884353]
[13190,13184,1.0,0.9687623031884353]
[17117,276,1.0,0.6158367861245435]
[109570,90299,1.0,0.49167744345717423]
[123414,123411,1.0,0.9335267873082549]
[123414,123408,1.0,0.9617842710805468]
[89467,89458,1.0,0.9795508664113267]
[89467,89464,1.0,0.9296677247363269]
[89467,89461,1.0,0.9795508664113267]
[89464,89458,1.0,0.9262087367560745]
[89464,89461,1.0,0.9262087367560745]
[123417,123414,1.0,0.9142750699596622]
[123417,123411,1.0,0.9659278932942569]
[123417,123408,1.0,0.9638432528964659]
[123411,123408,1.0,0.9737298221276228]
[89461,89458,1.0,0.9952227536000962]
[39458,39452,1.0,0.9863729692073122]
[113874,113871,1.0,0.8607166322139523]
[113874,113868,1.0,0.9286941174583192]
[6162,6159,1.0,0.9875200429601783]
[113871,113868,1.0,0.9834148436780875]
[94245,94242,1.0,0.9844771006663475]
[48072,48069,1.0,0.9781708303838814]
[56291,6159,1.0,0.4539052266518861]
[56291,6165,1.0,0.4342899789344535]
[6168,6162,1.0,0.9470812342372085]
[6168,6159,1.0,0.9723083345029132]
[6168,6165,1.0,0.9552732903174737]
[70852,6159,1.0,0.4343425661742504]
[70852,56291,1.0,0.4930309194867149]
[70852,6165,1.0,0.4343425661742504]
[6165,6162,1.0,0.9727898174964273]
[6165,6159,1.0,0.9888103411039121]
[113877,113874,1.0,0.9310368030117986]
[113877,113871,1.0,0.9814241474347255]
[113877,113868,1.0,0.9923363835724206]
[48765,29230,1.0,0.46102711681656566]
[330,324,1.0,0.9653275855654769]
[330,327,1.0,0.9869897472383191]
[327,324,1.0,0.9927904021198166]
[116235,29230,1.0,0.5125473369247602]
[116235,34888,1.0,0.40846470240534116]
[109926,34888,1.0,0.47383941724300127]
[116247,29230,1.0,0.5513688459828211]
[116247,116235,1.0,0.9304017828915856]
[116247,116244,1.0,0.9694417381726056]
[116247,116241,1.0,0.8541415215539595]
[116247,116238,1.0,0.6653359012840254]
[116244,29230,1.0,0.5125473369247602]
[116244,116235,1.0,0.9952227536000962]
[116244,109926,1.0,0.49652261705296485]
[116244,116241,1.0,0.9947211209289706]
[116244,116238,1.0,0.9842932541021887]
[116244,34888,1.0,0.40846470240534116]
[333,324,1.0,0.9890984968594246]
[333,330,1.0,0.9214444588451256]
[333,327,1.0,0.9841572674289139]
[116241,29230,1.0,0.5125473369247602]
[116241,116235,1.0,0.9866710622069911]
[116241,116238,1.0,0.6150024765793688]
[116241,34888,1.0,0.4034621696942913]
[116238,116235,1.0,0.6291603236149863]
[45755,45752,1.0,0.8311460120716535]
[45755,45749,1.0,0.9752516460666709]
[130308,130302,1.0,0.9952227536000962]
[130308,130305,1.0,0.9946572280446236]
[45752,45749,1.0,0.9412411466383586]
[130305,130302,1.0,0.9917038292066669]
[35350,24097,1.0,0.644986424195018]
[63289,35350,1.0,0.698016277903722]
[120228,120225,1.0,0.9911000558723745]
[120228,120222,1.0,0.9952227536000962]
[64750,64747,1.0,0.9692812394515334]
[64750,64744,1.0,0.9630550053762857]
[64750,64741,1.0,0.9836929302879048]
[28230,28227,1.0,0.9857484130768982]
[64747,64744,1.0,0.959156306937635]
[64747,64741,1.0,0.9905564682541387]
[120225,120222,1.0,0.9946572280446236]
[67164,66675,1.0,0.43287298093202203]
[74512,74506,1.0,0.9902190284568296]
[74512,74509,1.0,0.9858351746518952]
[64744,64741,1.0,0.9789489331466387]
[74509,74506,1.0,0.9929495960445205]
[3633,3630,1.0,0.9924270503672469]
[132199,6483,1.0,0.45548177210765806]
[120231,120228,1.0,0.9777178019527575]
[120231,120225,1.0,0.9628880331700949]
[120231,120222,1.0,0.9777178019527575]
[79573,16230,1.0,0.5459476925686616]
[64964,64961,1.0,0.9243298034396157]
[80302,17285,1.0,0.6356150492065058]
[32963,32957,1.0,0.9143268103044881]
[32963,32960,1.0,0.8014729969440306]
[45132,17285,1.0,0.6486884808863533]
[32969,32963,1.0,0.8542381046212187]
[32969,32957,1.0,0.9893249948666153]
[32969,32966,1.0,0.9798079889229523]
[32969,32960,1.0,0.9894214112690274]
[18651,17285,1.0,0.4211868269628859]
[17285,12456,1.0,0.6214086113412355]
[32966,32963,1.0,0.8331237000172201]
[32966,32957,1.0,0.9832973557299766]
[32966,32960,1.0,0.9758476410872384]
[32960,32957,1.0,0.9897074069715829]
[122532,36515,1.0,0.44565225523208274]
[44073,44070,1.0,0.9309681112089017]
[131265,131262,1.0,0.9915109344753413]
[131268,131262,1.0,0.9882311543253093]
[131268,131265,1.0,0.9918509245092542]
[98062,98059,1.0,0.9845287802935531]
[98062,98056,1.0,0.9932537467430427]
[58730,14862,1.0,0.628940521362516]
[58730,14859,1.0,0.49820081419900675]
[66531,66528,1.0,0.9909833862051808]
[66537,66528,1.0,0.9939673730620086]
[66537,66531,1.0,0.990106575269493]
[66537,66534,1.0,0.9930325493103378]
[89175,67532,1.0,0.4082427664479354]
[74741,59264,1.0,0.45731630079584884]
[74741,73232,1.0,0.5818422607086045]
[74741,67532,1.0,0.43083458503755767]
[14862,14859,1.0,0.9875478803503387]
[72303,67532,1.0,0.4235357291673926]
[66534,66528,1.0,0.9926561392683285]
[66534,66531,1.0,0.9902158174439909]
[32638,14862,1.0,0.4613034320807911]
[47747,47744,1.0,0.6666257580566339]
[71635,71632,1.0,0.9903662789682791]
[23035,14862,1.0,0.6861094580337882]
[23035,14859,1.0,0.49439263362309704]
[96841,74741,1.0,0.4570867649039409]
[96841,67532,1.0,0.4005613394188957]
[100111,14862,1.0,0.4157950561660897]
[100111,67532,1.0,0.4922801645222568]
[106923,67532,1.0,0.4322644352073043]
[111819,67532,1.0,0.5185657932082067]
[124168,67532,1.0,0.5450913834521571]
[71632,67532,1.0,0.5105290332444526]
[98059,67532,1.0,0.6003585557422573]
[98059,98056,1.0,0.9624383303070955]
[95130,67532,1.0,0.462454322675762]
[73232,14862,1.0,0.6246397691050286]
[73232,71635,1.0,0.44075112872279726]
[73232,14859,1.0,0.5027595089177226]
[73232,71632,1.0,0.44075112872279726]
[73232,71638,1.0,0.44075112872279726]
[67532,66528,1.0,0.4687806374639403]
[67532,41805,1.0,0.5810234629982879]
[67532,66531,1.0,0.45855228859680114]
[67532,56285,1.0,0.48581815269718653]
[67532,66537,1.0,0.4687806374639403]
[67532,14862,1.0,0.6015740154985796]
[67532,66534,1.0,0.4190209375276468]
[67532,23035,1.0,0.4627457566639914]
[67532,14859,1.0,0.4066817048526694]
[67532,3759,1.0,0.519677215371469]
[67532,37783,1.0,0.4658554454426807]
[67532,65618,1.0,0.6080096964299035]
[71638,71635,1.0,0.9750947561973442]
[71638,71632,1.0,0.9865596420858536]
[71638,67532,1.0,0.5467279166767643]
[126285,67532,1.0,0.54769807667716]
[101293,67532,1.0,0.4159313507898798]
[126087,86580,1.0,0.43195187664012175]
[126087,126084,1.0,0.9947351596765971]
[104583,104580,1.0,0.9848714024154799]
[104583,8942,1.0,0.4834990297929825]
[94801,94792,1.0,0.9194982283488962]
[94801,94798,1.0,0.7365028642478864]
[94801,94795,1.0,0.9147285807625263]
[27347,27341,1.0,0.9788708857390968]
[27347,27344,1.0,0.9905564682541387]
[111346,8942,1.0,0.4420333680597166]
[60517,7358,1.0,0.40998400123164686]
[27344,27341,1.0,0.9952227536000962]
[86583,86577,1.0,0.9915233505471256]
[86583,86580,1.0,0.9902495438178771]
[94798,94792,1.0,0.990076804060385]
[94798,94795,1.0,0.9892682574582415]
[94296,94290,1.0,0.9897158113947152]
[94296,94293,1.0,0.9876972309416453]
[104580,8942,1.0,0.4973796027307598]
[97741,97738,1.0,0.43081903884136513]
[97741,97735,1.0,0.9601753258048314]
[66466,8942,1.0,0.43661846098581464]
[94293,94290,1.0,0.9942129708818666]
[97738,97735,1.0,0.6674054875047307]
[126093,126087,1.0,0.9886736581679622]
[126093,126090,1.0,0.5956394645264632]
[126093,86580,1.0,0.4164532306692321]
[126093,126084,1.0,0.9895707056247579]
[126090,126087,1.0,0.5898402234163664]
[126090,126084,1.0,0.5956394645264632]
[86580,27344,1.0,0.5659814815413964]
[86580,51581,1.0,0.41268101807496316]
[86580,7358,1.0,0.5066330139848949]
[86580,86577,1.0,0.9944646684126466]
[94795,94792,1.0,0.9911890173278514]
[126084,86580,1.0,0.4340664975618897]
[27647,7358,1.0,0.448811256385298]
[14730,14727,1.0,0.9520064249105787]
[117643,117640,1.0,0.9901918127542898]
[85909,85906,1.0,0.9860383553776667]
[14736,14730,1.0,0.8671467178628054]
[14736,14727,1.0,0.977654719923328]
[14736,14733,1.0,0.9656483304267777]
[14733,14730,1.0,0.9421361507745436]
[14733,14727,1.0,0.9927904021198166]
[96768,96765,1.0,0.6689418091674485]
[96768,96759,1.0,0.9224962466384165]
[96768,96762,1.0,0.8380098645490391]
[96765,96759,1.0,0.9360133377757253]
[96765,96762,1.0,0.8765698539425666]
[111373,111370,1.0,0.9905564682541387]
[99522,99519,1.0,0.9918426894149314]
[14739,14730,1.0,0.9421361507745436]
[14739,14727,1.0,0.9909249982298294]
[14739,14736,1.0,0.958293544190484]
[14739,14733,1.0,0.9909249982298294]
[93204,85909,1.0,0.5288121075258732]
[93204,85906,1.0,0.47800475391724295]
[93204,85912,1.0,0.6486840225380097]
[85912,85909,1.0,0.9734867345096242]
[85912,5813,1.0,0.5089509144354329]
[85912,85906,1.0,0.967072128203841]
[85912,19820,1.0,0.5762699278938346]
[85912,6000,1.0,0.5074925204369605]
[96762,96759,1.0,0.9906224197015383]
[123828,123822,1.0,0.9929984661036967]
[123828,123825,1.0,0.9781077100335418]
[123825,123822,1.0,0.9845052697676131]
[72513,72510,1.0,0.9931579754637436]
[72516,72510,1.0,0.9941774998827791]
[72516,72513,1.0,0.9917010190375931]
[36650,36644,1.0,0.9770852295737608]
[131658,17010,1.0,0.4167519295703077]
[131658,131655,1.0,0.6846481893582399]
[35371,35368,1.0,0.9952227536000962]
[132028,35371,1.0,0.46397563775422446]
[79026,17010,1.0,0.5557458064972303]
[17010,1386,1.0,0.5795667100994684]
[131661,131658,1.0,0.6290454152469562]
[131661,17010,1.0,0.4058567231707999]
[131661,131655,1.0,0.9928425824562043]
[131655,17010,1.0,0.4973507325569953]
[90050,90047,1.0,0.973211585313276]
[55852,17010,1.0,0.4045516818629315]
[25128,25125,1.0,0.9745626517361745]
[25131,25125,1.0,0.9926278674655746]
[25131,25128,1.0,0.9739176833973461]
[107161,107158,1.0,0.9938289672647332]
[18795,18789,1.0,0.9896947213205199]
[66801,66792,1.0,0.9806727501614639]
[66801,66795,1.0,0.9570397478353656]
[66801,66798,1.0,0.9700936352960566]
[107164,107158,1.0,0.9902913432757028]
[107164,107161,1.0,0.9877541100443454]
[66795,66792,1.0,0.9752101888622662]
[66798,66792,1.0,0.987700044645388]
[66798,66795,1.0,0.9619557702086762]
[38973,38970,1.0,0.9107651127168911]
[38976,38973,1.0,0.8097835706436957]
[38976,38970,1.0,0.9911959333624409]
[78027,35411,1.0,0.4222467306392287]
[51591,35411,1.0,0.4277009994644516]
[111531,35411,1.0,0.49077338159073913]
[60987,13536,1.0,0.5505781933493212]
[42394,42391,1.0,0.9700936352960566]
[62002,35411,1.0,0.454059506765591]
[63845,16837,1.0,0.4012348205242211]
[63845,60990,1.0,0.4782007806004133]
[60990,13536,1.0,0.7578364274978516]
[60990,60987,1.0,0.9798243588451037]
[78030,78027,1.0,0.9879794106172526]
[124791,31972,1.0,0.4544709228461934]
[15078,13536,1.0,0.43125379278433107]
[127465,35411,1.0,0.4025565571221392]
[78033,78027,1.0,0.9947262821994]
[78033,35411,1.0,0.41882822982297374]
[78033,78030,1.0,0.9839229849703981]
[53966,33981,1.0,0.4022617950489071]
[82986,82983,1.0,0.9868076679828016]
[82989,82986,1.0,0.8170727271402655]
[82989,82983,1.0,0.869806420456726]
[1098,1092,1.0,0.9952227536000962]
[1098,1089,1.0,0.9952227536000962]
[3611,1092,1.0,0.42730111813572086]
[3611,3608,1.0,0.9930676807585843]
[125274,125271,1.0,0.9765450394651862]
[3614,3611,1.0,0.9899492759273266]
[3614,1092,1.0,0.41190390710756464]
[3614,3608,1.0,0.9929984661036967]
[40254,40251,1.0,0.9832932900980849]
[59053,1092,1.0,0.41849252311630697]
[42409,1092,1.0,0.47821645733994406]
[64334,1092,1.0,0.4010082731003078]
[91817,1098,1.0,0.46841237812096753]
[91817,1092,1.0,0.7657264698260609]
[91817,1089,1.0,0.46841237812096753]
[115998,115992,1.0,0.5186235029326767]
[1092,1089,1.0,0.9952227536000962]
[115995,115992,1.0,0.9070211231685509]
[40257,40251,1.0,0.9891370093329273]
[40257,40254,1.0,0.9853334390138033]
[3608,1092,1.0,0.42730111813572086]
[130653,130650,1.0,0.9923138789423898]
[113994,113988,1.0,0.9849719047369269]
[113994,113991,1.0,0.957249918728486]
[35932,8076,1.0,0.5712655769100854]
[35932,8622,1.0,0.4844482538040221]
[82686,8622,1.0,0.47787764816207573]
[128352,64192,1.0,0.6385647754477823]
[123247,74519,1.0,0.44950933496222767]
[123247,89365,1.0,0.4981874438562734]
[123247,35814,1.0,0.6981033550303375]
[19375,19372,1.0,0.9905615333622498]
[20062,7761,1.0,0.45188723592255314]
[21291,8622,1.0,0.4498785642937456]
[64373,64370,1.0,0.9871317944849407]
[113991,113988,1.0,0.9819207609776255]
[36877,36874,1.0,0.9949785116292866]
[108559,64192,1.0,0.41583363977849125]
[64192,40840,1.0,0.582933108649117]
[64192,16948,1.0,0.44628104780607875]
[74519,8622,1.0,0.48277883299159596]
[12333,12330,1.0,0.958041748716176]
[40874,7761,1.0,0.4799836916672757]
[89365,64370,1.0,0.4082015602345234]
[89365,18845,1.0,0.5833442456231481]
[89365,77990,1.0,0.5505487906414672]
[122694,35814,1.0,0.4959285281438818]
[106377,106371,1.0,0.9829395675182646]
[35814,8622,1.0,0.4383400365931043]
[21061,7761,1.0,0.40162860460416927]
[77990,64765,1.0,0.4057068422825367]
[24526,24520,1.0,0.9662663517036714]
[24526,24517,1.0,0.9936734116065394]
[24526,24523,1.0,0.9936734116065394]
[24520,24517,1.0,0.9712004758295838]
[118842,118839,1.0,0.9851932074881081]
[118842,118833,1.0,0.9944743997530586]
[118842,118830,1.0,0.989946657586029]
[118842,118836,1.0,0.9684207430982908]
[118839,118833,1.0,0.9917181190999939]
[118839,118830,1.0,0.9927904021198166]
[118839,118836,1.0,0.9745854758531162]
[118833,118830,1.0,0.9912115915503585]
[24523,24520,1.0,0.9922444720626648]
[24523,24517,1.0,0.9952227536000962]
[118836,118833,1.0,0.9814949831219966]
[118836,118830,1.0,0.9837182661522439]
[24529,24526,1.0,0.9700064287416719]
[24529,24520,1.0,0.9714178858683076]
[24529,24517,1.0,0.9812816989902331]
[24529,24523,1.0,0.9812816989902331]
[50725,50713,1.0,0.9743120952780883]
[50725,50722,1.0,0.9464883806492392]
[50725,50719,1.0,0.78372766644673]
[75044,75038,1.0,0.9952227536000962]
[75044,75041,1.0,0.9009436771806708]
[50722,50713,1.0,0.9755327292126799]
[50722,50719,1.0,0.7605871493959814]
[62246,12582,1.0,0.6859880750216686]
[50719,50713,1.0,0.9690594842803444]
[75041,75038,1.0,0.9623139059451364]
[89878,89872,1.0,0.9735071082983229]
[89884,89878,1.0,0.8191094712140992]
[89884,89881,1.0,0.9165559448657297]
[89884,89872,1.0,0.9603785046005593]
[89881,89878,1.0,0.9303705763921443]
[89881,89872,1.0,0.9883199097054204]
[34766,20212,1.0,0.5742817996739246]
[93198,8882,1.0,0.42281180765678694]
[93198,88252,1.0,0.5020958043934587]
[93198,20212,1.0,0.420275383393562]
[93198,64808,1.0,0.5239889464780877]
[85145,20212,1.0,0.5841290059959051]
[75002,74999,1.0,0.9931090984771789]
[117624,85145,1.0,0.42194546482256085]
[117624,20212,1.0,0.49105582432077605]
[73358,20212,1.0,0.4525863501672165]
[88252,34766,1.0,0.42263464847066684]
[88252,84322,1.0,0.4713154400307203]
[88252,70514,1.0,0.5825317090015386]
[67825,20212,1.0,0.4239943834069856]
[84322,73358,1.0,0.40269385707941313]
[84322,20212,1.0,0.5768617030709998]
[70514,20212,1.0,0.4081614378924583]
[79591,79585,1.0,0.9946572280446236]
[99399,99390,1.0,0.9952227536000962]
[99399,99393,1.0,0.9707416567624779]
[99399,99396,1.0,0.9221817213560071]
[89622,89619,1.0,0.9917038292066669]
[89622,89616,1.0,0.9917038292066669]
[119710,46922,1.0,0.48996719642072284]
[44183,37230,1.0,0.432185313881676]
[89619,89616,1.0,0.9942819304487751]
[79594,79591,1.0,0.9940899629327378]
[79594,79585,1.0,0.9946572280446236]
[99393,99390,1.0,0.9707416567624779]
[46922,19384,1.0,0.42681972681753405]
[99396,99390,1.0,0.9440830901560616]
[99396,99393,1.0,0.7944883949889968]
[89378,27926,1.0,0.46660218012386767]
[89378,56149,1.0,0.4622884093055497]
[59467,59464,1.0,0.9946572280446236]
[85612,85606,1.0,0.9909251903137]
[85612,85609,1.0,0.8992552222243559]
[127542,20590,1.0,0.464320829798561]
[127542,20587,1.0,0.4600873350224441]
[20590,20587,1.0,0.9687962206845864]
[117648,56149,1.0,0.42699445022293786]
[88062,56149,1.0,0.43012915993438094]
[59470,59464,1.0,0.9747314730888149]
[59470,59467,1.0,0.9606916401902102]
[85609,85606,1.0,0.9364253428498677]
[92706,92703,1.0,0.9881761805738833]
[92712,92706,1.0,0.9881761805738833]
[92712,92703,1.0,0.9952227536000962]
[61328,38404,1.0,0.5497949700471536]
[61328,21192,1.0,0.8030973783071519]
[61328,21195,1.0,0.8030973783071519]
[97107,97104,1.0,0.9952227536000962]
[72291,61328,1.0,0.45858144767410713]
[21195,21192,1.0,0.993172515220938]
[90981,90978,1.0,0.993588241188578]
[71404,71398,1.0,0.9922241080961267]
[71410,71404,1.0,0.7080098486956115]
[71410,71398,1.0,0.8650902021154411]
[71410,71407,1.0,0.7928060906452884]
[71407,71404,1.0,0.9634291757620703]
[71407,71398,1.0,0.9877726362494229]
[71528,57851,1.0,0.4110977328598836]
[71528,68793,1.0,0.4177981526933629]
[39135,31545,1.0,0.407239433963104]
[6098,6095,1.0,0.9952227536000962]
[120951,120948,1.0,0.9877812743869288]
[51067,13302,1.0,0.5007699100483624]
[45505,45502,1.0,0.9845876036482556]
[51073,51067,1.0,0.9952227536000962]
[51073,13302,1.0,0.5007699100483624]
[51073,7630,1.0,0.5209488750777468]
[51073,51070,1.0,0.9909251903137]
[12962,12959,1.0,0.9853710599997856]
[12962,12956,1.0,0.9941177397556439]
[7636,7627,1.0,0.9849407140112153]
[7636,7633,1.0,0.974299350319759]
[7636,7630,1.0,0.9364386687956309]
[120957,120951,1.0,0.9633682243618658]
[120957,101671,1.0,0.4339976060531912]
[120957,120948,1.0,0.9844406763662891]
[120957,120954,1.0,0.6304306011082113]
[13302,7630,1.0,0.523732042743765]
[101671,100774,1.0,0.4450612487339226]
[129177,129174,1.0,0.9879921469481711]
[67302,67296,1.0,0.9574687137509059]
[67302,67287,1.0,0.9950198389614197]
[67302,67290,1.0,0.9918663215635671]
[67302,67293,1.0,0.9557679360524179]
[15562,15559,1.0,0.9938164559286152]
[72925,71802,1.0,0.40731773471995575]
[67296,67287,1.0,0.9866989273976664]
[67296,67290,1.0,0.9770495626883102]
[67296,67293,1.0,0.9091850067590014]
[7633,7627,1.0,0.9757218066549047]
[7633,7630,1.0,0.9060351785853353]
[63544,13302,1.0,0.47641700564669137]
[7630,7627,1.0,0.950224438275769]
[67290,67287,1.0,0.9911457621988602]
[120948,101671,1.0,0.4527521271817166]
[96441,96438,1.0,0.9785112098878957]
[51070,51067,1.0,0.9909251903137]
[51070,13302,1.0,0.4129357104949052]
[101124,101121,1.0,0.8380807617857384]
[129180,129174,1.0,0.9937353308824888]
[129180,129177,1.0,0.9549234498470014]
[16954,16951,1.0,0.6945846667792623]
[104175,104163,1.0,0.9877726362494229]
[104175,104169,1.0,0.9192219663374179]
[104175,104166,1.0,0.4583095515514438]
[104175,104172,1.0,0.8836945711353217]
[119989,104169,1.0,0.4342869007400901]
[108427,108421,1.0,0.986159091961354]
[108427,108424,1.0,0.9848079537543601]
[7639,7636,1.0,0.40503460981806017]
[7639,7633,1.0,0.9304737440066233]
[104169,51073,1.0,0.4998995064505244]
[104169,36253,1.0,0.5256109964743569]
[104169,13302,1.0,0.4481595547299681]
[104169,7633,1.0,0.6214005412153804]
[104169,104163,1.0,0.9157510045973918]
[12959,12956,1.0,0.9877726362494229]
[131454,131451,1.0,0.9887423796467232]
[16957,16951,1.0,0.9878482406629729]
[16957,16954,1.0,0.7107239952271602]
[104166,104163,1.0,0.5481769286631388]
[67293,67287,1.0,0.9570066521101906]
[67293,67290,1.0,0.9301984994691435]
[104172,51073,1.0,0.5358553719403103]
[104172,36253,1.0,0.4549023051610929]
[104172,13302,1.0,0.5694916929515627]
[104172,101671,1.0,0.45030717595066977]
[104172,7633,1.0,0.6325932436942818]
[104172,10576,1.0,0.4449430820571781]
[104172,104163,1.0,0.9397134146396194]
[104172,104169,1.0,0.9221746992943506]
[104172,71802,1.0,0.4135919543696695]
[108424,108421,1.0,0.9936282955531263]
[108424,21400,1.0,0.44792886258006914]
[71802,7630,1.0,0.7113635418475661]
[11084,11078,1.0,0.9932074570990139]
[11084,11081,1.0,0.9619051769872738]
[120954,120951,1.0,0.47620698743551154]
[120954,120948,1.0,0.6309520296889504]
[11081,11078,1.0,0.9716564335069594]
[83998,83357,1.0,0.44941025218766556]
[78311,78308,1.0,0.9888152390801975]
[65816,65813,1.0,0.9905564682541387]
[65816,65807,1.0,0.9905564682541387]
[65816,65810,1.0,0.5939044555506415]
[83357,254,1.0,0.7175181937289808]
[83357,38713,1.0,0.4036924562854767]
[83357,46054,1.0,0.40451125897936535]
[83357,65816,1.0,0.4816620220770383]
[83357,20016,1.0,0.6108671999512078]
[83357,65813,1.0,0.4816620220770383]
[83357,65807,1.0,0.4816620220770383]
[83357,68482,1.0,0.523072499158716]
[83357,65810,1.0,0.4002057879358266]
[83357,66657,1.0,0.7100001445728792]
[83357,52801,1.0,0.6657289043177591]
[83357,1283,1.0,0.4464677709618398]
[83357,25302,1.0,0.5378030990593293]
[83357,77575,1.0,0.502982776811376]
[78314,78311,1.0,0.9888971299415757]
[78314,78308,1.0,0.9912365516097598]
[65813,65807,1.0,0.9952227536000962]
[65813,65810,1.0,0.6455703139452745]
[120169,83357,1.0,0.5273767272520993]
[122571,83357,1.0,0.5211991649691627]
[122571,122562,1.0,0.9209901098673113]
[122571,122565,1.0,0.787626575541447]
[122562,83357,1.0,0.5211991649691627]
[65810,65807,1.0,0.6302171948179578]
[66657,1283,1.0,0.411472457513421]
[88644,83357,1.0,0.633537220631482]
[88644,52801,1.0,0.6519009474569603]
[127744,83357,1.0,0.41064077761628937]
[122565,83357,1.0,0.5491740028924674]
[122565,122562,1.0,0.9859807404437877]
[86599,86596,1.0,0.9860566764597648]
[28610,28607,1.0,0.9896976780959446]
[44258,19255,1.0,0.47396860645930666]
[44258,28607,1.0,0.4089623044647947]
[38266,38263,1.0,0.9895764996180657]
[24595,24589,1.0,0.9909424776519933]
[24595,24592,1.0,0.9909424776519933]
[58587,44258,1.0,0.4692137491475166]
[62695,62692,1.0,0.9778535096092206]
[62695,62686,1.0,0.9831374193776826]
[86512,86503,1.0,0.4805842730391247]
[86512,86509,1.0,0.4805842730391247]
[95916,95913,1.0,0.993172515220938]
[59491,59485,1.0,0.99133259848331]
[73733,73730,1.0,0.8309569339372894]
[95919,95916,1.0,0.9952227536000962]
[95919,95913,1.0,0.9952227536000962]
[86506,86503,1.0,0.9922323843947127]
[117825,54823,1.0,0.4447197269429151]
[73736,73733,1.0,0.6492932093749536]
[73736,73730,1.0,0.9732085951490012]
[73812,28610,1.0,0.42444668261118973]
[73812,59491,1.0,0.44432348530820687]
[73812,59485,1.0,0.440141251816798]
[73812,28607,1.0,0.44365208759978797]
[21460,16975,1.0,0.4593193405516758]
[21460,21457,1.0,0.9929984661036967]
[62692,62686,1.0,0.9931800025570192]
[127774,114436,1.0,0.41486700971033647]
[79475,54823,1.0,0.4049223072963279]
[79275,79272,1.0,0.9933607062578763]
[68919,54823,1.0,0.48523350062820453]
[24592,24589,1.0,0.9952227536000962]
[121228,73733,1.0,0.42598274351704185]
[124749,44258,1.0,0.48155284561122963]
[79278,79272,1.0,0.8977591432924767]
[79278,79275,1.0,0.8757054089710661]
[38269,38266,1.0,0.9657564904634902]
[38269,38263,1.0,0.9889469435919268]
[54823,24595,1.0,0.4357740486721601]
[54823,43025,1.0,0.5582602988836186]
[54823,24589,1.0,0.4357740486721601]
[54823,24592,1.0,0.4357740486721601]
[54823,661,1.0,0.530778885657563]
[54823,31981,1.0,0.4134694947224434]
[62698,62695,1.0,0.9704910599926748]
[62698,62692,1.0,0.9877726362494229]
[62698,62686,1.0,0.9877726362494229]
[86509,86503,1.0,0.9952227536000962]
[86509,86506,1.0,0.9952227536000962]
[114630,53626,1.0,0.4422997141132712]
[78466,36248,1.0,0.4164065524846423]
[45431,45425,1.0,0.9927466147175701]
[45431,45428,1.0,0.9684198130118106]
[45428,45425,1.0,0.9935758493441158]
[82300,74642,1.0,0.537328593735299]
[43163,4737,1.0,0.5293916987977542]
[43163,21529,1.0,0.4131927283763595]
[43163,43157,1.0,0.9833089104128231]
[43163,43160,1.0,0.9326942664301058]
[43163,39185,1.0,0.4223382626259918]
[86834,82300,1.0,0.6228297934772945]
[127137,4737,1.0,0.48307741481209016]
[43160,43157,1.0,0.6461409330069836]
[74642,4737,1.0,0.5893349874076351]
[74642,60921,1.0,0.405884421069419]
[74642,32494,1.0,0.4883191022039576]
[87903,50656,1.0,0.40590311928083606]
[23885,4737,1.0,0.4177658354092764]
[92417,78862,1.0,0.5512478829959458]
[78862,78563,1.0,0.44400087569501007]
[95640,95637,1.0,0.9571860341516402]
[95643,95637,1.0,0.8870784260785058]
[95643,95640,1.0,0.7765962929583274]
[95646,95637,1.0,0.989059863451118]
[95646,95640,1.0,0.9552448248622479]
[95646,95643,1.0,0.7978498284218547]
[87538,87532,1.0,0.9839056397973164]
[87538,87535,1.0,0.975979984669145]
[87535,87532,1.0,0.9548806701058514]
[26539,26533,1.0,0.8947422127146568]
[26539,26536,1.0,0.773735860569233]
[123153,123144,1.0,0.9914218932439751]
[26536,26533,1.0,0.986648044631558]
[57720,49770,1.0,0.4727516521078259]
[57720,12993,1.0,0.4443350165406555]
[33591,33588,1.0,0.9398148700181876]
[88819,61281,1.0,0.42049501853994603]
[98932,61281,1.0,0.4409045381840027]
[87068,87062,1.0,0.9872688856099573]
[87068,87065,1.0,0.9734515855825118]
[88825,88819,1.0,0.9952227536000962]
[88825,88822,1.0,0.4912447970635134]
[88825,61281,1.0,0.42049501853994603]
[87074,87068,1.0,0.513827298799235]
[87074,87071,1.0,0.5044807181071138]
[87074,87062,1.0,0.5716374622102772]
[87074,61281,1.0,0.4225994858757113]
[87074,87065,1.0,0.5146284236804894]
[87071,87068,1.0,0.9888157429140937]
[87071,87062,1.0,0.9905564682541387]
[87071,87065,1.0,0.9710228460269367]
[63999,61281,1.0,0.6038646955786543]
[82647,61281,1.0,0.5464012424227024]
[87952,87949,1.0,0.9312190449502502]
[88822,88819,1.0,0.4765452304329349]
[104259,61281,1.0,0.5246777159697655]
[73169,73166,1.0,0.956611112298561]
[87077,87068,1.0,0.9850326198287026]
[87077,87074,1.0,0.93274872245091]
[87077,87071,1.0,0.9850326198287026]
[87077,87062,1.0,0.9922939198457621]
[87077,87065,1.0,0.9908396827725525]
[73172,73169,1.0,0.956611112298561]
[73172,73166,1.0,0.9952227536000962]
[73172,61281,1.0,0.5057811850431125]
[130231,61281,1.0,0.477230543628064]
[73175,73169,1.0,0.5436589316658026]
[73175,73172,1.0,0.7219506987087501]
[73175,73166,1.0,0.7219506987087501]
[73175,61281,1.0,0.43961465221878354]
[119601,61281,1.0,0.49372309672553377]
[72598,61281,1.0,0.4526028937449593]
[73166,61281,1.0,0.5057811850431125]
[61281,16553,1.0,0.41623377197592165]
[61281,38526,1.0,0.4876372109136748]
[61281,49682,1.0,0.4100890667042963]
[61281,45771,1.0,0.5257927846182862]
[61281,9811,1.0,0.43117025670930165]
[61281,15674,1.0,0.4355558889530704]
[61281,60188,1.0,0.4639988591066472]
[61281,27063,1.0,0.4384269366058664]
[87949,61281,1.0,0.40415791533222967]
[63618,61281,1.0,0.46388343540287263]
[33594,33591,1.0,0.9723698056811592]
[33594,33588,1.0,0.9952227536000962]
[71374,15705,1.0,0.47763912566153693]
[71374,61281,1.0,0.42417949232724284]
[117234,61281,1.0,0.5627662837309902]
[87065,87062,1.0,0.9657172150391561]
[13879,13876,1.0,0.9815008770441205]
[107941,107938,1.0,0.9743014883616372]
[107944,107938,1.0,0.6676769106266363]
[107944,107941,1.0,0.6624674607436624]
[13882,13879,1.0,0.977549438458302]
[13882,13876,1.0,0.9913332082809255]
[126708,35119,1.0,0.46295711522424443]
[23286,23283,1.0,0.8419670765729025]
[23286,23277,1.0,0.9831105439365512]
[23286,23280,1.0,0.9001448609157888]
[47943,47940,1.0,0.993224508025956]
[51459,51456,1.0,0.93996255245943]
[51459,51453,1.0,0.9946572280446236]
[51456,51453,1.0,0.9443846041774571]
[57673,47943,1.0,0.45335632662267217]
[23283,23277,1.0,0.8980529154802411]
[23283,23280,1.0,0.8300492625004744]
[130009,17098,1.0,0.4086335698192481]
[23280,23277,1.0,0.9547933265286948]
[67627,67624,1.0,0.9952227536000962]
[37555,37552,1.0,0.9745397725665178]
[9140,9137,1.0,0.9934197647450789]
[51255,51249,1.0,0.991709961379395]
[51255,51252,1.0,0.9915990316605479]
[51255,51246,1.0,0.9946572280446236]
[51249,51246,1.0,0.9925576416150033]
[51252,51249,1.0,0.9800079365924016]
[51252,51246,1.0,0.9866867679331506]
[35037,3770,1.0,0.4878510620993375]
[7584,7581,1.0,0.9913257058196152]
[91408,91405,1.0,0.9845821036456144]
[117934,117931,1.0,0.9799618260747837]
[13570,13567,1.0,0.9905564682541387]
[13579,13570,1.0,0.9862652617277846]
[13579,13576,1.0,0.9862652617277846]
[13579,13573,1.0,0.9858005819412123]
[13579,13567,1.0,0.9927962471656973]
[13576,13570,1.0,0.9952227536000962]
[13576,13573,1.0,0.9810215005695059]
[13576,13567,1.0,0.9905564682541387]
[29029,13579,1.0,0.4158248675026296]
[29029,13573,1.0,0.4077586156716749]
[29029,29023,1.0,0.9117144249613708]
[29029,13567,1.0,0.4158248675026296]
[29029,29020,1.0,0.981659156018156]
[13573,13570,1.0,0.9810215005695059]
[13573,13567,1.0,0.9903572345989504]
[29023,13573,1.0,0.47530098850725316]
[29023,29020,1.0,0.970886147339199]
[29020,13579,1.0,0.40499133984728897]
[29020,13567,1.0,0.40499133984728897]
[26980,26977,1.0,0.9638326370574687]
[112882,46820,1.0,0.4488775840804166]
[122202,122199,1.0,0.9879877553180034]
[122202,122196,1.0,0.9904337421865785]
[122199,122196,1.0,0.988119411407836]
[26073,26070,1.0,0.9827236257924631]
[26073,26067,1.0,0.8699062001104352]
[26073,26064,1.0,0.9879517446264874]
[72666,72657,1.0,0.9945658731879131]
[72666,72654,1.0,0.9945658731879131]
[72666,72660,1.0,0.9708557009661283]
[72666,72663,1.0,0.9923853014435418]
[72657,72654,1.0,0.9952227536000962]
[26070,26067,1.0,0.8516621544162997]
[26070,26064,1.0,0.9856482313316737]
[69273,69270,1.0,0.5520974203701208]
[26067,26064,1.0,0.9317198034100531]
[72660,72657,1.0,0.9736278568502866]
[72660,72654,1.0,0.9736278568502866]
[72663,72657,1.0,0.987144500813582]
[72663,72654,1.0,0.987144500813582]
[72663,72660,1.0,0.9397930096506826]
[89998,87334,1.0,0.4728244530066837]
[84775,84766,1.0,0.9933274442333258]
[84775,84763,1.0,0.9952227536000962]
[84766,84763,1.0,0.9933274442333258]
[120651,87334,1.0,0.4986294118716823]
[87337,87331,1.0,0.9952227536000962]
[87337,87334,1.0,0.985363324133453]
[94070,19505,1.0,0.5615636229976212]
[94070,87331,1.0,0.4998552851649286]
[94070,48071,1.0,0.5427168892084525]
[94070,87334,1.0,0.5071457603464258]
[55928,55922,1.0,0.9536802667934823]
[55928,55925,1.0,0.9524949216536869]
[115177,87334,1.0,0.4382449652053617]
[96483,87331,1.0,0.48469444946023504]
[96483,87334,1.0,0.461440545186246]
[55925,55922,1.0,0.9941331399080218]
[48071,19505,1.0,0.5358121405543059]
[87334,65832,1.0,0.43015537226203504]
[87334,77565,1.0,0.4929110194008885]
[87334,17160,1.0,0.5734640633324514]
[87334,6094,1.0,0.5728548705203804]
[87334,51493,1.0,0.5414082350121777]
[87334,58623,1.0,0.4204989976471882]
[87334,8785,1.0,0.6705711534060956]
[87334,56353,1.0,0.6331911823583384]
[87334,87331,1.0,0.9936220614614262]
[87334,48071,1.0,0.46195246096455744]
[87334,86172,1.0,0.4046847728457857]
[94387,94384,1.0,0.8984924308950115]
[49911,49908,1.0,0.9821630654395034]
[117201,42493,1.0,0.43232260901062436]
[49917,49908,1.0,0.9929318100825512]
[49917,49911,1.0,0.9856087460871569]
[21579,21573,1.0,0.9922444720626648]
[21582,21573,1.0,0.9800333343578065]
[21582,21579,1.0,0.9692772929731721]
[116922,116919,1.0,0.9785529537803654]
[104317,2190,1.0,0.5010803740616591]
[116925,116922,1.0,0.9568239238239975]
[116925,116919,1.0,0.9946743864336534]
[98200,2190,1.0,0.4027337909792113]
[16922,2190,1.0,0.5184615106531703]
[124885,124882,1.0,0.8940033076510205]
[10737,10731,1.0,0.9913318870370498]
[10737,10734,1.0,0.9898309842194003]
[80327,80324,1.0,0.9918484705620987]
[25401,25395,1.0,0.944464856260491]
[25401,25398,1.0,0.8697719197501356]
[15903,10737,1.0,0.4640034132304487]
[15903,10731,1.0,0.46187474366936876]
[15903,10734,1.0,0.4132258145764922]
[104499,28209,1.0,0.47998915094126404]
[80330,80327,1.0,0.9581529807145098]
[80330,80324,1.0,0.9407172244640191]
[25398,25395,1.0,0.9385279611334225]
[10734,10731,1.0,0.9945801990682802]
[101149,36785,1.0,0.4136868691792564]
[59106,59103,1.0,0.9041020784058877]
[59106,59100,1.0,0.9029482353848379]
[59103,59100,1.0,0.9946437385814257]
[116478,71086,1.0,0.4065103576610444]
[31639,406,1.0,0.46680871539429664]
[117547,64361,1.0,0.5956360012204607]
[117547,60037,1.0,0.5104085891169925]
[107220,107214,1.0,0.9513038054971056]
[107220,107208,1.0,0.9634165220037254]
[107220,107217,1.0,0.9566101425448857]
[107220,107211,1.0,0.9415282206780782]
[70397,406,1.0,0.7126035037240774]
[81524,81518,1.0,0.9859369605433117]
[107214,107208,1.0,0.9932537467430427]
[107214,107211,1.0,0.980953202231079]
[60037,52182,1.0,0.41469312869909675]
[60037,45504,1.0,0.4949917608948019]
[31115,31112,1.0,0.9919435024109846]
[64019,64016,1.0,0.9921872406501033]
[50586,24016,1.0,0.4264821164777872]
[50586,33672,1.0,0.4961950515873003]
[107217,107214,1.0,0.9893934179281124]
[107217,107208,1.0,0.9923958418221456]
[107217,107211,1.0,0.9789793577613991]
[78816,78813,1.0,0.9261274726251144]
[107211,107208,1.0,0.9916544791997739]
[92062,50586,1.0,0.6949876854461395]
[73442,73439,1.0,0.9952227536000962]
[84885,84879,1.0,0.9746582798643912]
[84885,84876,1.0,0.9934966093200482]
[36555,7937,1.0,0.40490902820022806]
[60107,7937,1.0,0.41391504768327303]
[84879,84876,1.0,0.9648254422614423]
[37398,7937,1.0,0.42458387094232874]
[54843,7937,1.0,0.4658029012826565]
[74938,7937,1.0,0.4221408147825127]
[88880,69850,1.0,0.40211289623605073]
[96292,96289,1.0,0.799882885933244]
[96292,96286,1.0,0.799882885933244]
[96289,96286,1.0,0.9952227536000962]
[36016,36013,1.0,0.9952227536000962]
[16393,16390,1.0,0.9875982903528514]
[126519,126516,1.0,0.9219664774482657]
[126519,126513,1.0,0.9589876657777561]
[4570,4564,1.0,0.9914854004045704]
[4570,4567,1.0,0.9790024842946409]
[126516,126513,1.0,0.9891164748499857]
[65683,65677,1.0,0.9952227536000962]
[65683,65680,1.0,0.640346512128112]
[3484,3475,1.0,0.9898610443907438]
[3484,3481,1.0,0.9898610443907438]
[3484,3478,1.0,0.96673745607044]
[16396,16393,1.0,0.9724577151233185]
[16396,16390,1.0,0.9877726362494229]
[36019,36016,1.0,0.9737652293427363]
[36019,36013,1.0,0.9737652293427363]
[109384,109375,1.0,0.9875239551668885]
[109384,109381,1.0,0.9850011410605952]
[109384,109378,1.0,0.9788984359833449]
[65680,65677,1.0,0.6000753535693295]
[75885,46560,1.0,0.580194694738514]
[75885,27855,1.0,0.4161314552490345]
[27855,27852,1.0,0.9952227536000962]
[3481,3475,1.0,0.9952227536000962]
[3481,3478,1.0,0.9761933255603685]
[4573,4570,1.0,0.9823263505829721]
[4573,4564,1.0,0.9895509735904369]
[4573,4567,1.0,0.9744412517103447]
[3478,3475,1.0,0.9865073723748478]
[120861,120858,1.0,0.993984955328199]
[71657,4570,1.0,0.5141297439356709]
[71657,46560,1.0,0.5899587657439038]
[120864,120858,1.0,0.9924035866335227]
[120864,120861,1.0,0.9914275831168682]
[4567,4564,1.0,0.9876579688040311]
[109381,109375,1.0,0.9941331399080218]
[109381,109378,1.0,0.9909063191122471]
[109378,109375,1.0,0.9946149626479851]
[109378,72928,1.0,0.5144683673330092]
[109378,21098,1.0,0.4703670939353336]
[129883,129880,1.0,0.9782491108348013]
[99976,99967,1.0,0.9711617168363996]
[99976,99961,1.0,0.9952227536000962]
[99976,99973,1.0,0.9667896800412817]
[99976,99970,1.0,0.986561341032257]
[99976,99964,1.0,0.9841321212498235]
[99967,99961,1.0,0.9711617168363996]
[99967,99964,1.0,0.9222376292736334]
[99973,99967,1.0,0.8723161560456744]
[99973,99961,1.0,0.9695075010356858]
[99973,99970,1.0,0.9321314891116348]
[99973,99964,1.0,0.9240996532302506]
[99970,99967,1.0,0.9654980824032692]
[99970,99961,1.0,0.9902913432757028]
[99970,99964,1.0,0.9699410977423446]
[99964,99961,1.0,0.9815719178739348]
[99870,51136,1.0,0.42323826318293073]
[129408,29791,1.0,0.40367951178883216]
[36132,14899,1.0,0.47064502123275137]
[76225,76219,1.0,0.9707416567624779]
[66418,18138,1.0,0.46378638697106195]
[124440,124434,1.0,0.9030687380514529]
[69000,68997,1.0,0.9745913298569896]
[66424,66418,1.0,0.9865073723748478]
[66424,66421,1.0,0.9720909822746138]
[66421,66418,1.0,0.9845994134845545]
[66421,18138,1.0,0.44738215629207007]
[69006,68997,1.0,0.9825717647989364]
[69006,69000,1.0,0.9507408464873764]
[81695,81692,1.0,0.9952227536000962]
[81695,36675,1.0,0.45777998009407433]
[115279,36917,1.0,0.537534464277182]
[115279,81695,1.0,0.7989241897057908]
[115279,81692,1.0,0.7989241897057908]
[115279,36675,1.0,0.5963356003045067]
[115279,81698,1.0,0.7989241897057908]
[115279,81701,1.0,0.7989241897057908]
[81698,81695,1.0,0.9911457621988602]
[81698,81692,1.0,0.990195458033732]
[81701,81695,1.0,0.9952227536000962]
[81701,81692,1.0,0.9916975038550923]
[81701,81698,1.0,0.982509533098518]
[65359,65356,1.0,0.9869790175117046]
[65359,65353,1.0,0.9792048394972992]
[85744,65356,1.0,0.6043433713854419]
[118822,65356,1.0,0.5111674651198204]
[65356,65353,1.0,0.9934197647450789]
[91430,91427,1.0,0.988421098306559]
[70415,70409,1.0,0.9586712444324653]
[70415,70412,1.0,0.9588716537248857]
[91439,91427,1.0,0.9811918968950657]
[91439,91430,1.0,0.959159878742751]
[91439,91436,1.0,0.975716576948369]
[91439,91433,1.0,0.9710059758456998]
[91436,91427,1.0,0.9840130830510198]
[91436,91430,1.0,0.9635576808323476]
[91436,91433,1.0,0.9906285574853446]
[13646,13643,1.0,0.9952227536000962]
[70412,70409,1.0,0.9918426894149314]
[91433,91427,1.0,0.9747594325831879]
[91433,91430,1.0,0.9747594325831879]
[7092,7089,1.0,0.9541662103319472]
[7092,7086,1.0,0.9536524978674644]
[7095,7092,1.0,0.9436097751771452]
[7095,7089,1.0,0.9915983298324076]
[7095,7086,1.0,0.9919180930178195]
[7098,7092,1.0,0.9151436344705066]
[7098,7095,1.0,0.9808616413343281]
[7098,7089,1.0,0.9872495890782742]
[7098,7086,1.0,0.9877726362494229]
[39932,39926,1.0,0.9777817318046398]
[39932,39929,1.0,0.9633011960085517]
[39929,39926,1.0,0.9942258159747788]
[7089,7086,1.0,0.9950198389614197]
[39935,39926,1.0,0.9665254577978082]
[39935,39932,1.0,0.9624644705807608]
[39935,39929,1.0,0.9665254577978082]
[4878,4872,1.0,0.9573594607880812]
[4878,4875,1.0,0.7075945691748134]
[4875,4872,1.0,0.9120643604052895]
[73143,46861,1.0,0.5018346856945949]
[126747,31910,1.0,0.4553126982706116]
[31910,26263,1.0,0.43109370343935155]
[31910,15259,1.0,0.41396210139351086]
[125782,31910,1.0,0.4617687790068571]
[95484,31910,1.0,0.415713739208507]
[72144,72141,1.0,0.9937591786417587]
[72147,72141,1.0,0.9406952488634243]
[72147,72144,1.0,0.8995049773865331]
[77415,77409,1.0,0.9952227536000962]
[42323,42320,1.0,0.9122234163923976]
[32010,32007,1.0,0.977232441103611]
[22951,22948,1.0,0.9681027815942592]
[22954,22951,1.0,0.8688877738809097]
[22954,22948,1.0,0.9809469414890544]
[42326,42323,1.0,0.8776782814065796]
[42326,42320,1.0,0.993172515220938]
[60057,12850,1.0,0.40158453500791125]
[6078,6075,1.0,0.9934637941520884]
[46020,46017,1.0,0.9940652748684415]
[105013,38608,1.0,0.4439179760355914]
[105013,60057,1.0,0.6299592177161661]
[13186,13180,1.0,0.9891356835907431]
[68497,38608,1.0,0.40916448448584153]
[42329,42323,1.0,0.780951908957076]
[42329,42326,1.0,0.9878158188713515]
[42329,42320,1.0,0.9942129708818666]
[120865,120862,1.0,0.8783837223013795]
[12832,4133,1.0,0.5533042647388637]
[12832,12829,1.0,0.8796719187784164]
[12832,12823,1.0,0.9881052308984659]
[12832,12826,1.0,0.9877908943000435]
[28808,28805,1.0,0.885212546207031]
[12835,12832,1.0,0.8748868336506705]
[12835,12829,1.0,0.9521656015871657]
[12835,12823,1.0,0.968255908710738]
[12835,12826,1.0,0.9550255495940505]
[12829,12823,1.0,0.9236885796367639]
[12829,12826,1.0,0.8970956713822119]
[120871,120865,1.0,0.8037215775950494]
[120871,120868,1.0,0.9754377701148621]
[120871,120862,1.0,0.9894084108855338]
[18572,12832,1.0,0.4531874751589031]
[120868,120865,1.0,0.8455850834634613]
[120868,120862,1.0,0.9932537467430427]
[85846,85843,1.0,0.9952227536000962]
[28811,28808,1.0,0.7200511354886963]
[28811,28805,1.0,0.9922444720626648]
[12826,12823,1.0,0.9945081630075626]
[92279,86042,1.0,0.47833825685317816]
[89159,89156,1.0,0.959908618341569]
[76758,76755,1.0,0.9732879856484844]
[24281,24275,1.0,0.8450834188547147]
[24281,24278,1.0,0.9483728364071928]
[24281,24272,1.0,0.9897241218632042]
[83451,22742,1.0,0.5256398775081758]
[83451,11250,1.0,0.6162361365202159]
[74707,22742,1.0,0.4178065050028962]
[74707,11250,1.0,0.47689951466065134]
[127558,69487,1.0,0.4038603333615329]
[24275,24272,1.0,0.9091096202221817]
[76761,76758,1.0,0.946947483646587]
[76761,76755,1.0,0.9877726362494229]
[13111,11250,1.0,0.5723809288862091]
[70663,70660,1.0,0.8448976177358407]
[70663,70654,1.0,0.977654719923328]
[24278,24275,1.0,0.9149706925828743]
[24278,24272,1.0,0.9929072958550027]
[22742,13111,1.0,0.4529738658335439]
[70660,70654,1.0,0.9818798187869151]
[127318,83451,1.0,0.43956748023611514]
[127318,11250,1.0,0.6314463947184734]
[108264,22742,1.0,0.5667143218435976]
[108264,11250,1.0,0.6100577805867039]
[108264,89076,1.0,0.4005014060014735]
[82518,22376,1.0,0.5399097675112885]
[82518,82515,1.0,0.9952227536000962]
[82518,61306,1.0,0.4299275222983082]
[70286,33931,1.0,0.4919967356036917]
[70286,12131,1.0,0.5482366295501067]
[81544,81541,1.0,0.9952227536000962]
[84950,84944,1.0,0.9425597260872243]
[84950,84947,1.0,0.8835250305351552]
[27150,27147,1.0,0.9876454688345383]
[84947,84944,1.0,0.9678037800485622]
[43812,43806,1.0,0.9804153029480317]
[43812,43809,1.0,0.9665227720562564]
[43809,43806,1.0,0.9906918022220798]
[43815,43812,1.0,0.8844268215565376]
[43815,43806,1.0,0.9591292701647975]
[43815,43809,1.0,0.9611038897081189]
[51483,51480,1.0,0.9914756223331858]
[131226,131223,1.0,0.9799790363782397]
[131226,131220,1.0,0.9952227536000962]
[94038,94032,1.0,0.6232866896900235]
[94038,94035,1.0,0.6795651904504625]
[131223,29592,1.0,0.4266851631246152]
[131223,131220,1.0,0.9799790363782397]
[131223,25373,1.0,0.5133647366916172]
[131220,29592,1.0,0.42833679698015914]
[131220,25373,1.0,0.4990049709211954]
[94035,94032,1.0,0.9931484548490003]
[88123,88120,1.0,0.9952227536000962]
[37570,37564,1.0,0.9942322398449379]
[37570,37567,1.0,0.9519613275080971]
[37567,37564,1.0,0.9462278370851631]
[48749,48746,1.0,0.4876976159560297]
[48752,48749,1.0,0.553309165513]
[48752,48746,1.0,0.9869094452980356]
[12309,12303,1.0,0.9813965907183962]
[12309,12306,1.0,0.895808718505151]
[12306,12303,1.0,0.9632599635010914]
[12315,12303,1.0,0.9927904021198166]
[12315,12309,1.0,0.982686899536658]
[12315,12306,1.0,0.94777067207259]
[78861,78858,1.0,0.9927904021198166]
[5776,5773,1.0,0.945331850681778]
[121762,33331,1.0,0.5186426184734525]
[5779,5776,1.0,0.905300345133249]
[5779,5773,1.0,0.9952227536000962]
[123372,123366,1.0,0.993531361446851]
[123372,123369,1.0,0.712730460552856]
[123369,123366,1.0,0.7557248622181421]
[108153,108150,1.0,0.9861325966344309]
[62410,62401,1.0,0.993833290446873]
[62410,62404,1.0,0.9929876675437873]
[62404,62401,1.0,0.9926297125923712]
[73911,57091,1.0,0.45048692259031475]
[40214,864,1.0,0.5068816229178488]
[58769,864,1.0,0.454024729606246]
[16665,16659,1.0,0.9940437414908686]
[16665,16662,1.0,0.7020144981809758]
[64669,64666,1.0,0.9600519298174851]
[64669,64660,1.0,0.9712608999963547]
[64666,64660,1.0,0.9946939993737459]
[111553,40214,1.0,0.4051928125962029]
[57091,40214,1.0,0.4167236001054136]
[16668,16665,1.0,0.9706648643130096]
[16668,16659,1.0,0.9911597858465793]
[16668,16662,1.0,0.6010778270026058]
[16662,16659,1.0,0.551469163536972]
[77688,41617,1.0,0.5743011556959592]
[77688,48418,1.0,0.507698378833634]
[77688,12678,1.0,0.5847957925262757]
[17109,17103,1.0,0.8753100256006326]
[17109,17106,1.0,0.8685788190168788]
[17109,17100,1.0,0.9187787630148765]
[5106,5103,1.0,0.9877726362494229]
[73922,12678,1.0,0.5496197747920218]
[126672,126669,1.0,0.9872115328169102]
[5109,5106,1.0,0.9785844134677308]
[5109,5103,1.0,0.9913719155278211]
[30262,30256,1.0,0.9886216371970553]
[30262,30259,1.0,0.9602428216367551]
[17103,17100,1.0,0.9905564682541387]
[67504,12678,1.0,0.6065270160555861]
[41617,12681,1.0,0.44325318852799045]
[59999,32576,1.0,0.48814373916616677]
[103569,12675,1.0,0.4495340680696632]
[103569,12678,1.0,0.8407543831179222]
[103569,12681,1.0,0.4495340680696632]
[74458,6493,1.0,0.42973896672797385]
[48418,32576,1.0,0.7260151600980255]
[30259,30256,1.0,0.9809469414890544]
[52722,12678,1.0,0.5368751649922953]
[26574,26571,1.0,0.5210197152626559]
[26583,26574,1.0,0.4381525480824274]
[26583,26580,1.0,0.9138959427919108]
[26583,26571,1.0,0.9877726362494229]
[132243,77688,1.0,0.4869019552700324]
[132243,67504,1.0,0.40618349853321956]
[132243,103569,1.0,0.4683004305508758]
[132243,48418,1.0,0.5631808552673973]
[132243,52722,1.0,0.4438729407989459]
[132243,75937,1.0,0.49617464541468775]
[132243,32576,1.0,0.7299767298314934]
[132243,6493,1.0,0.46678168637121425]
[17106,17103,1.0,0.9835150076473743]
[17106,17100,1.0,0.9911959333624409]
[26580,26571,1.0,0.9508796174869149]
[118212,6493,1.0,0.46595947098210494]
[61258,32576,1.0,0.48526591194189195]
[32576,12678,1.0,0.538742975465832]
[12678,12675,1.0,0.9935047841791984]
[12678,10865,1.0,0.5832020074214466]
[12678,6493,1.0,0.46704467171350633]
[12681,12675,1.0,0.9952227536000962]
[12681,12678,1.0,0.9935047841791984]
[5112,5106,1.0,0.9586648613227223]
[5112,5109,1.0,0.9784066278276505]
[5112,5103,1.0,0.9805551599148019]
[26586,26583,1.0,0.934540317019417]
[26586,26580,1.0,0.8756024721402398]
[26586,26571,1.0,0.9670919231624939]
[23384,14708,1.0,0.42726097766953985]
[23384,23372,1.0,0.9492807055327224]
[23372,14708,1.0,0.42726097766953985]
[86763,52231,1.0,0.4446697385994074]
[65531,52231,1.0,0.5131729905986895]
[109537,52231,1.0,0.5261321056217759]
[52231,30754,1.0,0.5686446868615318]
[52231,23382,1.0,0.6258070779721031]
[52231,30551,1.0,0.5767648008856472]
[52231,11445,1.0,0.4844729364763814]
[52231,52228,1.0,0.9914287719067394]
[73162,36247,1.0,0.4408264572412029]
[73162,36256,1.0,0.4408264572412029]
[73162,73159,1.0,0.989365145916517]
[83202,83199,1.0,0.9870492595503026]
[83205,83202,1.0,0.9751831815823625]
[83205,83199,1.0,0.9930676807585843]
[83205,19534,1.0,0.4149378645398939]
[73165,73162,1.0,0.8719532357085578]
[73165,36247,1.0,0.41154931953133433]
[73165,36256,1.0,0.41154931953133433]
[73165,73159,1.0,0.9676943428806629]
[43982,43979,1.0,0.970781959560548]
[43736,43733,1.0,0.8527742294300752]
[102036,36247,1.0,0.4842464173865761]
[102036,83208,1.0,0.42827284505439644]
[102036,36256,1.0,0.474501135626399]
[83208,83202,1.0,0.7483307445941565]
[83208,83205,1.0,0.8801662147473084]
[83208,83199,1.0,0.8760147300754144]
[83208,19534,1.0,0.41750829336203577]
[83208,63713,1.0,0.40775216365886185]
[36256,36247,1.0,0.9937777677988837]
[73159,36247,1.0,0.4408264572412029]
[73159,36256,1.0,0.4408264572412029]
[133026,133023,1.0,0.958092295737741]
[88137,3433,1.0,0.5114383797814377]
[37438,21461,1.0,0.659893472677818]
[43917,43908,1.0,0.9899899668414485]
[43917,43914,1.0,0.8251508206714998]
[43917,43911,1.0,0.9841875043060868]
[43914,43908,1.0,0.918968420617175]
[43914,43911,1.0,0.8610099614471736]
[12888,12885,1.0,0.965635998453161]
[49893,12885,1.0,0.5437437661552469]
[49893,12888,1.0,0.5911893393792392]
[43911,43908,1.0,0.9922444720626648]
[113340,113337,1.0,0.992401980840966]
[65424,431,1.0,0.4845051440351809]
[65424,65421,1.0,0.9919454308272327]
[65421,431,1.0,0.4733746949595144]
[113343,113337,1.0,0.9946939993737459]
[113343,113340,1.0,0.994446615866645]
[88559,88556,1.0,0.99242120055853]
[128463,92089,1.0,0.4057951006098993]
[88562,88556,1.0,0.9772393758309041]
[88562,88559,1.0,0.966126850411415]
[56368,6660,1.0,0.48847764095860136]
[70212,42250,1.0,0.41024058523237855]
[70212,42256,1.0,0.41024058523237855]
[70212,42247,1.0,0.41024058523237855]
[70212,42253,1.0,0.7499988017156332]
[42250,42247,1.0,0.9929318100825512]
[42256,42250,1.0,0.9868451309766241]
[42256,42247,1.0,0.9952227536000962]
[42256,42253,1.0,0.988119411407836]
[42253,42250,1.0,0.9834492540380243]
[42253,3504,1.0,0.5695999141805274]
[42253,42247,1.0,0.9938647243311929]
[70650,3504,1.0,0.4314371245724544]
[93445,93439,1.0,0.9645332950341019]
[93445,93442,1.0,0.7063642353705027]
[93442,93439,1.0,0.9040364648067725]
[131149,70212,1.0,0.5233599519305087]
[131149,53981,1.0,0.511892743530009]
[131149,89950,1.0,0.4219887930831334]
[131149,4613,1.0,0.8441712603716026]
[131149,42250,1.0,0.43079300151377703]
[131149,48219,1.0,0.6557291087844603]
[131149,42256,1.0,0.43079300151377703]
[131149,13276,1.0,0.44107119946110934]
[131149,3504,1.0,0.7706146710773436]
[131149,42247,1.0,0.43079300151377703]
[131149,42253,1.0,0.43079300151377703]
[131149,93439,1.0,0.40071307918827087]
[131149,60450,1.0,0.43131087632252313]
[131149,3265,1.0,0.5215307111583498]
[131149,65175,1.0,0.6268192872283036]
[131149,49280,1.0,0.7552720457768327]
[131149,42259,1.0,0.44642821590279763]
[42259,42250,1.0,0.7590962449636053]
[42259,42256,1.0,0.8802057252886556]
[42259,42247,1.0,0.8802057252886556]
[42259,42253,1.0,0.979103410703313]
[85160,85157,1.0,0.987897422277693]
