[53184,53181,1.0,0.9929945970442641]
[53187,53184,1.0,0.9904719324476287]
[53187,53181,1.0,0.9908593952215817]
[42561,42558,1.0,0.9937353308824888]
[38142,38133,1.0,0.7986583096484755]
[38142,38139,1.0,0.7195247167024523]
[38142,38130,1.0,0.8460379455731551]
[38133,38130,1.0,0.9883879776040064]
[38145,38142,1.0,0.6033422243502704]
[38145,38133,1.0,0.9493645943804129]
[38145,38139,1.0,0.9588672738962956]
[38145,38130,1.0,0.9843357605292834]
[38139,38133,1.0,0.9604283572038343]
[38139,38130,1.0,0.9857996250494707]
[95641,66094,1.0,0.5307437693807637]
[21174,21171,1.0,0.9936282955531263]
[80528,80525,1.0,0.9927904021198166]
[13614,13608,1.0,0.8128015066824492]
[51847,51841,1.0,0.9703756569451089]
[51847,51844,1.0,0.9645917879174877]
[66809,27468,1.0,0.4655387276595271]
[66809,31675,1.0,0.4184588674635211]
[27468,27465,1.0,0.9952227536000962]
[73390,67550,1.0,0.43861773731546017]
[73390,28941,1.0,0.4004107970849036]
[51844,51841,1.0,0.9895951572156075]
[65469,65466,1.0,0.9074657866092708]
[51104,51098,1.0,0.904346853598978]
[51104,51101,1.0,0.8052426994998783]
[51107,51098,1.0,0.9015704419989938]
[51107,51101,1.0,0.7884018518839064]
[98692,98686,1.0,0.6790145240677484]
[98692,98689,1.0,0.6159970468783843]
[98689,98686,1.0,0.9910123785238677]
[51101,51098,1.0,0.9845298911698156]
[56797,34577,1.0,0.5009811566016967]
[43682,43673,1.0,0.9887683244486709]
[43682,43679,1.0,0.8574082053156358]
[20908,20902,1.0,0.9933188620921809]
[28997,28994,1.0,0.9875478803503387]
[43679,43673,1.0,0.9257218648713954]
[20911,20908,1.0,0.9904029676238112]
[20911,20902,1.0,0.993082199924913]
[20727,4953,1.0,0.4094808401496836]
[14138,14135,1.0,0.9817077874992666]
[130813,130810,1.0,0.9945658729539499]
[130816,130813,1.0,0.9903225318416143]
[130816,130810,1.0,0.9907453314477414]
[100840,20727,1.0,0.6217203150392338]
[130822,130813,1.0,0.9903225318416143]
[130822,130816,1.0,0.9907453314477414]
[130822,130810,1.0,0.9952227536000962]
[46778,46775,1.0,0.9912124474460464]
[93292,93286,1.0,0.9924234871403347]
[88285,88276,1.0,0.9901918127542898]
[88285,88279,1.0,0.9901918127542898]
[88285,88282,1.0,0.9682624711858703]
[118561,118558,1.0,0.8251411809145912]
[118561,118555,1.0,0.9466464613760872]
[118561,118552,1.0,0.9496717909078228]
[118561,118549,1.0,0.9945081630075626]
[53798,38415,1.0,0.42756629230381843]
[83025,83022,1.0,0.9764930794586544]
[96573,14861,1.0,0.4777858005323708]
[96573,14867,1.0,0.6011259211453959]
[96573,14864,1.0,0.4777858005323708]
[118558,118555,1.0,0.692812075478252]
[118558,118552,1.0,0.5863154462480707]
[118558,118549,1.0,0.8807738025101717]
[118555,118552,1.0,0.8575535656552603]
[118555,118549,1.0,0.9717835736424795]
[118552,118549,1.0,0.9543902872818683]
[26040,26037,1.0,0.9858055357943665]
[26043,26040,1.0,0.952295465536966]
[26043,26037,1.0,0.9877812743869288]
[1404,1395,1.0,0.9878906685854122]
[1404,1398,1.0,0.9876129383219406]
[53233,26040,1.0,0.49038133994712885]
[53233,26037,1.0,0.49140169876635864]
[88279,88276,1.0,0.9952227536000962]
[88279,79223,1.0,0.43490136362801984]
[88282,88276,1.0,0.9764991173893812]
[88282,88279,1.0,0.9764991173893812]
[14867,14861,1.0,0.986097736718503]
[14867,14864,1.0,0.9348981515425424]
[14864,14861,1.0,0.9824254578181393]
[38415,14867,1.0,0.601554483357007]
[112081,112075,1.0,0.9355921077564874]
[112081,112078,1.0,0.8883639371523921]
[112078,112075,1.0,0.9877726362494229]
[104707,96573,1.0,0.5526237843129305]
[104707,38415,1.0,0.4425675374931768]
[108285,108282,1.0,0.9848354827991459]
[1398,1395,1.0,0.9946149626479851]
[6161,6158,1.0,0.9195355177202388]
[6161,6155,1.0,0.9353506865466628]
[38439,7364,1.0,0.4707497723046791]
[53899,13115,1.0,0.519606324825558]
[89098,21969,1.0,0.41382108226270076]
[72616,72613,1.0,0.9611387172244029]
[6164,6161,1.0,0.8769294539606963]
[6164,6158,1.0,0.9855757998208188]
[6164,6155,1.0,0.9891700284774299]
[106324,106318,1.0,0.9766253328358865]
[77881,21969,1.0,0.7233867008251953]
[72622,72616,1.0,0.9424300106444279]
[72622,71358,1.0,0.4630474499995408]
[72622,72613,1.0,0.994342093446844]
[72622,13115,1.0,0.475232783987778]
[72622,21969,1.0,0.44942466445288304]
[6158,6155,1.0,0.9935047841791984]
[87957,21969,1.0,0.4945205769546771]
[35550,14286,1.0,0.570964035579873]
[74043,74040,1.0,0.9933677579237732]
[74046,74040,1.0,0.9927904021198166]
[74046,74043,1.0,0.9796667312772105]
[74049,74040,1.0,0.9881761805738833]
[74049,74043,1.0,0.9804699095666336]
[74049,74046,1.0,0.9830986319044381]
[109680,13293,1.0,0.40065215216811423]
[109680,31409,1.0,0.42394604661696583]
[109680,87486,1.0,0.4251232872500805]
[99711,64568,1.0,0.44282197106189825]
[65039,60026,1.0,0.48366873946004907]
[87917,14293,1.0,0.41863948127694567]
[87917,64568,1.0,0.8394466949571031]
[87917,87914,1.0,0.9920183479179085]
[114883,109680,1.0,0.460749416790083]
[90617,37542,1.0,0.43094811106455116]
[90617,16501,1.0,0.6140802145925347]
[90617,60026,1.0,0.9456156622152847]
[90617,17696,1.0,0.7755741908227578]
[90617,62614,1.0,0.40707003379857093]
[85761,64568,1.0,0.593273379698944]
[103980,64568,1.0,0.457343452663485]
[99049,87486,1.0,0.5136345197597879]
[99723,99711,1.0,0.991450268566843]
[99723,99720,1.0,0.7267785024017046]
[99723,99717,1.0,0.9787323782946453]
[99723,99714,1.0,0.9845273479114759]
[99723,64568,1.0,0.40023497362385285]
[8289,8283,1.0,0.9791619074461192]
[8289,8286,1.0,0.8445757729468235]
[77708,64568,1.0,0.4572908308428483]
[99720,99711,1.0,0.8031237838630582]
[99720,99717,1.0,0.794681513247697]
[99720,99714,1.0,0.7360363017082316]
[99720,64568,1.0,0.46570180082352847]
[18720,18717,1.0,0.9952227536000962]
[97503,90617,1.0,0.4073610956965135]
[97503,60026,1.0,0.5987875753030801]
[61589,16501,1.0,0.4389258598415073]
[77597,64568,1.0,0.7816464091236347]
[99717,99711,1.0,0.9872021338195044]
[99717,99714,1.0,0.9768531129806554]
[99717,64568,1.0,0.44282197106189825]
[99714,99711,1.0,0.9905564682541387]
[99714,64568,1.0,0.467721666148044]
[53113,53110,1.0,0.9742896380036221]
[91990,90617,1.0,0.46421668256501897]
[91990,60026,1.0,0.5624300319732093]
[73201,65039,1.0,0.4775592157754834]
[73201,60026,1.0,0.4640017163053458]
[73201,64568,1.0,0.5503031455314895]
[82783,16501,1.0,0.5192193450794635]
[82783,60026,1.0,0.7374675945883818]
[82783,17696,1.0,0.4694845515783278]
[82783,62614,1.0,0.49378732151123644]
[112011,16501,1.0,0.5703743116086535]
[112011,60026,1.0,0.7343512578465144]
[112011,17696,1.0,0.5124027518623903]
[112011,62614,1.0,0.42320423015981606]
[112011,112008,1.0,0.9897328353191741]
[112011,90307,1.0,0.4189203572426462]
[2509,2506,1.0,0.9952227536000962]
[16501,2509,1.0,0.6571942954569716]
[16501,12903,1.0,0.47848104830017]
[60026,37542,1.0,0.4211860731855074]
[60026,53113,1.0,0.6112270308178587]
[60026,14293,1.0,0.4598577550949244]
[60026,17696,1.0,0.5390936276660011]
[60026,12903,1.0,0.68172185667847]
[60026,53110,1.0,0.6529770448330134]
[60026,25309,1.0,0.4474786504545317]
[122169,122166,1.0,0.9763972942538423]
[64568,37542,1.0,0.4145599030897001]
[64568,18720,1.0,0.5722744838441073]
[64568,61589,1.0,0.48732443021924476]
[64568,53245,1.0,0.4390650694722868]
[64568,16501,1.0,0.8800021760322557]
[64568,60026,1.0,0.9354244276513505]
[64568,39999,1.0,0.4063747569410572]
[64568,17696,1.0,0.609996656495191]
[64568,62252,1.0,0.49175912278229905]
[64568,12903,1.0,0.4742518440815933]
[64568,62614,1.0,0.5343215245242909]
[64568,18717,1.0,0.5722744838441073]
[76050,64568,1.0,0.41246732525453694]
[8292,8289,1.0,0.8499425944637915]
[8292,8283,1.0,0.8928406854859275]
[8292,8286,1.0,0.9317163590183583]
[103564,92204,1.0,0.5747723688005318]
[112014,112011,1.0,0.9816032925661564]
[112014,16501,1.0,0.5525466607215731]
[112014,60026,1.0,0.7343512578465144]
[112014,17696,1.0,0.5124027518623903]
[112014,62614,1.0,0.4373670657937936]
[112014,112008,1.0,0.9905564682541387]
[112014,90307,1.0,0.5380241711879509]
[52156,52153,1.0,0.9698530654087167]
[122172,122166,1.0,0.9850799099557817]
[122172,122169,1.0,0.8796667852716192]
[8286,8283,1.0,0.9456434462122908]
[126103,64568,1.0,0.41245520987254236]
[62614,39999,1.0,0.41861249890196534]
[87914,64568,1.0,0.4532955265817198]
[92204,67280,1.0,0.4022054439357371]
[92204,87917,1.0,0.4741450510673687]
[92204,16501,1.0,0.7432831299934047]
[92204,60026,1.0,0.7163299984836242]
[92204,64568,1.0,0.4469505935795857]
[92204,17696,1.0,0.44409681540983226]
[105543,105540,1.0,0.9602898536729445]
[105552,105540,1.0,0.9910149508065733]
[105552,64568,1.0,0.4053765034530374]
[105552,105543,1.0,0.9293814967480191]
[112008,16501,1.0,0.5525466607215731]
[112008,60026,1.0,0.7343512578465144]
[112008,17696,1.0,0.5124027518623903]
[112008,62614,1.0,0.42320423015981606]
[112008,90307,1.0,0.4964632747357171]
[108453,3144,1.0,0.44995071818782384]
[11486,8828,1.0,0.42634258564375455]
[8828,1594,1.0,0.4299041209805511]
[8828,506,1.0,0.5187060436491624]
[117796,8828,1.0,0.41077181536551066]
[67304,50182,1.0,0.5593035211187827]
[67304,50185,1.0,0.49044275405004784]
[80243,45101,1.0,0.48910809981292325]
[80243,16721,1.0,0.40233297268771623]
[123906,8828,1.0,0.40168825806155695]
[132834,132831,1.0,0.8374642772038416]
[57988,3144,1.0,0.6800980884526101]
[57988,57985,1.0,0.9791473372675475]
[55535,8828,1.0,0.7127840402320206]
[84245,8495,1.0,0.6555627011781826]
[9781,8828,1.0,0.5403645300205335]
[9781,506,1.0,0.537228881402682]
[113065,113062,1.0,0.9874882310208049]
[13741,8828,1.0,0.537979764122055]
[57985,3144,1.0,0.7362969984932956]
[21847,8828,1.0,0.5091327373076517]
[21847,8495,1.0,0.5394174271872725]
[50182,50179,1.0,0.9236222310023984]
[81265,50185,1.0,0.47619490362493727]
[129078,8477,1.0,0.4603247819909473]
[80830,50182,1.0,0.6450380977451231]
[80830,50185,1.0,0.5137169417047751]
[45599,8828,1.0,0.6453017730659879]
[87968,8828,1.0,0.47087859837936363]
[13744,8828,1.0,0.487294522886734]
[13744,13741,1.0,0.9583228321971058]
[94303,50182,1.0,0.5680109968030405]
[94303,50185,1.0,0.586170559897091]
[113068,113062,1.0,0.9718590482025511]
[113068,113065,1.0,0.978903040566438]
[50185,50182,1.0,0.8362431556667757]
[50185,50179,1.0,0.9857727681364292]
[65671,50182,1.0,0.5690931353931153]
[113722,8477,1.0,0.46277608668179127]
[113722,8828,1.0,0.40313469899565535]
[113722,9781,1.0,0.4302351619945387]
[113722,45599,1.0,0.5598365218651911]
[113722,87968,1.0,0.5266340245837496]
[113722,113719,1.0,0.7834356739971323]
[113722,71865,1.0,0.47521454125830026]
[70525,70522,1.0,0.8107172915638943]
[113074,113062,1.0,0.9905564682541387]
[113074,113065,1.0,0.9769669134990037]
[113074,113068,1.0,0.9716743051589415]
[113074,113071,1.0,0.9905564682541387]
[27709,27706,1.0,0.4580055981316838]
[84935,8495,1.0,0.47716235930155715]
[16985,3059,1.0,0.5088054592871071]
[11325,11322,1.0,0.9549104384759173]
[13747,8828,1.0,0.5848852068236954]
[13747,13741,1.0,0.7954346160086714]
[13747,13744,1.0,0.4899812951703364]
[33351,3144,1.0,0.46821248665030857]
[127288,127282,1.0,0.9899074872227256]
[105537,8828,1.0,0.4257015832610197]
[11328,11322,1.0,0.8068759605230609]
[11328,11325,1.0,0.797786588396761]
[113292,3144,1.0,0.45959855074467404]
[113071,113062,1.0,0.9952227536000962]
[113071,113065,1.0,0.9874882310208049]
[113071,113068,1.0,0.9843357605292834]
[50691,8828,1.0,0.44080202884150016]
[3390,3387,1.0,0.989385152357951]
[113719,10334,1.0,0.431673594403338]
[113719,3059,1.0,0.4569691592427029]
[71865,8828,1.0,0.5040330515106751]
[71865,57988,1.0,0.46388364493350803]
[71865,3144,1.0,0.5031610198047022]
[71865,57985,1.0,0.5004309157564159]
[22328,8828,1.0,0.4046124644577778]
[22328,3144,1.0,0.5627525840224977]
[79423,56493,1.0,0.6392940517983886]
[79423,79420,1.0,0.9742496949099433]
[79423,79417,1.0,0.9901918127542898]
[117156,58628,1.0,0.46750315741746673]
[79426,79423,1.0,0.9842442669947392]
[79426,56493,1.0,0.6196101913170103]
[79426,79420,1.0,0.9732675537853533]
[79426,79417,1.0,0.9852952983157007]
[58628,890,1.0,0.49427699203282965]
[58628,51449,1.0,0.47776405955329365]
[91645,56493,1.0,0.4325509441079193]
[99832,79420,1.0,0.4129101379793575]
[99832,79417,1.0,0.4129101379793575]
[56493,9965,1.0,0.41354938246783457]
[9965,9956,1.0,0.7225339013222816]
[9965,9959,1.0,0.7225339013222816]
[9959,9956,1.0,0.9933550320030448]
[98493,79426,1.0,0.4548947136047618]
[79429,79423,1.0,0.951984436743898]
[79429,79426,1.0,0.9318623190813893]
[79429,56493,1.0,0.5974538646830589]
[79429,79420,1.0,0.917648228942971]
[79429,79417,1.0,0.964275781658989]
[26107,26104,1.0,0.9591292701647975]
[79420,56493,1.0,0.6766538083762162]
[79420,79417,1.0,0.9863601043469905]
[79420,31613,1.0,0.4453776360129759]
[79417,56493,1.0,0.6681112090040536]
[79417,31613,1.0,0.4453776360129759]
[30566,30356,1.0,0.5392556145086158]
[56126,56123,1.0,0.9297501286174917]
[42754,42748,1.0,0.9899074872227256]
[124657,57211,1.0,0.5421042581387854]
[124657,59906,1.0,0.41602029125597184]
[124657,59903,1.0,0.4226269995383257]
[124657,58400,1.0,0.5490679075547797]
[92669,92666,1.0,0.8541204400066578]
[118803,118797,1.0,0.9435757433873435]
[42757,42754,1.0,0.9819860746606744]
[42757,42748,1.0,0.9911457621988602]
[42760,42754,1.0,0.9212773424356739]
[42760,42757,1.0,0.9212773424356739]
[42760,42748,1.0,0.9212773424356739]
[42763,42754,1.0,0.9873689226256624]
[42763,42757,1.0,0.9911457621988602]
[42763,42760,1.0,0.906352530794335]
[42763,42748,1.0,0.9939673730620086]
[81910,81907,1.0,0.9889469435919268]
[59906,57211,1.0,0.47058862100299864]
[59906,59903,1.0,0.9894216274077394]
[59903,57211,1.0,0.47238812720129447]
[56132,56126,1.0,0.9299053740658674]
[56132,56123,1.0,0.989600274614173]
[58400,39423,1.0,0.5067347677215096]
[81913,81907,1.0,0.9911000680194085]
[81913,81910,1.0,0.9911000680194085]
[82222,67647,1.0,0.4872288805636482]
[82225,82222,1.0,0.9952227536000962]
[82225,67647,1.0,0.5801723514697299]
[100384,67647,1.0,0.5532518184365164]
[111639,67647,1.0,0.4734283588576464]
[111639,82228,1.0,0.42481781221971043]
[111639,111636,1.0,0.9952227536000962]
[82228,82222,1.0,0.9922323843947127]
[82228,24745,1.0,0.42806640635135956]
[82228,67647,1.0,0.4872288805636482]
[82228,82225,1.0,0.9922323843947127]
[98946,67647,1.0,0.4755061319839115]
[111636,67647,1.0,0.4734283588576464]
[66184,50413,1.0,0.5910183598340768]
[26478,26475,1.0,0.9618756802984161]
[26478,26472,1.0,0.9870298867990478]
[93022,93019,1.0,0.9838459090852748]
[72677,67415,1.0,0.483977408822953]
[42960,42957,1.0,0.8804151378530398]
[121242,121236,1.0,0.9435757433873435]
[121242,121239,1.0,0.820138095395195]
[126172,67415,1.0,0.4683479819194666]
[26475,26472,1.0,0.9827163946109496]
[121239,121236,1.0,0.9936963280681194]
[95427,95424,1.0,0.9900592205763161]
[88185,4820,1.0,0.6040633410616796]
[26368,26362,1.0,0.9276347237652159]
[93025,93022,1.0,0.9110065466948474]
[93025,93019,1.0,0.927639492805255]
[95430,95424,1.0,0.669472256457216]
[95430,95427,1.0,0.6294508131154257]
[70589,70586,1.0,0.9856253264773094]
[42963,42960,1.0,0.8335148221287693]
[42963,42957,1.0,0.9919839916101322]
[121245,121236,1.0,0.9945658729539499]
[121245,121242,1.0,0.9378313807596891]
[121245,121239,1.0,0.975309552832202]
[70592,70586,1.0,0.9905564682541387]
[70592,70589,1.0,0.9331877742813559]
[85626,460,1.0,0.4434810976872585]
[85626,61037,1.0,0.5302135938567871]
[111103,85626,1.0,0.4233682191506192]
[47770,47764,1.0,0.9329284983242925]
[47770,47767,1.0,0.8622160785127883]
[62000,61994,1.0,0.987730481272573]
[62000,61997,1.0,0.976676248890963]
[47767,47764,1.0,0.9887846984243484]
[61997,61994,1.0,0.9940648199012452]
[51376,51370,1.0,0.9913332082809255]
[8383,5859,1.0,0.4422276036830335]
[40657,8383,1.0,0.6615275797304633]
[55297,40657,1.0,0.5414135312592332]
[55297,55291,1.0,0.9952227536000962]
[55291,40657,1.0,0.5414135312592332]
[28586,28583,1.0,0.9842879504501727]
[34208,34205,1.0,0.9883652126324259]
[167,164,1.0,0.9929243387519429]
[34211,34208,1.0,0.8838314384732996]
[34211,34205,1.0,0.94071015246375]
[69976,69970,1.0,0.9914651780633009]
[69976,69973,1.0,0.9865708923934716]
[69973,69970,1.0,0.9795429443388058]
[47997,47994,1.0,0.9806410389893357]
[47997,47991,1.0,0.9936577049581731]
[10307,10304,1.0,0.9728823430684628]
[47994,47991,1.0,0.947380468321828]
[105369,9237,1.0,0.45887706122026395]
[105369,9243,1.0,0.4982759929838029]
[131416,131413,1.0,0.9808179376575178]
[131416,98745,1.0,0.49253006038302233]
[131416,9243,1.0,0.4179885565607901]
[25892,9237,1.0,0.41752325893874875]
[22728,9237,1.0,0.44533590794515293]
[22728,9243,1.0,0.46838964783070774]
[88898,88895,1.0,0.8821992255404548]
[88898,88892,1.0,0.9663321556951576]
[88898,9237,1.0,0.5225768416326737]
[88898,88889,1.0,0.8965829698592785]
[88898,9243,1.0,0.4855440793936406]
[79155,79152,1.0,0.9952227536000962]
[31846,9237,1.0,0.4248237477969096]
[31846,9243,1.0,0.4096754166350697]
[77281,9243,1.0,0.42156360884543054]
[84572,9237,1.0,0.5534536166868618]
[84572,9243,1.0,0.44144786916740686]
[16687,16678,1.0,0.97163326770051]
[16687,16675,1.0,0.9822778125347954]
[16687,16681,1.0,0.8835457475608302]
[65973,9243,1.0,0.4195799537971421]
[41923,19493,1.0,0.43969502937051463]
[19493,9243,1.0,0.4097624112673063]
[29792,9237,1.0,0.4169740826149747]
[16678,16675,1.0,0.9918818867765093]
[34409,34403,1.0,0.8477302882476964]
[34409,34397,1.0,0.8971161503127548]
[34409,34406,1.0,0.8185860041320834]
[122301,9237,1.0,0.4361556864260089]
[122301,9243,1.0,0.44281514842110437]
[122301,84017,1.0,0.4154519133332783]
[131413,98745,1.0,0.5065050085557611]
[131413,9243,1.0,0.41936889388594556]
[88901,88898,1.0,0.8914321265153381]
[88901,88895,1.0,0.9476993630948138]
[88901,88892,1.0,0.9363502563437502]
[88901,9237,1.0,0.5002816627075205]
[88901,88889,1.0,0.9651857257205376]
[88901,9243,1.0,0.4349910029522766]
[54051,54048,1.0,0.9921471266607758]
[88895,88892,1.0,0.9656753033019009]
[88895,9237,1.0,0.48817318510207375]
[88895,88889,1.0,0.9679551670266958]
[88895,9243,1.0,0.48154387288300676]
[63081,19493,1.0,0.40693846733487204]
[63081,9243,1.0,0.425545340949174]
[34412,34409,1.0,0.8586310549171763]
[34412,34403,1.0,0.9794441732140619]
[34412,34397,1.0,0.9927904021198166]
[34412,34406,1.0,0.9586255326442152]
[115143,98745,1.0,0.47411541998632867]
[115143,9243,1.0,0.41629746747743307]
[88892,9237,1.0,0.4676115151710167]
[88892,88889,1.0,0.9170174292849088]
[88892,9243,1.0,0.518974490036039]
[126639,9237,1.0,0.8064458233582009]
[126639,44079,1.0,0.40013877625995903]
[126639,9243,1.0,0.8045593125468388]
[98745,31846,1.0,0.4988474844420413]
[98745,6189,1.0,0.5394441626023969]
[98745,19493,1.0,0.6660480597317693]
[98745,13671,1.0,0.5714202950199636]
[98745,9237,1.0,0.8087170925839875]
[98745,41409,1.0,0.5872650248442808]
[98745,54054,1.0,0.4093445332116263]
[98745,9243,1.0,0.7929792696002296]
[98745,69065,1.0,0.4880294159184233]
[98745,84017,1.0,0.4087450037316838]
[13671,9237,1.0,0.5336681259314867]
[13671,9243,1.0,0.5306175983271749]
[103995,9237,1.0,0.5319323813362526]
[103995,9243,1.0,0.5232548497466988]
[83036,69065,1.0,0.4264514186481506]
[9237,6189,1.0,0.6001779815585575]
[9237,6553,1.0,0.5099530663085939]
[94678,94672,1.0,0.9925468645354409]
[94678,94675,1.0,0.9647926318541333]
[16681,16678,1.0,0.9313742943963021]
[16681,16675,1.0,0.9313742943963021]
[125734,98745,1.0,0.4105348355849221]
[125734,9237,1.0,0.4412888036642518]
[125734,9243,1.0,0.437531174752472]
[37255,9237,1.0,0.46743156405003067]
[37255,9243,1.0,0.43882723804860124]
[44079,19493,1.0,0.44105634318838965]
[44079,9243,1.0,0.4669396975184181]
[88889,9237,1.0,0.7217445738793661]
[88889,9243,1.0,0.518974490036039]
[41409,9237,1.0,0.4481865425652464]
[54057,54048,1.0,0.9679943624663402]
[54057,54051,1.0,0.9644842428594376]
[54057,54054,1.0,0.9179270470141329]
[34403,34397,1.0,0.9803417668259415]
[54054,54048,1.0,0.987897422277693]
[54054,54051,1.0,0.9865219007257688]
[132145,9243,1.0,0.4801472179332366]
[79158,79155,1.0,0.9613376178904596]
[79158,79152,1.0,0.9613376178904596]
[34406,34403,1.0,0.9307857814101991]
[34406,34397,1.0,0.9707026477599624]
[22230,9237,1.0,0.413984525715385]
[22230,9243,1.0,0.4129856278182935]
[131419,131416,1.0,0.9884976622176969]
[131419,131413,1.0,0.9899839835146277]
[131419,98745,1.0,0.49253006038302233]
[131419,9243,1.0,0.4179885565607901]
[9243,6189,1.0,0.639799557335594]
[9243,6553,1.0,0.4347233102101784]
[9243,9237,1.0,0.9804403763405027]
[95694,9237,1.0,0.5374449887879315]
[95694,9243,1.0,0.5622612369751162]
[69065,31846,1.0,0.49475386282018097]
[69065,9237,1.0,0.6913904623469028]
[69065,9243,1.0,0.6814202546591622]
[60009,9237,1.0,0.4516829496012588]
[60009,9243,1.0,0.46778428996364474]
[84017,19493,1.0,0.523265897701153]
[119772,9237,1.0,0.4424604518453275]
[94675,94672,1.0,0.9922323843947127]
[52800,9237,1.0,0.4221211196335275]
[52800,9243,1.0,0.42056553307146727]
[107967,98745,1.0,0.4467439733288747]
[107967,9237,1.0,0.4727268414409775]
[107967,9243,1.0,0.48739850775007665]
[81377,81368,1.0,0.9930080541476703]
[81380,81377,1.0,0.987038757570834]
[81380,81368,1.0,0.9909728179801929]
[115767,115764,1.0,0.9952227536000962]
[115770,115764,1.0,0.9272199451875233]
[115770,115767,1.0,0.9272199451875233]
[115770,78493,1.0,0.6928278645254745]
[127188,78493,1.0,0.41985229479653374]
[4561,4558,1.0,0.9952227536000962]
[127849,127846,1.0,0.9782011945496366]
[127849,35575,1.0,0.5335799441430402]
[127849,115090,1.0,0.6055457574733187]
[127846,35575,1.0,0.4673487252130282]
[127846,115090,1.0,0.5502177607296524]
[115090,35575,1.0,0.6336010950863942]
[122541,16937,1.0,0.7490785554363516]
[122541,4376,1.0,0.7725140883314032]
[122541,38366,1.0,0.6658126968486806]
[122541,24911,1.0,0.4136008064007954]
[122541,31975,1.0,0.4233618286118334]
[122541,31156,1.0,0.4205490254215309]
[122541,12443,1.0,0.4485231649863271]
[122541,11237,1.0,0.8223503129249679]
[122541,5538,1.0,0.42995428164100324]
[122541,22317,1.0,0.46612515306859786]
[122541,89515,1.0,0.4135364529150061]
[122541,49647,1.0,0.5715226095946497]
[122541,71914,1.0,0.44334774077888844]
[122541,38897,1.0,0.43597045316989524]
[122541,49100,1.0,0.40657887589275915]
[122541,60884,1.0,0.6041537498018411]
[122541,79814,1.0,0.4003143623062825]
[37495,37492,1.0,0.9852934421911324]
[37498,37495,1.0,0.916485746044522]
[37498,37492,1.0,0.9365823675009856]
[43548,43545,1.0,0.9936108836889805]
[62648,24911,1.0,0.41226270458244435]
[42971,42968,1.0,0.9921738891790352]
[43551,43545,1.0,0.993172515220938]
[43551,43548,1.0,0.9853576901648962]
[55119,55113,1.0,0.9179112149715352]
[55119,55110,1.0,0.9502778173483987]
[55119,55116,1.0,0.9208394711552385]
[111072,87441,1.0,0.46258185779684313]
[55113,55110,1.0,0.9656985168672451]
[110581,87441,1.0,0.5004085409636928]
[89208,87441,1.0,0.43509081116163634]
[55116,55113,1.0,0.933984914937228]
[55116,55110,1.0,0.9905564682541387]
[73842,73839,1.0,0.9936963280681194]
[105048,71036,1.0,0.5682343549295105]
[105054,105048,1.0,0.9900096249183904]
[105054,105051,1.0,0.9881132104562892]
[105054,71036,1.0,0.5682343549295105]
[61490,61487,1.0,0.9585812846755787]
[61490,61484,1.0,0.9778650546678638]
[111981,111975,1.0,0.9941113773414735]
[111981,111978,1.0,0.9930587209849993]
[111978,111975,1.0,0.9938747847384765]
[105057,105048,1.0,0.9732491583035461]
[105057,105054,1.0,0.9490394600583165]
[105057,105051,1.0,0.989082938860863]
[105057,71036,1.0,0.5132376354744278]
[105051,105048,1.0,0.9942129708818666]
[105051,71036,1.0,0.5378076798583412]
[61487,61484,1.0,0.9900850340350941]
[46771,46768,1.0,0.9900592205763161]
[105060,105048,1.0,0.8889373520711434]
[105060,105054,1.0,0.8889373520711434]
[105060,105057,1.0,0.867162035540775]
[105060,105051,1.0,0.9654852646378643]
[105060,71036,1.0,0.5683067846487627]
[73845,73842,1.0,0.9778861278847795]
[73845,73839,1.0,0.9952227536000962]
[26756,26753,1.0,0.9952227536000962]
[71036,46768,1.0,0.5019826804304508]
[71036,46771,1.0,0.5089494321932487]
[75772,69682,1.0,0.60585196726263]
[109357,109354,1.0,0.9843964713463375]
[68518,68512,1.0,0.9933677579237732]
[68521,68518,1.0,0.9780771268104586]
[68521,68512,1.0,0.9867683382768504]
[68524,68518,1.0,0.798182598882881]
[68524,68521,1.0,0.7771509982567482]
[68524,68512,1.0,0.8674468354371452]
[116958,116955,1.0,0.7310650740186586]
[82519,9251,1.0,0.43772869702341893]
[82519,82513,1.0,0.9952227536000962]
[82519,82516,1.0,0.9673345627005011]
[60248,9251,1.0,0.6075805933429131]
[9251,3827,1.0,0.4510385245549331]
[9251,2369,1.0,0.4618076273724453]
[22446,9251,1.0,0.4855710338407283]
[55997,9251,1.0,0.5854076640729695]
[106875,9251,1.0,0.5748711256824642]
[106875,106872,1.0,0.9877726362494229]
[92269,9251,1.0,0.5644743773895934]
[82513,9251,1.0,0.43772869702341893]
[16064,9251,1.0,0.46069285238336677]
[82840,9251,1.0,0.5422956854222104]
[31323,9251,1.0,0.5091213686406033]
[68413,9251,1.0,0.4002057141550008]
[113562,9251,1.0,0.5577209146252069]
[82516,9251,1.0,0.442874135087541]
[82516,82513,1.0,0.9673345627005011]
[106878,9251,1.0,0.44359726906462243]
[106878,106875,1.0,0.926913855105215]
[106878,106872,1.0,0.9567907872820889]
[13661,9251,1.0,0.47699182578940313]
[43239,9251,1.0,0.4105292648281396]
[53803,9251,1.0,0.5551562456827889]
[13564,9251,1.0,0.46376174094840467]
[31326,9251,1.0,0.5278457663008662]
[31326,31323,1.0,0.9390919839517412]
[65246,60248,1.0,0.5908538304980736]
[65246,65243,1.0,0.9952227536000962]
[108714,9251,1.0,0.46997111717480095]
[106872,9251,1.0,0.653973141495105]
[38135,38126,1.0,0.9927904021198166]
[106881,9251,1.0,0.653973141495105]
[106881,106875,1.0,0.9877726362494229]
[106881,106878,1.0,0.9709221343136982]
[106881,106872,1.0,0.9952227536000962]
[20841,9251,1.0,0.5706493645666364]
[125574,9251,1.0,0.44712317242377886]
[125574,125565,1.0,0.9893525123480461]
[125574,125568,1.0,0.9872732170625346]
[125574,125571,1.0,0.9893525123480461]
[82522,82519,1.0,0.9877564672537694]
[82522,9251,1.0,0.41276887390415384]
[82522,82513,1.0,0.9877564672537694]
[82522,82516,1.0,0.9292894592935158]
[87860,9251,1.0,0.437093727146695]
[24378,9251,1.0,0.4034243228743408]
[125568,125565,1.0,0.9931905064527496]
[74593,9251,1.0,0.47365272323213153]
[125571,125565,1.0,0.9952227536000962]
[125571,65246,1.0,0.42217020326151045]
[125571,125568,1.0,0.9931905064527496]
[98295,9251,1.0,0.4715018577135469]
[126340,9251,1.0,0.40001981985828755]
[90932,7271,1.0,0.44619978833766333]
[90932,90926,1.0,0.994365556528073]
[62492,47510,1.0,0.4673129042778139]
[62492,7271,1.0,0.46750474401752407]
[78899,7271,1.0,0.5322560747014045]
[90938,90932,1.0,0.9910198967266831]
[90938,7271,1.0,0.5491847182618091]
[90938,90926,1.0,0.9952227536000962]
[90941,90932,1.0,0.9891272791386978]
[90941,90938,1.0,0.9944743997530586]
[90941,90926,1.0,0.9944743997530586]
[17379,17376,1.0,0.9927904021198166]
[17388,17376,1.0,0.9952227536000962]
[17388,17379,1.0,0.9927904021198166]
[17388,17385,1.0,0.9084132090614757]
[17385,17376,1.0,0.9084132090614757]
[17385,17379,1.0,0.8809944558648282]
[89552,51961,1.0,0.4130862811931418]
[89552,51642,1.0,0.6303470632987319]
[48217,48214,1.0,0.9713669664469161]
[130026,125769,1.0,0.4494620158312323]
[125769,38458,1.0,0.4113805166576793]
[125769,38461,1.0,0.4113805166576793]
[125769,63007,1.0,0.4188295521696314]
[108945,51642,1.0,0.43046843767184795]
[94206,51642,1.0,0.5047312709197003]
[38461,38458,1.0,0.9890823621101688]
[107319,89552,1.0,0.6473992746183123]
[51642,11930,1.0,0.4067574738963513]
[51642,48217,1.0,0.6086372404185841]
[51642,14221,1.0,0.42148821076884263]
[51642,48214,1.0,0.5718989231178826]
[51642,43295,1.0,0.40099577818588217]
[126132,126129,1.0,0.9602371928897073]
[126135,126132,1.0,0.919055688349577]
[126135,126129,1.0,0.9941331399080218]
[77179,12592,1.0,0.679275391219686]
[77179,45031,1.0,0.5899577903220307]
[45210,45204,1.0,0.9899074872227256]
[45210,45201,1.0,0.9872287844329666]
[105349,105343,1.0,0.9934197647450789]
[45204,45201,1.0,0.9952227536000962]
[50812,24548,1.0,0.4493434838839853]
[121686,69413,1.0,0.5724960070988437]
[94855,50616,1.0,0.4609560266009815]
[94855,50619,1.0,0.4609560266009815]
[94855,94852,1.0,0.9895447268028138]
[50616,32168,1.0,0.5704269983867241]
[50616,47898,1.0,0.431830895595684]
[50616,13928,1.0,0.4040530938100331]
[121689,121686,1.0,0.9862943282430376]
[121689,69413,1.0,0.5677553519343849]
[50619,32168,1.0,0.5665271960549182]
[50619,50616,1.0,0.9942129708818666]
[50619,47898,1.0,0.42365291299114755]
[50619,13928,1.0,0.4040530938100331]
[89082,69413,1.0,0.4571910561153455]
[102022,24548,1.0,0.40014746544512586]
[52028,52025,1.0,0.9702536412643291]
[126900,69413,1.0,0.565561509984821]
[39074,12762,1.0,0.48260242665869735]
[100455,87451,1.0,0.4231510720526759]
[87451,69413,1.0,0.5555230381571825]
[52031,52028,1.0,0.9488372558850857]
[52031,52025,1.0,0.9800883045581703]
[116827,62716,1.0,0.4301558220616191]
[50625,32168,1.0,0.5704269983867241]
[50625,50616,1.0,0.9877726362494229]
[50625,50619,1.0,0.9852608444195433]
[50625,47898,1.0,0.431830895595684]
[50625,50622,1.0,0.9568399790882316]
[50625,13928,1.0,0.4776692579621605]
[94852,50616,1.0,0.4836727337966845]
[94852,50619,1.0,0.48860883389304427]
[94852,50625,1.0,0.41791712856980306]
[12209,12206,1.0,0.9937193235396276]
[69413,50616,1.0,0.4644547470427766]
[69413,50619,1.0,0.46974542763223504]
[69413,37568,1.0,0.4655519746473133]
[69413,50625,1.0,0.4644547470427766]
[69413,50622,1.0,0.4364866704857222]
[82124,82121,1.0,0.9950492062368131]
[121695,121686,1.0,0.9952227536000962]
[121695,121689,1.0,0.978484559171503]
[121695,69413,1.0,0.5724960070988437]
[121695,121692,1.0,0.9946572280446236]
[49400,49397,1.0,0.643653272856191]
[121692,121686,1.0,0.9917038292066669]
[121692,121689,1.0,0.9759117431716844]
[121692,69413,1.0,0.5291955202303638]
[50622,50616,1.0,0.9858128704992073]
[50622,50619,1.0,0.9830845724232765]
[12212,12209,1.0,0.9554339647447713]
[12212,12206,1.0,0.9864903442331188]
[73190,61091,1.0,0.4273644011333358]
[78675,78672,1.0,0.965635998453161]
[78675,78666,1.0,0.9952227536000962]
[78675,78669,1.0,0.9455320123179333]
[78672,78666,1.0,0.965635998453161]
[78672,78669,1.0,0.7971869382898218]
[78678,78675,1.0,0.9952227536000962]
[78678,78672,1.0,0.965635998453161]
[78678,78666,1.0,0.9936963280681194]
[78678,78669,1.0,0.905263115786607]
[81433,63491,1.0,0.4528244116537709]
[78669,78666,1.0,0.852264073010699]
[92736,92733,1.0,0.9861325966344309]
[92739,92736,1.0,0.9835956452689424]
[92739,92733,1.0,0.9900099490431816]
[92742,92736,1.0,0.9896582198173534]
[92742,92739,1.0,0.9907968838392182]
[92742,92733,1.0,0.9938647243311929]
[43704,43698,1.0,0.9801560240483428]
[43704,43695,1.0,0.9801560240483428]
[43704,43701,1.0,0.9700339510430163]
[43698,43695,1.0,0.9952227536000962]
[43701,43698,1.0,0.9927904021198166]
[43701,43695,1.0,0.9927904021198166]
[18510,18504,1.0,0.9945658729539499]
[18510,18507,1.0,0.968948994174613]
[18513,18510,1.0,0.9866752466546234]
[18513,18504,1.0,0.9933550320030448]
[18513,18507,1.0,0.9646423066335135]
[18507,18504,1.0,0.9718776645218942]
[88619,51793,1.0,0.4825719345825983]
[128112,32449,1.0,0.5303602972698733]
[95502,81044,1.0,0.41888320068597545]
[33840,32449,1.0,0.4244398858935978]
[66938,66935,1.0,0.9939316846788334]
[66938,66932,1.0,0.9939316846788334]
[131482,95502,1.0,0.5161232667317498]
[66935,66932,1.0,0.9952227536000962]
[81044,68842,1.0,0.43750301996622715]
[81044,66938,1.0,0.4735621435288819]
[81044,66935,1.0,0.47255361009594693]
[81044,66932,1.0,0.47255361009594693]
[118366,118360,1.0,0.9863085844642799]
[118366,118363,1.0,0.975498412601747]
[118363,118360,1.0,0.9905564682541387]
[102973,102970,1.0,0.9565899138779577]
[102979,102973,1.0,0.9519474460451396]
[102979,102976,1.0,0.912671499410868]
[102979,102970,1.0,0.9946149626479851]
[19647,19644,1.0,0.9452742947981486]
[102976,102973,1.0,0.9770722735639262]
[102976,102970,1.0,0.9033421671843392]
[102976,55258,1.0,0.51609761593494]
[19650,19647,1.0,0.9345496293382696]
[19650,19644,1.0,0.9924229130625422]
[11873,11870,1.0,0.99001061858985]
[87677,87674,1.0,0.9877726362494229]
[115647,4290,1.0,0.40908059034321376]
[30609,30606,1.0,0.9693920933031331]
[30609,30603,1.0,0.9933550320030448]
[23610,23601,1.0,0.9923138789423898]
[93655,30609,1.0,0.5149687014614326]
[93655,93646,1.0,0.9952227536000962]
[93655,38228,1.0,0.5206679791768382]
[93655,93652,1.0,0.9521594874529064]
[110541,110538,1.0,0.9660013182183341]
[117541,117535,1.0,0.967192187789375]
[23613,23610,1.0,0.9878322765641779]
[23613,23601,1.0,0.9923138789423898]
[38228,4290,1.0,0.6245743938206983]
[30606,30603,1.0,0.9789143596887321]
[93652,93646,1.0,0.6827989627896287]
[117544,117541,1.0,0.967192187789375]
[117544,117535,1.0,0.9952227536000962]
[46538,46532,1.0,0.9950492062368131]
[46538,46535,1.0,0.9907860050526754]
[86757,51031,1.0,0.4892020837463346]
[124008,124002,1.0,0.9876579688040311]
[46535,46532,1.0,0.9897621921374943]
[38944,24063,1.0,0.4509001736573189]
[10098,10095,1.0,0.9739442679703217]
[48974,17722,1.0,0.44195461473821107]
[24063,17722,1.0,0.43045465161032437]
[37873,17722,1.0,0.4274374098292656]
[2438,1095,1.0,0.45758298347106946]
[2800,2797,1.0,0.965635998453161]
[87615,5313,1.0,0.6040970487503592]
[87615,35069,1.0,0.45908059625536507]
[87615,5310,1.0,0.787187194518371]
[87615,5307,1.0,0.5814562893782839]
[7711,7708,1.0,0.9902913432757028]
[5313,5310,1.0,0.9905564682541387]
[5313,5307,1.0,0.9952227536000962]
[92609,5310,1.0,0.42565590982422463]
[5310,5307,1.0,0.9905564682541387]
[121507,101761,1.0,0.4559818321812127]
[121507,82775,1.0,0.4300306766311673]
[121507,7711,1.0,0.49145142412526527]
[121507,59346,1.0,0.5251651512805918]
[121507,7708,1.0,0.49145142412526527]
[121507,37226,1.0,0.4016330378307975]
[121507,113610,1.0,0.4601214079010496]
[48332,48326,1.0,0.9936734116065394]
[67584,67578,1.0,0.9784109041579444]
[67584,67575,1.0,0.9949181171750051]
[67584,67581,1.0,0.9901176660202328]
[67578,67575,1.0,0.9792761645026836]
[67581,67578,1.0,0.940750040160209]
[67581,67575,1.0,0.9839224657413369]
[121536,121530,1.0,0.9952227536000962]
[121536,67578,1.0,0.40883288923137356]
[121536,48788,1.0,0.46821553401995153]
[127090,127087,1.0,0.977654719923328]
[2086,2083,1.0,0.9628586307862366]
[102837,26942,1.0,0.4420058671338994]
[89612,89606,1.0,0.9823257615673942]
[89612,89603,1.0,0.9825069610438825]
[56708,56702,1.0,0.9866349653737911]
[56708,56705,1.0,0.5404781973866113]
[56705,56702,1.0,0.6833284216232232]
[19309,4044,1.0,0.5050208542780157]
[89606,89603,1.0,0.9884375416376]
[56714,56708,1.0,0.9930676807585843]
[56714,56702,1.0,0.9952227536000962]
[56714,56705,1.0,0.9760020289824598]
[77985,56714,1.0,0.4518596130783748]
[91147,91138,1.0,0.9862569416604898]
[91147,91141,1.0,0.9862569416604898]
[38185,38176,1.0,0.9851633529983269]
[38185,38179,1.0,0.40192573933879516]
[38185,38182,1.0,0.9589638834687503]
[61213,61210,1.0,0.8132636194005741]
[78422,78416,1.0,0.9880987873063394]
[78422,78419,1.0,0.9759504601352103]
[29334,29331,1.0,0.9806000392355642]
[20962,20953,1.0,0.988848171392966]
[20962,20956,1.0,0.9948031445632672]
[20962,20959,1.0,0.845528508550574]
[78428,78422,1.0,0.9832840257419806]
[78428,78416,1.0,0.9909424776519933]
[78428,78419,1.0,0.9895661266482731]
[38179,38176,1.0,0.4012485767680037]
[61216,61213,1.0,0.7046141670632613]
[61216,61210,1.0,0.9386816113341676]
[54259,54236,1.0,0.4757083411656483]
[54259,35493,1.0,0.4306540448262012]
[20956,11922,1.0,0.571102763274222]
[20956,20953,1.0,0.9415909948690283]
[20956,5686,1.0,0.5979031071964854]
[20956,6934,1.0,0.49219295187704487]
[91141,91138,1.0,0.9952227536000962]
[78419,78416,1.0,0.9852214035155324]
[61219,61213,1.0,0.8173319325882652]
[61219,61210,1.0,0.9952227536000962]
[61219,61216,1.0,0.9558279997306178]
[61219,20956,1.0,0.4109022787839683]
[38182,38176,1.0,0.984493813971456]
[38182,38179,1.0,0.4012485767680037]
[32444,6934,1.0,0.48892000712923567]
[98838,11922,1.0,0.4281862609841677]
[91150,91147,1.0,0.7723226132052337]
[91150,91138,1.0,0.8887772025317384]
[91150,91141,1.0,0.8887772025317384]
[20959,20953,1.0,0.5239300168381082]
[20959,20956,1.0,0.5566211913753865]
[126214,61219,1.0,0.4681462689219757]
[42947,42941,1.0,0.9785907345996749]
[42947,42938,1.0,0.9927742648919292]
[42947,42944,1.0,0.9842257126680539]
[42901,34165,1.0,0.4946788958989302]
[42941,42938,1.0,0.9937910695216918]
[34165,25022,1.0,0.49049114883071193]
[35199,35196,1.0,0.9922881874028602]
[91369,34165,1.0,0.4700660712006044]
[81901,34165,1.0,0.41521957256182424]
[81901,48244,1.0,0.4889942255066879]
[35202,35199,1.0,0.9798571435313972]
[35202,35196,1.0,0.9865254649052309]
[42944,42941,1.0,0.9574799269674602]
[42944,42938,1.0,0.9842257126680539]
[70371,34165,1.0,0.5507534380486935]
[90852,90849,1.0,0.9454856519710638]
[90864,90852,1.0,0.9304192397268192]
[90864,90855,1.0,0.9903359891181478]
[90864,90849,1.0,0.9903359891181478]
[90864,90858,1.0,0.9568878583048672]
[90864,90861,1.0,0.923008820930549]
[90855,90852,1.0,0.9454856519710638]
[90855,34748,1.0,0.6613741886842255]
[90855,90849,1.0,0.9952227536000962]
[90858,90852,1.0,0.922464665062297]
[90858,90855,1.0,0.9946572280446236]
[90858,90849,1.0,0.9923902445778636]
[90861,90852,1.0,0.7799493737431094]
[90861,90855,1.0,0.9796783745105184]
[90861,90849,1.0,0.9521569544915284]
[90861,90858,1.0,0.8607768207675403]
[111607,11075,1.0,0.4307706190479324]
[64618,30485,1.0,0.4111872362108285]
[64618,27746,1.0,0.43283122727051687]
[11075,8760,1.0,0.494837392162463]
[83151,73715,1.0,0.5117770510990748]
[80068,64618,1.0,0.5041854129550994]
[80068,74838,1.0,0.4226521981049852]
[117181,74838,1.0,0.6128090212449739]
[47553,5695,1.0,0.49618771580291154]
[51882,5695,1.0,0.44674313984982034]
[92758,74838,1.0,0.4363423830788219]
[92758,92752,1.0,0.9884976622176969]
[27746,13437,1.0,0.5333148017384295]
[27746,4925,1.0,0.47845500746415526]
[82953,74838,1.0,0.5485594451934591]
[117031,64618,1.0,0.4296511054337441]
[117031,80068,1.0,0.41422314819438716]
[117031,74838,1.0,0.7659778110496311]
[117031,40106,1.0,0.46598320275710553]
[117031,4925,1.0,0.4085709395870383]
[50069,17283,1.0,0.4055766466556355]
[71827,4003,1.0,0.6560863202450188]
[71827,13584,1.0,0.4856420882326421]
[53548,30485,1.0,0.4022077530970685]
[53548,27746,1.0,0.5605951745740863]
[53548,40106,1.0,0.553672532440353]
[53548,4925,1.0,0.6575178733397107]
[11675,5695,1.0,0.4259195511633571]
[74838,64618,1.0,0.7751235732844141]
[74838,4003,1.0,0.4009598848878275]
[74838,27746,1.0,0.7856446466655949]
[74838,13437,1.0,0.4127191920603348]
[74838,50069,1.0,0.44696687589725176]
[74838,53548,1.0,0.7626080277650436]
[74838,5695,1.0,0.5251775064333725]
[74838,40106,1.0,0.8230784175915298]
[74838,13584,1.0,0.40346021747254707]
[74838,6457,1.0,0.41146461292175807]
[74838,73715,1.0,0.4524292047954129]
[52823,11075,1.0,0.5479626533241923]
[52823,8760,1.0,0.5781405310420135]
[52823,27636,1.0,0.42664430032889167]
[30527,30524,1.0,0.9416636120302045]
[120748,117181,1.0,0.4742365974129697]
[108532,74838,1.0,0.4483072567955324]
[111738,74838,1.0,0.42164738921536116]
[112426,52823,1.0,0.4022387344739503]
[92752,74838,1.0,0.4363423830788219]
[92761,92758,1.0,0.9850644851785385]
[92761,74838,1.0,0.6086130004035111]
[92761,92752,1.0,0.9936734116065394]
[70488,70473,1.0,0.9914651780633009]
[70488,70476,1.0,0.9879407930193016]
[70488,70479,1.0,0.9681232508895192]
[70488,70485,1.0,0.9605900551728148]
[17812,17800,1.0,0.9945658731879131]
[17812,17809,1.0,0.9686630161108689]
[17812,17803,1.0,0.98412625693759]
[17812,17806,1.0,0.8801865367438624]
[128319,128316,1.0,0.9635506164902446]
[128319,128310,1.0,0.9898397349180044]
[128319,128313,1.0,0.979653599392277]
[31010,3281,1.0,0.5058848877442155]
[77770,33235,1.0,0.4086211532956526]
[26270,26267,1.0,0.7992567945077791]
[26270,26264,1.0,0.9675633205264846]
[128316,128310,1.0,0.9914604373358972]
[128316,128313,1.0,0.9885717021447532]
[125976,90779,1.0,0.40738228963455014]
[17809,17800,1.0,0.9843357605292834]
[17809,17803,1.0,0.9570823752777173]
[17809,17806,1.0,0.8598339672036439]
[17803,17800,1.0,0.985870891926574]
[17806,17800,1.0,0.8161185140945214]
[17806,17803,1.0,0.6433734655636288]
[111621,94036,1.0,0.41401999474327006]
[111621,33235,1.0,0.47174011905545044]
[111621,59667,1.0,0.6030746615167163]
[90779,31010,1.0,0.40634795282277497]
[90779,70479,1.0,0.40314127565156]
[13581,13575,1.0,0.9326685157177156]
[13581,13578,1.0,0.643627598496855]
[108738,33235,1.0,0.6642225449248457]
[128313,20013,1.0,0.4280745628930846]
[128313,128310,1.0,0.9903013657976831]
[128313,111621,1.0,0.45542168452413667]
[68925,31010,1.0,0.4483696140426997]
[68925,1877,1.0,0.4304699114570331]
[68925,59667,1.0,0.41391490263522274]
[70476,70473,1.0,0.9841672886579516]
[13578,13575,1.0,0.9525299835777541]
[126235,23572,1.0,0.5682618159152417]
[126235,111621,1.0,0.4742382231802237]
[126235,90779,1.0,0.423490218701107]
[126235,90330,1.0,0.4842683170331882]
[126235,126232,1.0,0.9952227536000962]
[91749,45361,1.0,0.45948819594812546]
[70479,70473,1.0,0.9807052285860721]
[70479,68925,1.0,0.6065820464753015]
[70479,70476,1.0,0.9807052285860721]
[70479,66340,1.0,0.5546971145612133]
[26267,26264,1.0,0.9152350269949185]
[70485,70473,1.0,0.9761701283210046]
[70485,70476,1.0,0.9663723184259286]
[70485,70479,1.0,0.9614010442293879]
[63998,31010,1.0,0.4362353356965568]
[124213,61448,1.0,0.4988169017155986]
[124213,61454,1.0,0.5137240005316542]
[124213,72051,1.0,0.4797244263348084]
[124213,61457,1.0,0.46579449334051937]
[124213,61451,1.0,0.41124663728804556]
[7904,7898,1.0,0.9917038292066669]
[7904,7901,1.0,0.9839633965763905]
[7907,7904,1.0,0.9745913298569896]
[7907,7898,1.0,0.961059212781555]
[7907,7901,1.0,0.9353928180458175]
[12369,12366,1.0,0.9935814219499451]
[24389,24386,1.0,0.9952227536000962]
[51275,51269,1.0,0.9920112908897363]
[51275,51272,1.0,0.9894028928326744]
[61640,61634,1.0,0.9901738520867606]
[61454,61448,1.0,0.9186495234060391]
[61454,61451,1.0,0.7756124518964395]
[7901,7898,1.0,0.9887334737014611]
[7910,7904,1.0,0.9913533104669409]
[7910,7907,1.0,0.9583080666167281]
[7910,7898,1.0,0.9897614998507673]
[7910,7901,1.0,0.9805236659193116]
[51272,51269,1.0,0.9810561490142308]
[61457,61448,1.0,0.9760405886658406]
[61457,61454,1.0,0.7924132982631604]
[61457,61451,1.0,0.8654777162076444]
[61451,61448,1.0,0.9612275311911846]
[62175,26431,1.0,0.43312287040710745]
[64886,64880,1.0,0.9933607062578763]
[64886,64883,1.0,0.9933607062578763]
[90629,83168,1.0,0.5505586831184394]
[46511,26431,1.0,0.7164112713676339]
[60876,51747,1.0,0.41000672762800355]
[34452,15221,1.0,0.4880843114216807]
[34452,26431,1.0,0.7971266295036508]
[65878,33068,1.0,0.5480513068793941]
[26431,16967,1.0,0.6708045163273391]
[111229,83168,1.0,0.46202333170238036]
[60942,15221,1.0,0.45859208661823486]
[60942,26431,1.0,0.7480368430560778]
[64486,26431,1.0,0.4502553428286234]
[51747,41669,1.0,0.4063958455911306]
[89259,26431,1.0,0.47407459563709936]
[109429,26431,1.0,0.6784317845389114]
[109608,74799,1.0,0.4623839079232721]
[96820,26431,1.0,0.4606920673195926]
[96820,83168,1.0,0.5371972583055865]
[83168,66640,1.0,0.5493698639226821]
[83168,34452,1.0,0.5791155133580601]
[83168,26431,1.0,0.4182660552218384]
[83168,60942,1.0,0.426586992288425]
[91755,91752,1.0,0.9859369605433117]
[79657,79654,1.0,0.928051057462542]
[64883,64880,1.0,0.9952227536000962]
[91892,26431,1.0,0.6030211397522778]
[129669,129666,1.0,0.987729764236404]
[92381,34452,1.0,0.8440101896693711]
[92381,26431,1.0,0.4236183872751521]
[109849,83168,1.0,0.42589235736810205]
[30948,26431,1.0,0.649174505686829]
[111894,74012,1.0,0.43692973264963925]
[103824,74012,1.0,0.4355171646885507]
[111903,111894,1.0,0.4613194300246117]
[111903,111900,1.0,0.9215796893775466]
[105547,102237,1.0,0.4354869602614303]
[103146,83240,1.0,0.5515536426328874]
[103146,102237,1.0,0.403626219481219]
[103146,15970,1.0,0.48236179838506155]
[10366,10363,1.0,0.9911457621988602]
[83240,74012,1.0,0.6802693323963409]
[111900,111894,1.0,0.4496916181770149]
[111900,74012,1.0,0.4691160455928593]
[86574,86571,1.0,0.9877524081666169]
[86574,86568,1.0,0.9854050817480496]
[86574,86565,1.0,0.9941339650477837]
[86574,74012,1.0,0.5903157660051783]
[111897,111894,1.0,0.9921670050658403]
[111897,74012,1.0,0.43561928003890055]
[102237,3919,1.0,0.4795445685882025]
[102237,44788,1.0,0.4371834819485359]
[102237,62237,1.0,0.5664021654727931]
[102237,83240,1.0,0.4641532832046454]
[102237,74012,1.0,0.667277679154597]
[102237,74009,1.0,0.4289734847386856]
[10369,10363,1.0,0.8998033862180023]
[10369,10366,1.0,0.8533862456300483]
[86571,86568,1.0,0.9761696864001567]
[86571,86565,1.0,0.9899644713231588]
[86571,74012,1.0,0.5915336578838125]
[86568,86565,1.0,0.9823450135013446]
[86568,74012,1.0,0.5700395716502249]
[86565,74012,1.0,0.5915336578838125]
[74012,3919,1.0,0.4690253000456765]
[74012,35838,1.0,0.42059045921433164]
[74012,34178,1.0,0.5801540141923373]
[74012,44788,1.0,0.43586219474326887]
[74012,62237,1.0,0.5432379534385824]
[74012,10363,1.0,0.5756186302104904]
[74012,23253,1.0,0.4143578381207051]
[74012,10366,1.0,0.5756186302104904]
[74012,57200,1.0,0.5655693121935793]
[74012,57650,1.0,0.5689750130827]
[74012,10369,1.0,0.44052955913298114]
[74012,15970,1.0,0.6154133018679573]
[74012,16873,1.0,0.5035515135467764]
[74012,74009,1.0,0.9405576644014856]
[77646,20163,1.0,0.4996518828710471]
[77646,20160,1.0,0.5198659379960479]
[94179,20163,1.0,0.6101519470021302]
[94179,94176,1.0,0.9952227536000962]
[94179,20160,1.0,0.6107602202661426]
[20163,13466,1.0,0.49099705272761823]
[20163,20160,1.0,0.991342568184257]
[94176,20163,1.0,0.6101519470021302]
[94176,20160,1.0,0.6107602202661426]
[25136,20163,1.0,0.4496216446092944]
[25136,20160,1.0,0.5322904976682759]
[20160,13466,1.0,0.5751858667242545]
[108609,20163,1.0,0.8698314158188473]
[108609,20160,1.0,0.8826272494848232]
[108612,20163,1.0,0.827738595377715]
[108612,20160,1.0,0.8439499001338094]
[108612,108609,1.0,0.9924211493119106]
[87722,20163,1.0,0.580444605702853]
[87722,20160,1.0,0.6922193939694629]
[83763,59634,1.0,0.6335827761782727]
[54662,54659,1.0,0.9952227536000962]
[59634,7724,1.0,0.4474821932856846]
[59634,11903,1.0,0.5592116285025382]
[25675,25666,1.0,0.994342093446844]
[25675,25669,1.0,0.9897690893616005]
[25675,25672,1.0,0.9929482734998812]
[58796,58790,1.0,0.9911959333624409]
[11906,11903,1.0,0.9142490400783555]
[11906,11897,1.0,0.8373066805941203]
[11906,11900,1.0,0.6976190589083601]
[11903,11897,1.0,0.9952227536000962]
[11903,11900,1.0,0.977654719923328]
[54668,54659,1.0,0.9939115630013113]
[54668,54662,1.0,0.9939115630013113]
[25669,25666,1.0,0.9792564192658704]
[11900,11897,1.0,0.9406812656774456]
[105487,54406,1.0,0.445212782955672]
[105487,3572,1.0,0.682528649739023]
[105487,44375,1.0,0.501038171842208]
[25672,25666,1.0,0.9940652748684415]
[25672,25669,1.0,0.9892684055335907]
[84902,59634,1.0,0.676058076802602]
[131760,131757,1.0,0.9907168919905358]
[131760,131754,1.0,0.9814489372105084]
[131760,131751,1.0,0.9932293838415679]
[131757,131754,1.0,0.9618942785513895]
[131757,131751,1.0,0.9856013414380667]
[131754,131751,1.0,0.9863536497681872]
[62998,62992,1.0,0.7114938342278752]
[62998,62995,1.0,0.6673853920461126]
[41590,41587,1.0,0.9929318100825512]
[62995,62992,1.0,0.9946572280446236]
[41593,41587,1.0,0.9939453078520322]
[41593,41590,1.0,0.977975548814293]
[131185,131182,1.0,0.4248481857624534]
[131185,131179,1.0,0.9945194946989725]
[3715,3712,1.0,0.9926470896889941]
[131194,131185,1.0,0.6950503310385231]
[131194,131179,1.0,0.7772540572080845]
[131194,131191,1.0,0.5936565572611696]
[131194,131188,1.0,0.7974362202104135]
[131191,131185,1.0,0.9768084395344623]
[131191,131182,1.0,0.5273118326106632]
[131191,131179,1.0,0.9846230746108876]
[131191,131188,1.0,0.9771817037949493]
[15403,15400,1.0,0.7462826964371878]
[3718,3715,1.0,0.9164109494573016]
[3718,3712,1.0,0.9732085951490012]
[131188,131185,1.0,0.986052353232164]
[131188,131179,1.0,0.9925468645354409]
[69056,46701,1.0,0.4567074024390533]
[69056,17137,1.0,0.46325822066069233]
[69056,61084,1.0,0.4630900418485864]
[57507,57498,1.0,0.9926278674655746]
[108501,108498,1.0,0.861805621255159]
[108501,108495,1.0,0.9562165866482285]
[108498,108495,1.0,0.9757529537848599]
[105586,105583,1.0,0.8370425620617897]
[57510,57507,1.0,0.7206829218020364]
[57510,57498,1.0,0.7014376867016587]
[59759,59753,1.0,0.8502529676225243]
[59759,22957,1.0,0.4018492912760487]
[59759,59756,1.0,0.8502529676225243]
[59756,59753,1.0,0.9861464120448776]
[70126,70123,1.0,0.9952227536000962]
[78828,34793,1.0,0.45837395636475076]
[78828,32016,1.0,0.5324544417616573]
[68354,22248,1.0,0.4021709117669145]
[68354,59237,1.0,0.8437104321624691]
[68354,68351,1.0,0.9952227536000962]
[68354,2339,1.0,0.5122734382294337]
[105696,105693,1.0,0.9435895286812973]
[105699,105693,1.0,0.9905564682541387]
[105699,105696,1.0,0.8004801015859124]
[42415,36306,1.0,0.425709263121857]
[120744,68354,1.0,0.5098950151162418]
[68360,68354,1.0,0.9382621131574491]
[129600,110185,1.0,0.4185798987029285]
[86390,86384,1.0,0.9936113629032336]
[86408,86402,1.0,0.8862502618349272]
[129603,129600,1.0,0.9619618131811446]
[110185,2491,1.0,0.46100730798935163]
[29843,29840,1.0,0.8740303942226851]
[97249,97240,1.0,0.9903359891181478]
[97249,97246,1.0,0.9869964654914334]
[97249,97243,1.0,0.9567062192385055]
[97252,97240,1.0,0.5464561922294795]
[97252,97249,1.0,0.4449441453908663]
[97252,97246,1.0,0.492736867294437]
[97246,97240,1.0,0.9860623032211019]
[97246,97243,1.0,0.9178801455927369]
[97243,97240,1.0,0.9654078155152053]
[42750,531,1.0,0.42366182489856]
[80516,80513,1.0,0.9581521469568202]
[96652,52611,1.0,0.4293239475832025]
[96652,52608,1.0,0.4185486643023192]
[96652,52605,1.0,0.5268281391552855]
[52611,52608,1.0,0.9601804517414275]
[52611,52605,1.0,0.9909251903137]
[52608,52605,1.0,0.9770627318530701]
[80522,80513,1.0,0.9725951059801156]
[80522,80516,1.0,0.9522659189820262]
[80522,80519,1.0,0.9226594230134917]
[80519,80513,1.0,0.981659156018156]
[80519,80516,1.0,0.9400768877521664]
[114828,52611,1.0,0.5759382069663181]
[114828,52608,1.0,0.6199201024631524]
[114828,52605,1.0,0.6751384181356004]
[17708,10747,1.0,0.5307745052928567]
[99090,7329,1.0,0.6677055022564765]
[12409,12406,1.0,0.9553748366156056]
[12409,12403,1.0,0.9877726362494229]
[12406,12403,1.0,0.9934637941520884]
[12415,12409,1.0,0.9502693045997381]
[12415,12406,1.0,0.9502693045997381]
[12415,12403,1.0,0.9502693045997381]
[86794,7329,1.0,0.4571480277798041]
[117675,117669,1.0,0.9757958192984313]
[117675,117672,1.0,0.7622795440223749]
[34832,34829,1.0,0.9952227536000962]
[34838,34829,1.0,0.9913719155278211]
[34838,34832,1.0,0.9913719155278211]
[117672,117669,1.0,0.8874672227115298]
[43262,43256,1.0,0.9709128665313999]
[131775,131772,1.0,0.9880928990844444]
[131778,131775,1.0,0.977844292244575]
[131778,131772,1.0,0.9770770960827583]
[117022,76534,1.0,0.4795859983215461]
[101014,101008,1.0,0.9706757507960976]
[101014,101011,1.0,0.9689061938497675]
[76534,41511,1.0,0.45373874180114926]
[101011,101008,1.0,0.9511285682888043]
[48146,48143,1.0,0.9396271647751893]
[39959,39953,1.0,0.6306034525702952]
[39959,39956,1.0,0.9282761379394778]
[91874,60338,1.0,0.47850549844586077]
[60344,60338,1.0,0.9762140553500261]
[60344,60335,1.0,0.9762140553500261]
[60344,60341,1.0,0.9702650308226363]
[101157,101151,1.0,0.9926661417720214]
[101157,101154,1.0,0.9579683314620989]
[89480,89477,1.0,0.9915972733907298]
[60338,29345,1.0,0.4068691234556524]
[60338,60335,1.0,0.9952227536000962]
[60338,39956,1.0,0.49383733024941023]
[39968,39959,1.0,0.6499841769251812]
[39968,39953,1.0,0.9901436425943791]
[39968,39962,1.0,0.9760265883209251]
[39968,39956,1.0,0.9890605109709559]
[60341,60338,1.0,0.9936734116065394]
[60341,60335,1.0,0.9936734116065394]
[39962,39959,1.0,0.6499841769251812]
[39962,39953,1.0,0.9867635475293284]
[39962,39956,1.0,0.9911585219913686]
[27765,27762,1.0,0.989932082445103]
[101154,101151,1.0,0.9866666756719262]
[89483,89480,1.0,0.9881499321559173]
[89483,89477,1.0,0.9834528627861832]
[39956,39953,1.0,0.9938647243311929]
[31445,31439,1.0,0.904249129071339]
[31445,31436,1.0,0.8758865314311344]
[31445,31433,1.0,0.940393055759129]
[31445,31430,1.0,0.9191241232580796]
[31445,31442,1.0,0.8619775524915267]
[58403,7982,1.0,0.5646731872441878]
[58403,31433,1.0,0.4819515866937369]
[69019,69013,1.0,0.9931936211796988]
[103038,58403,1.0,0.6001207224405486]
[103038,103032,1.0,0.9718524727874608]
[103038,103035,1.0,0.9574635051839833]
[103038,535,1.0,0.46430382042920854]
[103038,103029,1.0,0.9718524727874608]
[31439,31436,1.0,0.9863063329078202]
[31439,31433,1.0,0.9811801945757928]
[31439,31430,1.0,0.9922241080961267]
[31436,31433,1.0,0.979058369134131]
[31436,31430,1.0,0.9910121513224127]
[103041,103038,1.0,0.945130105738637]
[103041,103032,1.0,0.9905564682541387]
[103041,103035,1.0,0.9733536930010463]
[103041,103029,1.0,0.9905564682541387]
[538,532,1.0,0.9797588360257216]
[538,535,1.0,0.9878690050350871]
[103032,58403,1.0,0.5658126257089447]
[103032,69013,1.0,0.4121652841697972]
[103032,69019,1.0,0.4121652841697972]
[103032,58315,1.0,0.4583511721231062]
[103032,535,1.0,0.46430382042920854]
[103032,103029,1.0,0.9952227536000962]
[541,538,1.0,0.9468117734958842]
[541,532,1.0,0.9767607217287552]
[541,535,1.0,0.9774456107553483]
[103035,103032,1.0,0.9922647597440051]
[103035,103029,1.0,0.9852889405521559]
[31433,31430,1.0,0.9877726362494229]
[103044,103038,1.0,0.9433413322101265]
[103044,103041,1.0,0.9797608061294161]
[103044,103032,1.0,0.9877726362494229]
[103044,103035,1.0,0.9671143249602538]
[103044,103029,1.0,0.9877726362494229]
[31442,31439,1.0,0.9841511639361145]
[31442,31436,1.0,0.9913988641934953]
[31442,31433,1.0,0.9771843889237672]
[31442,31430,1.0,0.9899899668414485]
[58411,7982,1.0,0.5004840333726823]
[535,532,1.0,0.9909743533590891]
[544,538,1.0,0.9682650431741665]
[544,541,1.0,0.9410668071458389]
[544,532,1.0,0.9862664485557137]
[544,535,1.0,0.9841571427073773]
[28671,28668,1.0,0.994342093446844]
[118986,28668,1.0,0.5934837291691079]
[118986,28671,1.0,0.5934837291691079]
[118986,28674,1.0,0.5952419164460081]
[28674,28668,1.0,0.9647673496281499]
[28674,28671,1.0,0.9647673496281499]
[10600,10597,1.0,0.985870891926574]
[28187,12894,1.0,0.40335130703627237]
[28187,23237,1.0,0.8655539435700658]
[28187,8172,1.0,0.899342466393279]
[28187,13823,1.0,0.4192266720823529]
[130099,130096,1.0,0.5962478831180145]
[130099,130093,1.0,0.9435757433873435]
[130102,130099,1.0,0.4094324928771602]
[130102,130096,1.0,0.43030998644503926]
[130102,130093,1.0,0.8106757539913846]
[37187,28187,1.0,0.5099784565624161]
[130096,130093,1.0,0.9528673749319584]
[43345,28187,1.0,0.41420287835991176]
[32098,28187,1.0,0.749390676297686]
[96976,59093,1.0,0.4815909339218486]
[96976,6519,1.0,0.5457069892081456]
[96976,83570,1.0,0.6156975254565684]
[96976,91255,1.0,0.4349958568960393]
[96976,21312,1.0,0.4538600786669045]
[121359,91255,1.0,0.8427553180285656]
[128808,85134,1.0,0.7669935244670785]
[128808,59093,1.0,0.47759905865758595]
[128808,6519,1.0,0.44509566161188774]
[128808,91255,1.0,0.9031413548819677]
[59093,672,1.0,0.4025395439791797]
[6516,6513,1.0,0.9768337168951391]
[101743,6519,1.0,0.4566142037384428]
[101743,91255,1.0,0.47142399215122816]
[101743,101734,1.0,0.9669903523009752]
[101743,101728,1.0,0.9760873945167107]
[101743,101731,1.0,0.9054206766847066]
[101743,101740,1.0,0.9713796697758217]
[6519,6516,1.0,0.9525373581469123]
[6519,6513,1.0,0.9877726362494229]
[105895,91255,1.0,0.42923076492547896]
[123048,91255,1.0,0.5993590903134194]
[2007,2004,1.0,0.48713858704919094]
[91255,33659,1.0,0.6368172836680875]
[91255,85134,1.0,0.766560986789478]
[91255,33196,1.0,0.5322350364289753]
[91255,18145,1.0,0.5926213401188085]
[91255,20365,1.0,0.405925276696588]
[91255,59093,1.0,0.5010162429235958]
[91255,6516,1.0,0.49471886573113444]
[91255,90567,1.0,0.40521808241052265]
[91255,87622,1.0,0.5615136678023434]
[91255,9029,1.0,0.4921314888057138]
[91255,29292,1.0,0.4560556597665426]
[91255,6519,1.0,0.5317542239917764]
[91255,6513,1.0,0.5317542239917764]
[91255,2007,1.0,0.4852625969226528]
[91255,83570,1.0,0.4619940749807965]
[91255,56193,1.0,0.4752595934555646]
[91255,2004,1.0,0.4218095901191189]
[91255,32524,1.0,0.43603699445826155]
[91255,20131,1.0,0.4453169526243264]
[91255,83770,1.0,0.5363275889143032]
[91255,47345,1.0,0.5749993994233552]
[91255,3201,1.0,0.484141341232113]
[91255,21312,1.0,0.40869783371789803]
[91255,57927,1.0,0.44193119677198567]
[91255,56196,1.0,0.4752595934555646]
[91255,6522,1.0,0.5317542239917764]
[91255,62234,1.0,0.4912802686108731]
[91255,9782,1.0,0.4123568160092899]
[101734,6519,1.0,0.4032581476119049]
[101734,91255,1.0,0.5635353319657371]
[101734,101728,1.0,0.9593896433493129]
[101734,101731,1.0,0.8712105714537379]
[101728,6519,1.0,0.4708233631848458]
[101728,91255,1.0,0.4914190433669823]
[126927,91255,1.0,0.5359009126311867]
[56196,56193,1.0,0.9803916793721118]
[6522,6516,1.0,0.9618851977288616]
[6522,6519,1.0,0.9877726362494229]
[6522,6513,1.0,0.991468626206008]
[101731,6519,1.0,0.43170231127377107]
[101731,91255,1.0,0.48856154960653286]
[101731,101728,1.0,0.9807348299790676]
[101740,6519,1.0,0.4708233631848458]
[101740,91255,1.0,0.4914190433669823]
[101740,101734,1.0,0.9525317700497883]
[101740,101728,1.0,0.9873369624325196]
[101740,101731,1.0,0.9436653512815375]
[88205,32849,1.0,0.7243241547042824]
[48063,48051,1.0,0.9931905064527496]
[48063,48060,1.0,0.9706605374894806]
[48060,48051,1.0,0.9594807347514488]
[48066,48051,1.0,0.9852473946591458]
[48066,48063,1.0,0.9931905064527496]
[48066,48060,1.0,0.940693474471754]
[86134,86128,1.0,0.9891356835907431]
[86134,86131,1.0,0.990762565108088]
[14437,11077,1.0,0.5418218244362386]
[14437,14434,1.0,0.9930676807585843]
[27519,27516,1.0,0.982743829077803]
[80311,58258,1.0,0.4880014435309244]
[88263,86131,1.0,0.4252440234772622]
[88268,86131,1.0,0.44623060827680777]
[74704,66686,1.0,0.41743497676637364]
[27528,27519,1.0,0.9376802567468807]
[27528,27525,1.0,0.9452707880137008]
[27528,27516,1.0,0.9877011303779435]
[27528,27522,1.0,0.9863135426700503]
[64953,7730,1.0,0.4083166169688152]
[27525,27519,1.0,0.9166384231310492]
[27525,27516,1.0,0.9680497954808595]
[27525,27522,1.0,0.9664508642168684]
[86131,46395,1.0,0.5754574226824576]
[86131,86128,1.0,0.984369295094626]
[86131,4791,1.0,0.4689083109117908]
[86131,34228,1.0,0.5362113275173706]
[86131,34225,1.0,0.5380941093752013]
[48248,48245,1.0,0.968791854912288]
[34228,34225,1.0,0.9817417536060421]
[14434,11077,1.0,0.54375433774563]
[84038,62242,1.0,0.4699274887837083]
[84038,80311,1.0,0.43173231249495814]
[84038,74908,1.0,0.5161197668951061]
[27522,27519,1.0,0.9644846561876655]
[27522,27516,1.0,0.9913719155278211]
[25820,25817,1.0,0.8637749209375766]
[131173,131167,1.0,0.9703653161088529]
[131173,131170,1.0,0.969654168496228]
[131173,96775,1.0,0.6013927842056831]
[25823,25820,1.0,0.9054026574293819]
[25823,25817,1.0,0.9933550320030448]
[53126,53123,1.0,0.9637550205217716]
[131170,131167,1.0,0.9917799299160612]
[96775,28771,1.0,0.5831811474469806]
[96775,25823,1.0,0.5292043463611223]
[53129,53123,1.0,0.42034273411588724]
[34549,34543,1.0,0.988547466635594]
[128079,128076,1.0,0.9952227536000962]
[68656,68653,1.0,0.9890116583515063]
[33973,33967,1.0,0.9871291602905352]
[60600,60594,1.0,0.9569782343628689]
[60600,60597,1.0,0.9584547041476621]
[97588,84151,1.0,0.5625624789527857]
[24549,24546,1.0,0.9952227536000962]
[84151,35788,1.0,0.5093050831940137]
[84151,35791,1.0,0.5093050831940137]
[84151,25909,1.0,0.49027716774417485]
[4531,4525,1.0,0.991295858210494]
[4531,4528,1.0,0.976897943670856]
[35791,35788,1.0,0.993958142263311]
[4528,4525,1.0,0.9913677390077222]
[60603,60600,1.0,0.7362455824419594]
[60603,60594,1.0,0.9118955420084388]
[60603,60597,1.0,0.9446769834161446]
[60597,60594,1.0,0.9917038292066669]
[91201,84151,1.0,0.44682348568923297]
[72706,25909,1.0,0.574363260444246]
[56026,56023,1.0,0.9938714469951405]
[74750,74747,1.0,0.9685419869587818]
[74750,74744,1.0,0.9685419869587818]
[74747,74744,1.0,0.9952227536000962]
[43980,8114,1.0,0.5010487562990814]
[43980,43977,1.0,0.9952227536000962]
[121146,43980,1.0,0.471992634618484]
[55719,55713,1.0,0.9683842863619172]
[29994,29988,1.0,0.9877726362494229]
[29994,29991,1.0,0.9330179482540425]
[71117,71114,1.0,0.992791286396447]
[71117,71111,1.0,0.9823810746343755]
[71117,71108,1.0,0.9945081630075626]
[85723,7194,1.0,0.4619897544923052]
[71114,71111,1.0,0.979739357658782]
[71114,71108,1.0,0.9937140629932636]
[71111,71108,1.0,0.9845579024703008]
[29991,29988,1.0,0.951524154358767]
[127855,89930,1.0,0.4586995482728589]
[119325,89930,1.0,0.5952043326021987]
[118087,8412,1.0,0.44221581011926225]
[91249,25689,1.0,0.8197534056599516]
[112518,25689,1.0,0.4501947551779799]
[62230,25689,1.0,0.4036688367014043]
[64797,25689,1.0,0.46018484423014044]
[56994,50181,1.0,0.41314756553061266]
[115360,25689,1.0,0.40033413081585206]
[95683,36361,1.0,0.4577500764096904]
[95683,25689,1.0,0.5789750467291717]
[95683,41477,1.0,0.6069452753545538]
[41477,28250,1.0,0.40859290119899394]
[15337,15334,1.0,0.9346864453837614]
[41333,10921,1.0,0.4504612091556438]
[41333,41327,1.0,0.9640440309861112]
[41333,41330,1.0,0.911850088548127]
[41333,14339,1.0,0.42492611038199324]
[116851,116848,1.0,0.9634547923616233]
[116851,10921,1.0,0.43442700617238555]
[116851,116845,1.0,0.9634547923616233]
[116848,10921,1.0,0.4337585059717616]
[116848,116845,1.0,0.9952227536000962]
[90381,41333,1.0,0.5539364780271859]
[116854,116851,1.0,0.9634547923616233]
[116854,116848,1.0,0.9952227536000962]
[116854,10921,1.0,0.4337585059717616]
[116854,116845,1.0,0.9952227536000962]
[116845,10921,1.0,0.4337585059717616]
[41330,41327,1.0,0.9851645727534163]
[24813,24135,1.0,0.45676654716573895]
[84952,24135,1.0,0.4357300880567179]
[48653,24135,1.0,0.7286375457049358]
[99583,24135,1.0,0.40792907692172214]
[18085,18082,1.0,0.9805223077778962]
[33776,24135,1.0,0.4794162747752465]
[132271,24135,1.0,0.480153267070259]
[103791,24135,1.0,0.4081321358019671]
[106555,106552,1.0,0.9936282955531263]
[106311,24135,1.0,0.4613042734194043]
[84149,33776,1.0,0.4783972347054494]
[84149,50103,1.0,0.49620197150940437]
[84149,24135,1.0,0.8555982756647665]
[84149,57714,1.0,0.49612077904011415]
[115803,115797,1.0,0.9868451309766241]
[115803,50103,1.0,0.4976057508039069]
[115803,24135,1.0,0.4708104045624381]
[115803,115800,1.0,0.9910198967266831]
[115803,57714,1.0,0.4619672626861955]
[77247,24135,1.0,0.7540419541766309]
[77247,77244,1.0,0.9952227536000962]
[104860,50103,1.0,0.41479523479270053]
[104860,24135,1.0,0.4188004784416912]
[122910,54946,1.0,0.4645398744411612]
[114732,24135,1.0,0.5820043155744524]
[114732,114729,1.0,0.9708320319248909]
[77253,77247,1.0,0.9618317935981032]
[77253,24135,1.0,0.4455041322068544]
[77253,77244,1.0,0.9618317935981032]
[50103,24135,1.0,0.5462942055749469]
[24135,13286,1.0,0.5457117217851295]
[24135,19558,1.0,0.45311898872480416]
[132636,24135,1.0,0.4437504148835113]
[42055,24135,1.0,0.4488194318271835]
[115800,115797,1.0,0.9947030106268565]
[114729,24135,1.0,0.6122121638451005]
[77244,24135,1.0,0.7540419541766309]
[57714,24135,1.0,0.4577540735231368]
[92325,24135,1.0,0.48841394432190416]
[93617,93614,1.0,0.9933550320030448]
[93620,93617,1.0,0.980751640468365]
[93620,93614,1.0,0.9853376313047109]
[93623,93614,1.0,0.4112057175969969]
[71766,59577,1.0,0.5251585105008498]
[71766,59580,1.0,0.493080885826825]
[71652,71649,1.0,0.9471244794752529]
[59580,59577,1.0,0.988848171392966]
[71655,71652,1.0,0.9326943293495598]
[71655,71649,1.0,0.9877726362494229]
[37908,37905,1.0,0.993833290446873]
[37914,37908,1.0,0.9906670106343785]
[37914,37905,1.0,0.9926278674655746]
[37914,37911,1.0,0.8820334138203206]
[129492,27085,1.0,0.5181900645202405]
[129492,65336,1.0,0.4142239355826121]
[129492,65113,1.0,0.4105454164805534]
[37911,37908,1.0,0.9453481301033901]
[37911,37905,1.0,0.9537832076562247]
[84975,84969,1.0,0.9739008335508946]
[74268,74265,1.0,0.9536216838507264]
[132324,132315,1.0,0.4495017033064704]
[34331,34328,1.0,0.9709003425118413]
[102354,102351,1.0,0.4754027865489165]
[51932,30708,1.0,0.4930220928915192]
[51932,51929,1.0,0.9838911480523952]
[98829,98826,1.0,0.8984153521028277]
[84981,84969,1.0,0.9927904021198166]
[84981,84975,1.0,0.959816285960783]
[102357,102351,1.0,0.9487001651300794]
[63096,63093,1.0,0.967540379333285]
[63096,63090,1.0,0.9885560271095833]
[63099,63096,1.0,0.984863364827317]
[63099,63093,1.0,0.963867527536265]
[63099,63090,1.0,0.9881480360842403]
[129153,129150,1.0,0.9864281808847954]
[63093,63090,1.0,0.9774333647698119]
[129156,129153,1.0,0.9768523332525066]
[129156,129150,1.0,0.9846415861689325]
[15371,6894,1.0,0.425039973625605]
[15371,299,1.0,0.4748703811549879]
[131721,15371,1.0,0.4238969263315339]
[63062,63059,1.0,0.9927904021198166]
[62787,15371,1.0,0.5790077740931308]
[1549,1546,1.0,0.9941339650477837]
[117537,104917,1.0,0.4165103440473298]
[107449,15371,1.0,0.42085155316927364]
[63065,63059,1.0,0.9704347811273669]
[63065,63062,1.0,0.9558828485344195]
[118161,39330,1.0,0.4717268484294479]
[122382,39339,1.0,0.4848388976986919]
[49928,39339,1.0,0.4859052246879833]
[49321,49318,1.0,0.5881244221575833]
[49321,49312,1.0,0.5864625587854921]
[49321,39339,1.0,0.5845992944622156]
[49321,49315,1.0,0.5704052211342866]
[39327,36950,1.0,0.41286884356377596]
[55222,55216,1.0,0.9916928888813668]
[55222,55219,1.0,0.9163513813303333]
[83626,83620,1.0,0.9611038897081189]
[83626,83623,1.0,0.9611038897081189]
[39336,36950,1.0,0.5198507259248828]
[39336,39327,1.0,0.9952227536000962]
[39336,39330,1.0,0.9952227536000962]
[39336,3207,1.0,0.43560673433364167]
[39336,39333,1.0,0.9900985224081921]
[71003,39339,1.0,0.4141459011574306]
[115348,39339,1.0,0.4173484812007171]
[39330,36950,1.0,0.6506764719223932]
[39330,39327,1.0,0.9952227536000962]
[39330,3207,1.0,0.621606660712778]
[39330,5865,1.0,0.470758135860259]
[49318,49312,1.0,0.9924919560484692]
[49318,39339,1.0,0.6279477270791162]
[49318,49315,1.0,0.9704857868842804]
[49312,39339,1.0,0.6574233584821965]
[83623,83620,1.0,0.9923958418221456]
[81853,39339,1.0,0.5845358628376454]
[39339,36950,1.0,0.4084966918547669]
[39339,39327,1.0,0.9917559344363461]
[39339,39336,1.0,0.9917559344363461]
[39339,5108,1.0,0.4714026661264351]
[39339,39330,1.0,0.9917559344363461]
[39339,1128,1.0,0.40887717898731546]
[39339,5865,1.0,0.7224898031315169]
[39339,23476,1.0,0.45353789320584587]
[39339,16265,1.0,0.4348370104498975]
[39339,39333,1.0,0.9837765529487945]
[39342,36950,1.0,0.49003760154458476]
[39342,39327,1.0,0.9902913432757028]
[39342,39336,1.0,0.9902913432757028]
[39342,39330,1.0,0.9952227536000962]
[39342,3207,1.0,0.4938976215631957]
[39342,39339,1.0,0.9890835140775563]
[39342,39333,1.0,0.9897050146498654]
[49315,39330,1.0,0.4318107145790769]
[49315,49312,1.0,0.993318996418406]
[49315,39339,1.0,0.6574233584821965]
[45423,39339,1.0,0.43539890379048285]
[102259,39339,1.0,0.4214522532896875]
[43549,39339,1.0,0.4206147014923524]
[39333,36950,1.0,0.43645928545741774]
[39333,39327,1.0,0.9923958418221456]
[39333,39330,1.0,0.9952227536000962]
[55219,55216,1.0,0.987171457020768]
[45585,5625,1.0,0.5497802495264293]
[113763,76002,1.0,0.43092201361902327]
[113763,76925,1.0,0.5013442413024605]
[64476,64470,1.0,0.9876835468488622]
[64476,64467,1.0,0.9905564682541387]
[21405,21399,1.0,0.9913332082809255]
[21405,21402,1.0,0.9656036196712663]
[83980,49544,1.0,0.526811049256401]
[64470,64467,1.0,0.9937601237018558]
[88127,88121,1.0,0.9719475893363956]
[54148,54145,1.0,0.9873246293925463]
[55363,21405,1.0,0.4520140719972189]
[97092,64476,1.0,0.45656068707897646]
[46256,46253,1.0,0.9923958418221456]
[88133,88127,1.0,0.9684334954792645]
[88133,88121,1.0,0.9821886857107355]
[88133,88130,1.0,0.9803954310962213]
[83015,76002,1.0,0.4088352227755117]
[83015,46265,1.0,0.4706524133928324]
[76002,46253,1.0,0.5236455488215511]
[76002,46256,1.0,0.5236455488215511]
[76002,46259,1.0,0.5236455488215511]
[76002,46262,1.0,0.44898599367747827]
[103860,83130,1.0,0.43270955793521215]
[21402,21399,1.0,0.5074137372655554]
[89869,83130,1.0,0.48228212036694845]
[46259,46253,1.0,0.9763693248573667]
[46259,46256,1.0,0.9756614649060513]
[37439,37433,1.0,0.9895707056247579]
[37439,37436,1.0,0.9869848626796699]
[93913,93910,1.0,0.9638214616807753]
[104299,83130,1.0,0.4001055545123818]
[54151,54148,1.0,0.9169821447309494]
[54151,54145,1.0,0.9832829766770008]
[46262,46253,1.0,0.9866777859324725]
[46262,46256,1.0,0.9796147668229315]
[46262,46259,1.0,0.94614141749749]
[73751,45585,1.0,0.5581074026339176]
[74785,64476,1.0,0.5355893021399588]
[77591,42933,1.0,0.43528923876117376]
[77591,54148,1.0,0.4121088619009864]
[77591,54145,1.0,0.5002100416506202]
[64479,64476,1.0,0.99133259848331]
[64479,64470,1.0,0.990581499150189]
[64479,64467,1.0,0.9927904021198166]
[37436,37433,1.0,0.9939415251419753]
[103881,77591,1.0,0.4025115440929702]
[46265,46253,1.0,0.9006296634183274]
[46265,46256,1.0,0.8639988118011722]
[46265,46259,1.0,0.7608891971802164]
[46265,46262,1.0,0.8575831996701744]
[88130,88127,1.0,0.9725478886527518]
[88130,88121,1.0,0.9850719090968311]
[83130,48510,1.0,0.4802568965064462]
[83130,110,1.0,0.49583426260756575]
[68309,68306,1.0,0.9903863583212809]
[5145,5142,1.0,0.6885227170662571]
[41633,41627,1.0,0.992741519159376]
[5148,5142,1.0,0.9450982947074897]
[5148,5145,1.0,0.8577128542913466]
[5151,5142,1.0,0.7472444176490612]
[5151,5148,1.0,0.43748177733233634]
[41636,41633,1.0,0.9676336034787999]
[41636,41627,1.0,0.9712554876184042]
[101056,101053,1.0,0.985870891926574]
[81642,81633,1.0,0.9933550320030448]
[81642,81639,1.0,0.9901918127542898]
[81642,81636,1.0,0.9703491300789108]
[101059,101056,1.0,0.9087803605612014]
[101059,101053,1.0,0.9161048055113205]
[81639,81633,1.0,0.9901918127542898]
[81639,81636,1.0,0.9564518063087606]
[81636,81633,1.0,0.9926552533937335]
[93835,93832,1.0,0.9732085951490012]
[55683,55561,1.0,0.5076231569269577]
[69570,13033,1.0,0.4295952040373826]
[69570,13036,1.0,0.46296522749671487]
[125686,32145,1.0,0.4028864312021571]
[125686,13036,1.0,0.40543731711305475]
[55561,13033,1.0,0.405159498908867]
[18059,13036,1.0,0.4266415905982698]
[77094,13033,1.0,0.47067439524089527]
[77094,13036,1.0,0.4576329170660097]
[13036,13033,1.0,0.9885202914927524]
