[129681,31781,1.0,0.4301719198518261]
[83214,49637,1.0,0.45716390465722156]
[40912,40909,1.0,0.9787155837472745]
[40912,40906,1.0,0.9884976622176969]
[129654,129645,1.0,0.9867138121596928]
[129654,129651,1.0,0.42331430534377035]
[40909,40906,1.0,0.9946065170958023]
[98742,98739,1.0,0.9952227536000962]
[40915,40912,1.0,0.9837405600959145]
[40915,40909,1.0,0.9869509843571824]
[40915,40906,1.0,0.9930676807585843]
[129651,129645,1.0,0.42542966800534165]
[110962,36300,1.0,0.707725136918753]
[36466,36463,1.0,0.9649131676239978]
[36297,36291,1.0,0.9952227536000962]
[36300,36297,1.0,0.9952227536000962]
[36300,36291,1.0,0.9763297234850564]
[16646,16643,1.0,0.9282284638939726]
[98287,98284,1.0,0.7483656503537082]
[68547,68541,1.0,0.9862664485557137]
[35602,35596,1.0,0.9918818867765093]
[68550,68547,1.0,0.9835828730837542]
[68550,35602,1.0,0.4127007169785041]
[68550,58500,1.0,0.4391670595625013]
[68550,68541,1.0,0.9952227536000962]
[68541,35602,1.0,0.4127007169785041]
[68541,58500,1.0,0.4391670595625013]
[132774,51731,1.0,0.47408641897069376]
[35605,35602,1.0,0.9910978262845238]
[35605,35596,1.0,0.9947262821994]
[86516,18906,1.0,0.42750738569830105]
[82903,4146,1.0,0.44166655336444627]
[47382,47376,1.0,0.9845601184868076]
[47382,19013,1.0,0.4903099222682614]
[47382,19016,1.0,0.49172462246913684]
[47382,19019,1.0,0.43282349434618317]
[105577,4146,1.0,0.4185988813761846]
[47376,19013,1.0,0.48271477758848513]
[47376,19016,1.0,0.48410446972127524]
[47376,19019,1.0,0.4264905205020698]
[75340,75334,1.0,0.992401980840966]
[75340,75337,1.0,0.9859768884671882]
[19016,19013,1.0,0.9930676807585843]
[19019,19013,1.0,0.9741091870565856]
[19019,19016,1.0,0.9831906240197907]
[75337,75334,1.0,0.9825422986411971]
[23565,23562,1.0,0.9784546659883786]
[125866,125860,1.0,0.9952227536000962]
[125866,125863,1.0,0.9918550823344474]
[125863,125860,1.0,0.994754850866769]
[64546,64543,1.0,0.9952227536000962]
[64549,64543,1.0,0.8389598684716915]
[64549,64546,1.0,0.8389598684716915]
[34531,34525,1.0,0.9919994194217883]
[34531,34522,1.0,0.9952227536000962]
[100246,100243,1.0,0.9907453314477414]
[100249,100243,1.0,0.9920733700343729]
[100249,100246,1.0,0.9853339461459953]
[34525,34522,1.0,0.9886870973112253]
[84672,84669,1.0,0.9872021338195044]
[42278,42272,1.0,0.9899030792146404]
[84186,84180,1.0,0.9934197647450789]
[42281,42278,1.0,0.9849661776805277]
[42281,42272,1.0,0.992697108994309]
[97117,45567,1.0,0.46039020523593316]
[97117,94506,1.0,0.45558661815026924]
[117967,97117,1.0,0.4336333328294118]
[117967,117964,1.0,0.9952227536000962]
[61792,17587,1.0,0.43582314615581097]
[78386,61792,1.0,0.4790266154614728]
[50130,45567,1.0,0.585647984338359]
[118144,118138,1.0,0.9821126867034817]
[118144,118141,1.0,0.9686882688779301]
[10974,10971,1.0,0.9548483078877948]
[44086,44083,1.0,0.9499998465673027]
[118141,118138,1.0,0.9910525421907409]
[94506,61792,1.0,0.626014631901692]
[94506,38406,1.0,0.4891210423014722]
[75545,75542,1.0,0.9926021446969344]
[23192,23189,1.0,0.9658748838041155]
[38406,17587,1.0,0.5672248549021528]
[38406,4615,1.0,0.4397685106256863]
[75155,42129,1.0,0.4226658301515254]
[3251,3245,1.0,0.9720771296116504]
[3251,3248,1.0,0.9720771296116504]
[18119,18116,1.0,0.9897210702502108]
[3248,3245,1.0,0.9952227536000962]
[5184,5181,1.0,0.5996193883778247]
[14065,14056,1.0,0.9893527395241599]
[14065,14059,1.0,0.9826608621530821]
[14059,14056,1.0,0.9919340271604177]
[116289,62624,1.0,0.5113840161975713]
[116289,49939,1.0,0.4366696207611877]
[116289,49933,1.0,0.4383108205737687]
[127404,116289,1.0,0.5297842802364371]
[49939,49936,1.0,0.8642745277840773]
[49939,49933,1.0,0.9913922233734943]
[49936,49933,1.0,0.9069966272402972]
[54665,3039,1.0,0.4400417620207698]
[6509,6506,1.0,0.9013017246888216]
[6509,6503,1.0,0.964703956613322]
[6506,6503,1.0,0.9846942489636542]
[79117,76465,1.0,0.41052285963613705]
[69165,69159,1.0,0.986715148151303]
[112662,112659,1.0,0.9952227536000962]
[19716,3039,1.0,0.41899360778600847]
[82648,79117,1.0,0.4104103972511732]
[84569,59964,1.0,0.4472427673611077]
[55351,55348,1.0,0.9872863128035304]
[12426,2631,1.0,0.40722190902091476]
[27982,2631,1.0,0.476490381130986]
[50062,2631,1.0,0.5727571782999938]
[112855,55845,1.0,0.4832721967777437]
[112855,2631,1.0,0.42375403391797384]
[112855,19903,1.0,0.5453374576474281]
[20247,9165,1.0,0.4915185251246305]
[20247,9162,1.0,0.510055761853117]
[60790,55845,1.0,0.45971002195045024]
[52765,52759,1.0,0.9927841026285192]
[85607,2631,1.0,0.4936388455688104]
[41132,2631,1.0,0.4571932924738148]
[116064,55845,1.0,0.5309197857770966]
[55845,52765,1.0,0.4108831528598627]
[55845,52759,1.0,0.42876842054646586]
[55845,31679,1.0,0.4120844638110833]
[55845,2631,1.0,0.4213588419605909]
[55845,52771,1.0,0.443014904540965]
[62877,24664,1.0,0.4205190901805143]
[62877,55845,1.0,0.5953085822860763]
[62877,2631,1.0,0.7550749269810411]
[62877,34114,1.0,0.4246604613476931]
[62877,62874,1.0,0.9945658731879131]
[62877,19903,1.0,0.5510556084666002]
[19955,2631,1.0,0.4120637728503847]
[64243,64240,1.0,0.5701362860962736]
[85768,2631,1.0,0.4324835358219352]
[36511,2631,1.0,0.4056790688619085]
[2631,1531,1.0,0.40384609355084294]
[78622,55845,1.0,0.4927888368898685]
[91643,55845,1.0,0.4347414110026303]
[82030,2631,1.0,0.6335003542011006]
[60965,2631,1.0,0.40292776531974006]
[57075,2631,1.0,0.5139526181823405]
[116400,2631,1.0,0.4881619451202811]
[82404,19903,1.0,0.4724924294219996]
[34204,2631,1.0,0.4046945099203226]
[110863,110857,1.0,0.9901267079056634]
[110863,110860,1.0,0.9901267079056634]
[24191,2631,1.0,0.4292554884118535]
[28951,2631,1.0,0.7669345591884436]
[58549,2631,1.0,0.4043241332356615]
[17402,2631,1.0,0.41853411799544504]
[112512,2631,1.0,0.41640494035001907]
[110860,110857,1.0,0.9952227536000962]
[52771,52765,1.0,0.9790852971771963]
[52771,52759,1.0,0.9946572280446236]
[52771,2631,1.0,0.40582122969482665]
[52771,52768,1.0,0.9824818927272765]
[95010,2631,1.0,0.4117734913196271]
[52768,52765,1.0,0.9463565109243818]
[52768,52759,1.0,0.9841343215339956]
[9165,9162,1.0,0.9174756726542935]
[34114,34111,1.0,0.9516600269946651]
[109555,55845,1.0,0.4124813707153588]
[109555,2631,1.0,0.4059741747858509]
[100006,2631,1.0,0.48304059572820424]
[100603,100600,1.0,0.9856696532413689]
[100603,100597,1.0,0.9758311660173068]
[100603,100594,1.0,0.990515878461667]
[87529,87526,1.0,0.9566065743847477]
[9424,9421,1.0,0.9877726362494229]
[133005,11022,1.0,0.43420291283027285]
[61965,61007,1.0,0.4785671080399955]
[40237,40234,1.0,0.9935379458978577]
[40237,40231,1.0,0.9946572280446236]
[9427,9424,1.0,0.9726916447599316]
[9427,9421,1.0,0.9880821695013926]
[6657,6654,1.0,0.9592660917213429]
[6657,6651,1.0,0.9932537467430427]
[61007,37347,1.0,0.4581543304419723]
[9433,9424,1.0,0.9857137576839972]
[9433,9427,1.0,0.9739950224160071]
[9433,9421,1.0,0.9944038921919651]
[33058,33055,1.0,0.9423362906824354]
[9436,9424,1.0,0.9788112539147653]
[9436,9427,1.0,0.9626066891098518]
[9436,9433,1.0,0.9902429971577641]
[9436,9421,1.0,0.9914729588753374]
[40234,40231,1.0,0.9942129708818666]
[35322,35319,1.0,0.9931579754637436]
[100600,100597,1.0,0.9717627745855076]
[100600,100594,1.0,0.9926680456172919]
[100597,100594,1.0,0.9926169770496873]
[6654,6651,1.0,0.9675532421020944]
[40240,40237,1.0,0.9882816482545138]
[40240,40234,1.0,0.9923881428614247]
[40240,40231,1.0,0.9936734116065394]
[84726,84723,1.0,0.9785836843549502]
[692,686,1.0,0.9920041539259471]
[692,689,1.0,0.9179361933383974]
[66674,66671,1.0,0.9946424279692275]
[66677,66674,1.0,0.9484878738988892]
[66677,66671,1.0,0.9564002589149047]
[689,686,1.0,0.9699269561066856]
[66683,66674,1.0,0.9926014123471619]
[66683,66677,1.0,0.8678198015227832]
[66683,66671,1.0,0.9945275130393195]
[66683,66680,1.0,0.9921400784713256]
[66680,66674,1.0,0.9910494253290887]
[66680,66677,1.0,0.8969749382273294]
[66680,66671,1.0,0.9813247329257234]
[82309,82306,1.0,0.9464508565866822]
[76636,76633,1.0,0.9886713709131697]
[76636,75918,1.0,0.5638394942441797]
[76633,32998,1.0,0.41547034177187897]
[76633,75918,1.0,0.5721719507478744]
[76645,76636,1.0,0.9897569767989803]
[76645,76633,1.0,0.9910123785238677]
[76645,76642,1.0,0.9910123785238677]
[76645,76639,1.0,0.9749963407181708]
[76645,75918,1.0,0.49050167440356085]
[88696,76639,1.0,0.5447230894435423]
[76642,76636,1.0,0.9936734116065394]
[76642,76633,1.0,0.9952227536000962]
[76642,76639,1.0,0.9916415323109009]
[76642,32998,1.0,0.6192616181619276]
[76642,75918,1.0,0.7028669297762977]
[107160,76639,1.0,0.4445407320486572]
[107793,76639,1.0,0.4755727576850892]
[76639,76636,1.0,0.9767801646691198]
[76639,76633,1.0,0.9835736855003541]
[76639,47854,1.0,0.5578700293490905]
[76639,69070,1.0,0.44536569067465404]
[76639,53289,1.0,0.4579721308221259]
[76639,61745,1.0,0.4511104052866179]
[76639,32998,1.0,0.4333195290015714]
[76639,17221,1.0,0.518377275865311]
[76639,75918,1.0,0.5722960445019111]
[76639,76260,1.0,0.4422096373798717]
[76639,23323,1.0,0.5931773840944414]
[86459,76639,1.0,0.47754435093651115]
[99421,99415,1.0,0.9811467156242484]
[76260,75918,1.0,0.4107276320821217]
[80685,76639,1.0,0.40668040351736284]
[88738,23490,1.0,0.43975983974572125]
[88738,12072,1.0,0.49046924085688454]
[128421,128418,1.0,0.9900592205763161]
[130512,130509,1.0,0.9921294199619812]
[36085,36082,1.0,0.985870891926574]
[94284,94281,1.0,0.9689637424214221]
[28359,8335,1.0,0.45696866180975404]
[88928,88922,1.0,0.9641845904491138]
[88928,88925,1.0,0.9899971011995341]
[88928,88919,1.0,0.9760136324510393]
[88922,88919,1.0,0.9922599912418544]
[88925,88922,1.0,0.9845904995753709]
[88925,88919,1.0,0.9937353308824888]
[67079,39354,1.0,0.43706195275796605]
[54201,7179,1.0,0.8478229060979088]
[63885,7179,1.0,0.6185448004128974]
[114136,7179,1.0,0.6158763239953506]
[114136,114133,1.0,0.456487528541066]
[31778,7179,1.0,0.4379825562591805]
[31778,31775,1.0,0.9945658729539499]
[48916,48910,1.0,0.9952227536000962]
[48916,48913,1.0,0.9640785131264222]
[28010,28007,1.0,0.9924184197937803]
[28010,28004,1.0,0.994754850866769]
[93447,93441,1.0,0.9821912566808162]
[93447,93444,1.0,0.9803469439112732]
[114070,7179,1.0,0.6016290604725016]
[79405,79402,1.0,0.969128152300775]
[79405,79396,1.0,0.978610313628318]
[79405,79399,1.0,0.9635221065180476]
[132499,68067,1.0,0.4983635773725941]
[132499,39125,1.0,0.48824226661264775]
[7179,7176,1.0,0.9676336034787999]
[7179,7170,1.0,0.9676336034787999]
[7179,5958,1.0,0.678657135709988]
[7179,387,1.0,0.6592425140646476]
[7179,7173,1.0,0.9073637014322353]
[7179,4318,1.0,0.5305367346017097]
[28007,28004,1.0,0.9930641667401623]
[7176,7170,1.0,0.9929318100825512]
[7176,7173,1.0,0.9015066194647401]
[93444,93441,1.0,0.9909424776519933]
[57609,57603,1.0,0.9952227536000962]
[57615,57609,1.0,0.9592498072329974]
[57615,57612,1.0,0.8211851061487957]
[57615,57603,1.0,0.9592498072329974]
[9007,7179,1.0,0.7146083144584165]
[57612,57609,1.0,0.9800219394201134]
[57612,57603,1.0,0.9800219394201134]
[28013,28010,1.0,0.986637288685244]
[28013,28007,1.0,0.9876964141306717]
[28013,28004,1.0,0.9913747083562605]
[93450,93441,1.0,0.9723211593180661]
[93450,93447,1.0,0.9675381557550137]
[93450,93444,1.0,0.9695985491604396]
[8688,8685,1.0,0.9952227536000962]
[85837,7179,1.0,0.4055951684625365]
[114139,114133,1.0,0.9643491184217486]
[91490,7179,1.0,0.635183996285583]
[51000,7179,1.0,0.6967299212403542]
[36126,7179,1.0,0.5658773193358596]
[79402,79396,1.0,0.9918283009330886]
[79402,79399,1.0,0.9900702946597087]
[42376,7179,1.0,0.728054240583191]
[42376,42373,1.0,0.9877926640434951]
[81469,61578,1.0,0.4614195223430036]
[131007,7179,1.0,0.5735375020578151]
[115113,7179,1.0,0.6169259484855995]
[115119,7179,1.0,0.605955526015368]
[115119,115113,1.0,0.9934197647450789]
[115119,115116,1.0,0.9934197647450789]
[17581,7179,1.0,0.6015566616103748]
[84561,7179,1.0,0.45436699541719827]
[48913,48910,1.0,0.986553721809082]
[131748,7179,1.0,0.690587303591437]
[132891,7179,1.0,0.5348008757358603]
[8691,8685,1.0,0.9738091284872982]
[8691,8688,1.0,0.9738091284872982]
[114142,114136,1.0,0.4050269144251228]
[114142,7179,1.0,0.59608098744614]
[114142,114139,1.0,0.8010498493645162]
[114142,114133,1.0,0.9667555580242321]
[7173,7170,1.0,0.9246346237519885]
[55907,7179,1.0,0.6555256955403407]
[79838,7179,1.0,0.5440042501539246]
[106776,7179,1.0,0.7094434817762]
[104139,7179,1.0,0.5786336384563951]
[46365,7179,1.0,0.48351694155752356]
[42373,7179,1.0,0.7184488798948515]
[111412,8685,1.0,0.4898416739307036]
[111412,69217,1.0,0.46467000981839823]
[111412,8688,1.0,0.5079874271721405]
[111412,81469,1.0,0.43760172991535845]
[111412,8691,1.0,0.5147015277371191]
[79399,79396,1.0,0.9900702946597087]
[115116,7179,1.0,0.6169259484855995]
[115116,115113,1.0,0.9952227536000962]
[114133,7179,1.0,0.6158763239953506]
[25729,25720,1.0,0.9288142585765443]
[25729,25726,1.0,0.7893997809823134]
[25729,25723,1.0,0.963049700023641]
[114165,114159,1.0,0.9404915273717873]
[114165,114162,1.0,0.9693287592895435]
[114165,114153,1.0,0.9881853220629315]
[114159,114153,1.0,0.9720599037020279]
[64668,26528,1.0,0.41578200241694624]
[114162,114159,1.0,0.9070007627206237]
[114162,114153,1.0,0.9778492671095453]
[69559,69556,1.0,0.9865293719366589]
[69559,69544,1.0,0.9945658731879131]
[69559,69547,1.0,0.5559020616804303]
[69559,69550,1.0,0.9920129569363589]
[69559,69553,1.0,0.9870677146256912]
[35471,26528,1.0,0.5011259204494111]
[69556,69544,1.0,0.9926278674655746]
[69556,69547,1.0,0.6729045113208146]
[69556,69550,1.0,0.9892168777466073]
[69556,69553,1.0,0.9884977465392617]
[123085,64668,1.0,0.4431364895975713]
[123085,26528,1.0,0.4558697134048081]
[69547,69544,1.0,0.6893577953332701]
[69547,26528,1.0,0.4796235177894414]
[69550,69544,1.0,0.9929495960445205]
[69550,69547,1.0,0.628496682603168]
[69553,69544,1.0,0.9884977465392617]
[69553,69547,1.0,0.9803174458570387]
[69553,69550,1.0,0.9835744353123694]
[69553,26528,1.0,0.4068739296517398]
[106047,26528,1.0,0.8155778286220197]
[25726,25720,1.0,0.960116834754286]
[25726,25723,1.0,0.9861464120448776]
[120964,26528,1.0,0.5168187598212677]
[25723,25720,1.0,0.9952227536000962]
[61241,26528,1.0,0.5415299019227516]
[67816,2489,1.0,0.6413998245558223]
[65634,65631,1.0,0.8916019196799022]
[65634,65628,1.0,0.9899503340071443]
[65631,65628,1.0,0.8967259281003979]
[127236,120109,1.0,0.5217875783506253]
[20885,20879,1.0,0.9510955503022311]
[20885,20882,1.0,0.9337318417970742]
[9387,9375,1.0,0.9929318100825512]
[9387,9384,1.0,0.9798561471471076]
[9387,9381,1.0,0.9849782861843952]
[9387,9378,1.0,0.9719688965916238]
[9384,9375,1.0,0.9859369605433117]
[9384,9381,1.0,0.9721420853976834]
[9384,9378,1.0,0.9494208126777289]
[16044,2489,1.0,0.4633251817054876]
[37831,13433,1.0,0.5202472622248301]
[94981,94978,1.0,0.9907453314477414]
[20882,20879,1.0,0.9929243387519429]
[65637,65634,1.0,0.989494926472353]
[65637,65631,1.0,0.8589953991599274]
[65637,65628,1.0,0.9914729588753374]
[9381,9375,1.0,0.9850318328043232]
[9381,9378,1.0,0.9829597657148502]
[16900,16897,1.0,0.9914756223331858]
[120106,120100,1.0,0.9702470164228402]
[16903,16897,1.0,0.9688539463640744]
[16903,16900,1.0,0.9494455261031602]
[9378,9375,1.0,0.980031274063621]
[120109,120100,1.0,0.9952227536000962]
[120109,120106,1.0,0.9702470164228402]
[94984,94978,1.0,0.7238355743054953]
[94984,94981,1.0,0.7881158007577361]
[20888,20879,1.0,0.9741629779023925]
[20888,20885,1.0,0.8477235721065713]
[20888,20882,1.0,0.9642469862765299]
[39301,39292,1.0,0.9750305633258965]
[39301,39298,1.0,0.9921762583002363]
[39298,39292,1.0,0.9908718811433119]
[39298,31386,1.0,0.4034571162177711]
[83095,39298,1.0,0.4814275976638266]
[58596,58590,1.0,0.9814230425344015]
[58596,58593,1.0,0.9244690162518636]
[44101,44098,1.0,0.9817026842146778]
[22091,22088,1.0,0.9952227536000962]
[58593,58590,1.0,0.9163675765347796]
[58602,58596,1.0,0.9749761191555028]
[58602,58590,1.0,0.9921471266607758]
[58602,58593,1.0,0.9546365634367023]
[44665,44662,1.0,0.9920733700343729]
[40942,40939,1.0,0.9922030957843051]
[40945,40942,1.0,0.9795962947243985]
[40945,40939,1.0,0.9867228047029851]
[38985,23798,1.0,0.45219001583485013]
[100285,76818,1.0,0.4244828287657332]
[93823,5470,1.0,0.7416532573352308]
[93823,93820,1.0,0.9919862890921488]
[93823,93817,1.0,0.9929984661036967]
[93823,5473,1.0,0.4710008462977163]
[115866,115863,1.0,0.9591460372548726]
[63433,42119,1.0,0.5175995975418458]
[112852,112849,1.0,0.9892819917996648]
[53270,53267,1.0,0.9952227536000962]
[93820,93817,1.0,0.9831093890305282]
[105271,55424,1.0,0.5001824716121722]
[105271,9447,1.0,0.4249191218459102]
[105271,63433,1.0,0.4199872639377854]
[98004,98001,1.0,0.9952227536000962]
[114042,114039,1.0,0.9551497443188914]
[5473,5470,1.0,0.9552553976304126]
[130804,105271,1.0,0.5446799503354495]
[95416,5470,1.0,0.5068480263286712]
[95416,35782,1.0,0.5247413372172006]
[106402,106399,1.0,0.9912912179711123]
[68529,12377,1.0,0.49078816811585824]
[91506,91503,1.0,0.9414617577912783]
[65669,65663,1.0,0.9952227536000962]
[65669,65666,1.0,0.9804201764257253]
[65666,65663,1.0,0.9824728032835082]
[65672,65663,1.0,0.713314842951567]
[65672,65669,1.0,0.9694138306971831]
[65672,65666,1.0,0.6947989218204411]
[37566,37560,1.0,0.9891700284774299]
[37566,37563,1.0,0.9842046518229761]
[37563,37560,1.0,0.9927904021198166]
[13908,13902,1.0,0.9880123740329875]
[13908,13905,1.0,0.9420019414419956]
[13905,13902,1.0,0.9726916622276672]
[36175,36172,1.0,0.9922241080961267]
[74102,74096,1.0,0.9952227536000962]
[128118,94149,1.0,0.4947446579240966]
[17363,4491,1.0,0.45671241982870736]
[100147,58833,1.0,0.5885966757304184]
[91642,35318,1.0,0.8552726165632275]
[91642,91639,1.0,0.9877726362494229]
[91642,58833,1.0,0.6457041626369847]
[24071,24068,1.0,0.9775621706716264]
[91639,58833,1.0,0.49338047721979283]
[24074,24071,1.0,0.9372782650895002]
[24074,24068,1.0,0.9897125650018419]
[58833,35318,1.0,0.6857477607158293]
[58833,47008,1.0,0.42108406110214563]
[58833,2633,1.0,0.48872221602002286]
[44194,3355,1.0,0.4758421467169265]
[94257,94251,1.0,0.9787829391596626]
[94257,94248,1.0,0.9925468645354409]
[94257,94254,1.0,0.9865132333664747]
[94251,94248,1.0,0.9794995280661797]
[94254,94251,1.0,0.9789063472480708]
[94254,94248,1.0,0.99133259848331]
[4099,4096,1.0,0.9887533676203081]
[120024,100117,1.0,0.5338664325973191]
[58766,58763,1.0,0.9941331399080218]
[111057,111051,1.0,0.9952227536000962]
[111057,111054,1.0,0.9952227536000962]
[120051,120048,1.0,0.9875404266659663]
[84800,84794,1.0,0.6606513495966418]
[84800,84797,1.0,0.48405535380385994]
[70933,53401,1.0,0.460341013555006]
[120054,120051,1.0,0.9914756223331858]
[120054,120048,1.0,0.9929318100825512]
[100117,83311,1.0,0.4261581281702166]
[111060,111057,1.0,0.6636333874203556]
[111060,111051,1.0,0.6636333874203556]
[111060,111054,1.0,0.6636333874203556]
[120060,120051,1.0,0.9914756223331858]
[120060,120054,1.0,0.9952227536000962]
[120060,120057,1.0,0.9910864466978634]
[120060,120048,1.0,0.9952227536000962]
[111054,111051,1.0,0.9952227536000962]
[120057,120051,1.0,0.9746536387288368]
[120057,120054,1.0,0.9852125078202979]
[120057,120048,1.0,0.9945658729539499]
[84797,84794,1.0,0.976772187962465]
[27145,27142,1.0,0.9134191442361308]
[34639,21876,1.0,0.5151474282738033]
[34639,9444,1.0,0.4137707713208677]
[34639,34630,1.0,0.993006642390171]
[34639,34633,1.0,0.993006642390171]
[34639,34636,1.0,0.993006642390171]
[112678,98127,1.0,0.40828586873036643]
[112678,34639,1.0,0.4257766959410589]
[119653,107557,1.0,0.5094816725240701]
[119653,30289,1.0,0.5766835184630393]
[119653,31554,1.0,0.40557975124398155]
[81664,76005,1.0,0.4157370161623577]
[34936,34930,1.0,0.9945275130393195]
[34936,34933,1.0,0.8844127423682474]
[76005,8782,1.0,0.48077770360912764]
[79665,76005,1.0,0.5297216772275541]
[81885,81879,1.0,0.9877726362494229]
[81885,81882,1.0,0.9820566730107074]
[34933,34930,1.0,0.9639527636467767]
[34633,21876,1.0,0.5013619977211962]
[34633,9444,1.0,0.45055425103098]
[34633,34630,1.0,0.9952227536000962]
[81882,81879,1.0,0.9946149626479851]
[34939,34930,1.0,0.964192173523138]
[34939,34936,1.0,0.9454853869385581]
[34939,34933,1.0,0.6797240375366638]
[34636,34630,1.0,0.9952227536000962]
[34636,34633,1.0,0.9952227536000962]
[423,417,1.0,0.9868748740738433]
[423,420,1.0,0.8893246261858754]
[109401,55842,1.0,0.4762435767108412]
[109401,21560,1.0,0.6688924426137864]
[109401,53294,1.0,0.5210293665757406]
[42701,21563,1.0,0.42904136767440954]
[27380,27374,1.0,0.989600274614173]
[27380,27377,1.0,0.8103813214178291]
[125265,37295,1.0,0.40277904543823534]
[21560,13255,1.0,0.41714073330256446]
[21560,19719,1.0,0.6820119255669396]
[21560,2068,1.0,0.6544716119023758]
[21560,21557,1.0,0.9952227536000962]
[21560,12,1.0,0.6244873234091304]
[112509,112506,1.0,0.9926297125923712]
[55175,55169,1.0,0.9295876695837993]
[55175,55172,1.0,0.9121217297939337]
[21563,21560,1.0,0.9952227536000962]
[21563,21557,1.0,0.9952227536000962]
[21563,12,1.0,0.4964358648207437]
[94408,94405,1.0,0.9853632553554731]
[13392,13386,1.0,0.9931231192202594]
[93760,50866,1.0,0.4326987713822039]
[55172,55169,1.0,0.9816637454511982]
[101817,50866,1.0,0.46803568417670927]
[420,417,1.0,0.9138692046816681]
[53294,21560,1.0,0.4585476084490322]
[53294,21563,1.0,0.48102846020258233]
[13395,13392,1.0,0.8918135967516929]
[13395,13386,1.0,0.9186449954104364]
[83624,21560,1.0,0.542111902506477]
[101823,50866,1.0,0.46803568417670927]
[101823,101817,1.0,0.9940216328106725]
[20711,20708,1.0,0.9879921469481711]
[21561,12489,1.0,0.5241667755685082]
[21561,21558,1.0,0.9864760670692163]
[21561,21552,1.0,0.9899503340071443]
[21561,21555,1.0,0.935493240307909]
[20498,12489,1.0,0.5133337166029052]
[48986,12489,1.0,0.40745538219788535]
[96097,20498,1.0,0.5484627124958869]
[96097,51860,1.0,0.8620549603312058]
[96097,12489,1.0,0.6720496074342526]
[96097,81089,1.0,0.6062102270232812]
[96097,27817,1.0,0.41298363699654894]
[96097,88927,1.0,0.5239311242830533]
[96097,63040,1.0,0.628530631991483]
[96097,82993,1.0,0.739843274126681]
[96097,12538,1.0,0.4218751929730311]
[48989,48986,1.0,0.9945081630075626]
[92058,62925,1.0,0.47387186506292756]
[92058,51860,1.0,0.5179573533004741]
[92058,80878,1.0,0.43199713817216656]
[92058,81089,1.0,0.4289651429020735]
[92058,67367,1.0,0.6669310410750872]
[90558,90552,1.0,0.989600274614173]
[90558,51860,1.0,0.6250686404150756]
[90558,90555,1.0,0.9814958836163397]
[101638,12489,1.0,0.4711707389953655]
[101638,82993,1.0,0.40188599128365343]
[84292,84289,1.0,0.9952227536000962]
[51860,20498,1.0,0.6769568771367362]
[51860,2362,1.0,0.8694905298458658]
[51860,12489,1.0,0.4213466854701349]
[51860,21558,1.0,0.41726588123958813]
[51860,30160,1.0,0.5130072115029296]
[51860,19995,1.0,0.5129024290638745]
[51860,12538,1.0,0.45747872554793834]
[98559,20498,1.0,0.6435606892915458]
[98559,96097,1.0,0.6348624710714149]
[98559,12489,1.0,0.42553120839142916]
[98559,82993,1.0,0.5617969111826767]
[26896,12489,1.0,0.4532012289276101]
[120187,12489,1.0,0.49189084775250014]
[120187,120181,1.0,0.954360376119527]
[120187,120184,1.0,0.8990895014718048]
[80878,67367,1.0,0.5228142697697771]
[47903,2362,1.0,0.5342321866318726]
[47903,12489,1.0,0.7702822022461738]
[47903,21558,1.0,0.4724701826405939]
[12489,2362,1.0,0.747842234769213]
[21558,12489,1.0,0.5424474111883594]
[21558,21552,1.0,0.9933607062578763]
[21558,21555,1.0,0.9813102269079949]
[10429,10423,1.0,0.9909251903137]
[10429,10426,1.0,0.9909251903137]
[111772,12489,1.0,0.4451606924317758]
[81089,12489,1.0,0.4271368038661984]
[92497,2362,1.0,0.4335821262602713]
[78019,78016,1.0,0.9949785116292866]
[43065,21561,1.0,0.537413009570402]
[43065,21558,1.0,0.5131376376612635]
[43065,21552,1.0,0.5367486704825667]
[131127,12489,1.0,0.47977632554505417]
[131127,21558,1.0,0.5259620050088053]
[131127,82993,1.0,0.48918175514723017]
[120181,96097,1.0,0.4179646909170118]
[120181,12489,1.0,0.49189084775250014]
[27817,12489,1.0,0.5548159858338856]
[21552,12489,1.0,0.5601298387936178]
[94680,82993,1.0,0.6440229417792172]
[83251,2362,1.0,0.44795207242748886]
[10426,10423,1.0,0.9952227536000962]
[91893,82993,1.0,0.5067458428318509]
[88927,20498,1.0,0.43049464847750024]
[88927,82993,1.0,0.45616066001177424]
[66628,12489,1.0,0.41148789567495797]
[67367,21555,1.0,0.43738081320717076]
[21555,12489,1.0,0.5515085332531332]
[21555,21552,1.0,0.9650509417571893]
[63040,20498,1.0,0.5120835208179172]
[63040,12489,1.0,0.40697592129349813]
[131520,2362,1.0,0.4875368380435689]
[131520,12489,1.0,0.4537489552265196]
[131520,82993,1.0,0.4971714803184369]
[119194,48986,1.0,0.4274097873172591]
[119194,48989,1.0,0.42366850650464377]
[119194,51860,1.0,0.4782642522294632]
[119194,48992,1.0,0.4274097873172591]
[91448,82993,1.0,0.5124461172807745]
[120190,96097,1.0,0.4179646909170118]
[120190,120187,1.0,0.9654225361115935]
[120190,12489,1.0,0.47468020054209387]
[120190,120181,1.0,0.9931558375613116]
[120190,120184,1.0,0.9799480059442627]
[83582,2362,1.0,0.4634142044310266]
[83582,12489,1.0,0.41394890547044894]
[19995,2362,1.0,0.426433331965106]
[90555,90552,1.0,0.9911100601477266]
[90555,51860,1.0,0.5847708688371083]
[48992,48986,1.0,0.9952227536000962]
[48992,48989,1.0,0.99236012770395]
[48992,12489,1.0,0.40745538219788535]
[129357,12489,1.0,0.4565317626329041]
[133047,12489,1.0,0.49749044372320433]
[133047,82993,1.0,0.616399297339157]
[82993,21561,1.0,0.4105926955716663]
[82993,20498,1.0,0.4317908321236581]
[82993,48986,1.0,0.46434410986930963]
[82993,48989,1.0,0.4377973675596736]
[82993,51860,1.0,0.5398302280042081]
[82993,26896,1.0,0.5351158598688331]
[82993,2362,1.0,0.6686863854390863]
[82993,47903,1.0,0.6262006639351322]
[82993,12489,1.0,0.4764631867456707]
[82993,21558,1.0,0.4026591999055467]
[82993,30160,1.0,0.4326802101233375]
[82993,81089,1.0,0.43086793200787604]
[82993,15558,1.0,0.46650905669409565]
[82993,27817,1.0,0.5300275597985235]
[82993,21552,1.0,0.40984426006876035]
[82993,20283,1.0,0.51151633861231]
[82993,66628,1.0,0.4656084027356829]
[82993,32473,1.0,0.635837090714598]
[82993,21555,1.0,0.40984426006876035]
[82993,21829,1.0,0.4013579132351591]
[82993,63040,1.0,0.49962430418504683]
[82993,33085,1.0,0.5882015329207176]
[82993,19995,1.0,0.4947064332553655]
[82993,48992,1.0,0.46434410986930963]
[82993,71439,1.0,0.4404947192038415]
[82993,12538,1.0,0.7538055598450661]
[82993,15884,1.0,0.4334353791378281]
[120184,96097,1.0,0.4354771840572731]
[120184,12489,1.0,0.43051559647174187]
[120184,120181,1.0,0.9856284706771195]
[120184,82993,1.0,0.42472324362166486]
[56267,12489,1.0,0.4931660733164302]
[12538,12489,1.0,0.5681244521369434]
[86493,84292,1.0,0.4052449107688695]
[10432,10429,1.0,0.9867543998818028]
[10432,10423,1.0,0.9929318100825512]
[10432,10426,1.0,0.9929318100825512]
[17819,17816,1.0,0.9877726362494229]
[17819,17810,1.0,0.9952227536000962]
[17816,17810,1.0,0.9877726362494229]
[116904,40916,1.0,0.4524597798197637]
[116910,116904,1.0,0.833643300352654]
[116910,40916,1.0,0.4540478337105769]
[116910,116907,1.0,0.5169496955340137]
[35327,35324,1.0,0.9825545623822994]
[116913,116904,1.0,0.9952227536000962]
[116913,116910,1.0,0.8768084718275634]
[116913,40916,1.0,0.4524597798197637]
[116913,116907,1.0,0.9444972479331151]
[116907,116904,1.0,0.9444972479331151]
[116907,40916,1.0,0.47638196615917694]
[22803,22800,1.0,0.9853857495962461]
[22806,22803,1.0,0.9882382546821655]
[22806,22800,1.0,0.9914729588753374]
[22809,22803,1.0,0.9812927666237167]
[22809,22806,1.0,0.9927683981306914]
[22809,22800,1.0,0.9936785550260069]
[47088,47085,1.0,0.9828400068050769]
[47088,47079,1.0,0.987422528287325]
[47088,47082,1.0,0.9569619062654674]
[102405,102399,1.0,0.92711160104852]
[102405,102402,1.0,0.8762594740596958]
[102405,45713,1.0,0.6696438547040491]
[102405,102390,1.0,0.92711160104852]
[102405,102393,1.0,0.9341109962266361]
[102405,102396,1.0,0.8491296665651304]
[31322,23804,1.0,0.42521622360218914]
[31322,3123,1.0,0.4558324208935793]
[31322,31072,1.0,0.43676385231118314]
[46486,46483,1.0,0.9003981072738484]
[78449,51691,1.0,0.42932484065220783]
[117360,31322,1.0,0.44143163228309]
[98661,51691,1.0,0.44185666616938657]
[33450,31322,1.0,0.49224287438999725]
[55229,31322,1.0,0.4166918028140791]
[19432,19423,1.0,0.9942819304487751]
[19432,19426,1.0,0.9942819304487751]
[19432,19429,1.0,0.97841546759962]
[32617,32614,1.0,0.9948470675066801]
[102399,45713,1.0,0.5311889280627036]
[102399,102390,1.0,0.9952227536000962]
[102399,102393,1.0,0.9877726362494229]
[102399,102396,1.0,0.9784326847776467]
[47085,47079,1.0,0.9879138550988995]
[47085,47082,1.0,0.980518042003157]
[49883,31322,1.0,0.4767936722598988]
[32623,32617,1.0,0.9929127417872754]
[32623,32614,1.0,0.9934197647450789]
[29844,29841,1.0,0.9895952879842786]
[53434,31322,1.0,0.46175235127995895]
[51691,46486,1.0,0.4088214627871468]
[51691,22526,1.0,0.6735100240712877]
[51691,5243,1.0,0.5901638062801926]
[51691,45713,1.0,0.7269247622560135]
[81139,31322,1.0,0.430180842308322]
[102402,102399,1.0,0.9938351515634869]
[102402,45713,1.0,0.5025749853799776]
[102402,102390,1.0,0.9938351515634869]
[102402,102393,1.0,0.9842474177912646]
[102402,102396,1.0,0.9731036350143649]
[71641,31322,1.0,0.5058164484387838]
[71641,51691,1.0,0.5903930771166164]
[45713,31322,1.0,0.5637325330453992]
[74879,31322,1.0,0.44363704677949595]
[102390,45713,1.0,0.5311889280627036]
[19426,19423,1.0,0.9952227536000962]
[51509,51503,1.0,0.9763924643065581]
[51509,51506,1.0,0.9410809584116806]
[19429,19423,1.0,0.9937193235396276]
[19429,19426,1.0,0.9937193235396276]
[51506,51503,1.0,0.9936650057467088]
[47082,47079,1.0,0.9854041256720611]
[114258,31322,1.0,0.4331697017602625]
[102393,98661,1.0,0.6045332645234608]
[102393,45713,1.0,0.8655466799190393]
[102393,102390,1.0,0.9877726362494229]
[102396,45713,1.0,0.45569757630332947]
[102396,102390,1.0,0.9784326847776467]
[102396,102393,1.0,0.9833514052893394]
[79752,51691,1.0,0.4179551935463122]
[49839,31322,1.0,0.40249965472707083]
[32626,32617,1.0,0.9933451689676468]
[32626,32623,1.0,0.989020605138463]
[32626,32614,1.0,0.993833290446873]
[78455,78449,1.0,0.9911959333624409]
[78455,51691,1.0,0.42932484065220783]
[54329,51691,1.0,0.5881153321777275]
[20676,20670,1.0,0.9888400233310467]
[20676,20673,1.0,0.9644932373632005]
[20673,20670,1.0,0.9831925205432583]
[39126,39120,1.0,0.9867640417611556]
[39126,39123,1.0,0.954478029727796]
[19034,19028,1.0,0.9746449940439099]
[19034,19031,1.0,0.954681631435008]
[19037,19034,1.0,0.9704107681617327]
[19037,19028,1.0,0.9936282955531263]
[19037,19031,1.0,0.9808774937697597]
[108633,78564,1.0,0.4731211783054711]
[108633,51584,1.0,0.4952353723504501]
[108633,86446,1.0,0.6075171613743987]
[108633,60522,1.0,0.633791511462862]
[83028,68728,1.0,0.4216904231916451]
[66257,21663,1.0,0.45631869934928704]
[66263,66257,1.0,0.6286340255961677]
[86446,45777,1.0,0.415613157089007]
[84870,21663,1.0,0.4525935428555095]
[66260,66257,1.0,0.9452118069171056]
[66260,21663,1.0,0.42893507966726924]
[55530,55524,1.0,0.964885410193985]
[55530,55527,1.0,0.9109534755615166]
[100689,68728,1.0,0.6053409140613548]
[100689,72138,1.0,0.4807073925097389]
[68728,55524,1.0,0.49754467240777855]
[68728,55530,1.0,0.43406235284940714]
[68728,20996,1.0,0.48577640102588104]
[68728,37035,1.0,0.5921259916484656]
[68728,55527,1.0,0.49754467240777855]
[39123,39120,1.0,0.9687830648548463]
[39129,39126,1.0,0.7431418005028374]
[39129,39120,1.0,0.9323377390909158]
[39129,39123,1.0,0.7787296668783148]
[42768,14157,1.0,0.47074691668424423]
[42771,42768,1.0,0.9922241080961267]
[55527,55524,1.0,0.9839889731828225]
[19031,19028,1.0,0.9852473946591458]
[20456,20453,1.0,0.9952227536000962]
[1026,1023,1.0,0.9843427017248035]
[1026,1017,1.0,0.9891164748499857]
[130110,130104,1.0,0.9929123741385436]
[130110,130107,1.0,0.9937353308824888]
[1023,1017,1.0,0.9935644236900868]
[120708,6968,1.0,0.5060814547577165]
[9169,6906,1.0,0.628105670137128]
[74610,1859,1.0,0.6499844946345411]
[130107,130104,1.0,0.9929123741385436]
[82490,6906,1.0,0.4662507014867653]
[103539,6906,1.0,0.44790250089574885]
[9184,9169,1.0,0.9828202440480781]
[9184,6906,1.0,0.628105670137128]
[9184,9178,1.0,0.9760629443453109]
[6968,1859,1.0,0.7510715391165806]
[6906,6900,1.0,0.9952227536000962]
[31401,6906,1.0,0.5653462090380702]
[66010,6968,1.0,0.4704375144736106]
[9178,9169,1.0,0.9930641667401623]
[9178,6906,1.0,0.5733815150750214]
[57462,57459,1.0,0.9902548312638412]
[4662,4656,1.0,0.8063227575134211]
[4662,4659,1.0,0.9877726362494229]
[4662,4653,1.0,0.9877726362494229]
[101998,101995,1.0,0.839719116120555]
[4656,4653,1.0,0.9153505396843549]
[4659,4656,1.0,0.8620672594137262]
[4659,4653,1.0,0.993833290446873]
[102004,101995,1.0,0.9882094482810354]
[102004,101998,1.0,0.7416525356323022]
[102004,102001,1.0,0.7622478159231877]
[100957,100954,1.0,0.9804978957663276]
[102001,101995,1.0,0.842389810945877]
[102001,101998,1.0,0.49768610121321893]
[40557,40554,1.0,0.9952227536000962]
[53135,53132,1.0,0.9952227536000962]
[53138,53135,1.0,0.4782847481314956]
[53138,53132,1.0,0.4782847481314956]
[126142,126139,1.0,0.9899865376126442]
[126142,126136,1.0,0.9946572280446236]
[126148,126142,1.0,0.9753271885134205]
[126148,126139,1.0,0.9759304564184952]
[126148,126136,1.0,0.9849160234025578]
[126139,126136,1.0,0.9910032060647869]
[71727,71724,1.0,0.9931579754637436]
[88569,88566,1.0,0.9544280965280516]
[88569,44435,1.0,0.42623374141843623]
[88569,88563,1.0,0.9787424893742303]
[88566,88563,1.0,0.9889469435919268]
[64369,44435,1.0,0.4017321226002696]
[15394,15388,1.0,0.7994368873489069]
[15394,15391,1.0,0.9902615387159827]
[15394,15385,1.0,0.994754850866769]
[44435,15394,1.0,0.7745373533378103]
[44435,15388,1.0,0.7740068339769024]
[44435,15391,1.0,0.7067123795745359]
[44435,15385,1.0,0.7745373533378103]
[68385,68382,1.0,0.9952227536000962]
[68385,59181,1.0,0.40960497013350017]
[15388,15385,1.0,0.855588667910888]
[6929,6926,1.0,0.9905496488699075]
[15391,15388,1.0,0.6284995291192076]
[15391,15385,1.0,0.9820453299543042]
[16218,16215,1.0,0.5686762726556331]
[45372,43014,1.0,0.7427360068525122]
[45372,30988,1.0,0.40823251802519095]
[45372,20366,1.0,0.5678976284752264]
[41819,20366,1.0,0.40602564844958766]
[43014,41819,1.0,0.4008967197987359]
[43014,26551,1.0,0.42627292769983155]
[43014,4960,1.0,0.4823173404276254]
[82577,39511,1.0,0.5694622726073408]
[128172,45372,1.0,0.5877089872566255]
[128172,128166,1.0,0.9741952271740173]
[128172,39511,1.0,0.41932962024854376]
[128172,128169,1.0,0.9616508164709987]
[128172,4960,1.0,0.6863756952591438]
[130731,39511,1.0,0.4523734994603038]
[63526,45372,1.0,0.41675071900858296]
[20366,4960,1.0,0.45631003113470764]
[26551,20366,1.0,0.5985046477806633]
[79808,43014,1.0,0.4380998067419632]
[79808,392,1.0,0.5673274535940678]
[79808,21619,1.0,0.4161550032968631]
[79808,20366,1.0,0.4547346997275366]
[79808,78946,1.0,0.4097941210430344]
[81868,26551,1.0,0.4971863718867677]
[78946,45372,1.0,0.42259563060703953]
[78946,43014,1.0,0.4885694865684322]
[128169,128166,1.0,0.9925229512934376]
[128175,128166,1.0,0.9904844431418558]
[128175,128172,1.0,0.9657229257855292]
[128175,128169,1.0,0.9854710574906738]
[64703,64700,1.0,0.4913341425158892]
[115158,46850,1.0,0.8206911693453743]
[112416,46850,1.0,0.4728203136135813]
[99184,57003,1.0,0.5032062032559946]
[99762,99184,1.0,0.47964025146910116]
[124486,57003,1.0,0.4314225403197158]
[53375,53369,1.0,0.9923109785287797]
[90027,90021,1.0,0.99379492272998]
[90027,90024,1.0,0.9861549494993449]
[90024,90021,1.0,0.9891381319389254]
[33438,33432,1.0,0.9879864505635564]
[41473,41467,1.0,0.9940614722313001]
[41473,41470,1.0,0.9851179458527936]
[110458,110449,1.0,0.9901918127542898]
[110458,110452,1.0,0.9591183218344274]
[110458,110455,1.0,0.9844817915704663]
[41476,41473,1.0,0.9852363454502683]
[41476,41467,1.0,0.9878898596195738]
[41476,41470,1.0,0.9730456001017284]
[41479,41473,1.0,0.9929973647451132]
[41479,41476,1.0,0.9850671012845659]
[41479,41467,1.0,0.994342093446844]
[41479,41470,1.0,0.9855807351077313]
[110452,110449,1.0,0.9833551151638572]
[65562,65559,1.0,0.9853187599864394]
[110455,110449,1.0,0.9947262821994]
[110455,110452,1.0,0.9847559448373217]
[65565,65559,1.0,0.9950492062368131]
[65565,65562,1.0,0.9869325787507857]
[41470,41467,1.0,0.9877726362494229]
[46466,46463,1.0,0.9952227536000962]
[46469,46466,1.0,0.9842406604012607]
[46469,46463,1.0,0.9842406604012607]
[80944,80938,1.0,0.9602575596885182]
[80944,80935,1.0,0.9755216371800338]
[80938,80935,1.0,0.9938647243311929]
[11074,11068,1.0,0.639077291909177]
[11074,11071,1.0,0.5647662516227598]
[18430,18427,1.0,0.5422898905924219]
[37929,37926,1.0,0.9918484705620987]
[37932,37926,1.0,0.9881594782885091]
[37932,37929,1.0,0.991916396238249]
[11071,11068,1.0,0.9918818867765093]
[18436,18430,1.0,0.43489777910836874]
[18436,18427,1.0,0.9877726362494229]
[18436,18433,1.0,0.9580601575424665]
[108088,108085,1.0,0.9934815866589102]
[18442,18430,1.0,0.43691265634439774]
[18442,18436,1.0,0.9623397756569045]
[18442,18427,1.0,0.9834382022500974]
[18442,18433,1.0,0.9544276935584642]
[72940,11071,1.0,0.42639662043906945]
[18433,18430,1.0,0.714821960279512]
[18433,18427,1.0,0.9912478307257118]
[131016,131013,1.0,0.9656057953760288]
[45816,43756,1.0,0.4001658069752635]
[45816,19380,1.0,0.7151694023161376]
[45816,45813,1.0,0.9952227536000962]
[45816,45810,1.0,0.9952227536000962]
[113646,45816,1.0,0.4077404370550119]
[113646,45819,1.0,0.42803668108057275]
[113646,45810,1.0,0.4077404370550119]
[128970,128967,1.0,0.6594248115655008]
[45819,45816,1.0,0.9854085845489449]
[45819,19380,1.0,0.7382779889403519]
[45819,26112,1.0,0.597171906356802]
[45819,45813,1.0,0.9854085845489449]
[45819,45810,1.0,0.9854085845489449]
[45813,45810,1.0,0.9952227536000962]
[45810,43756,1.0,0.4001658069752635]
[45810,19380,1.0,0.7151694023161376]
[66178,66175,1.0,0.9919071775131851]
[89976,45816,1.0,0.651284253281302]
[89976,45819,1.0,0.5874953562820069]
[89976,45810,1.0,0.651284253281302]
[83540,83534,1.0,0.947347855514008]
[32407,32404,1.0,0.9952227536000962]
[32407,4639,1.0,0.5250879933085633]
[32407,25772,1.0,0.5997778713745454]
[32407,31248,1.0,0.4971191405116151]
[117816,44056,1.0,0.567922201214758]
[36757,9525,1.0,0.5508507751593498]
[36757,36751,1.0,0.9595511636503341]
[36757,8849,1.0,0.547736672492645]
[36757,11300,1.0,0.4717619103490432]
[36757,36754,1.0,0.9484288852926163]
[36757,24048,1.0,0.42438901127515566]
[58321,58318,1.0,0.9878040659802828]
[58321,44056,1.0,0.4932805239250437]
[44775,44056,1.0,0.5281747528490672]
[83349,44053,1.0,0.4290360138522026]
[83349,44056,1.0,0.6931759707956493]
[90641,24051,1.0,0.4485564856069238]
[91581,24051,1.0,0.40258382144366134]
[91581,44056,1.0,0.5533511544184083]
[128082,44053,1.0,0.514412719070173]
[128082,24051,1.0,0.4618218459728215]
[128082,44056,1.0,0.7541252978760695]
[50203,44053,1.0,0.4743412236117743]
[50203,24051,1.0,0.4835976550354027]
[50203,44056,1.0,0.7364280735588254]
[1329,1326,1.0,0.9837621640431199]
[87700,44053,1.0,0.4997411708384602]
[87700,44056,1.0,0.5970584557229853]
[79565,44056,1.0,0.5579701070074234]
[61038,24051,1.0,0.4055517815819809]
[61038,61032,1.0,0.9728526855750995]
[61038,44056,1.0,0.6336258191897269]
[44053,19613,1.0,0.4046040419326691]
[44053,19619,1.0,0.4048461833505362]
[44053,37548,1.0,0.4067590791407334]
[44053,36020,1.0,0.44345424828065416]
[44053,41111,1.0,0.4235876451812695]
[44053,9525,1.0,0.6563270869807856]
[44053,16158,1.0,0.6021119927071501]
[44053,37652,1.0,0.4050754285117686]
[44053,30747,1.0,0.4982368161608549]
[44053,22240,1.0,0.7809414451470196]
[44053,11514,1.0,0.4428938691303976]
[44053,37974,1.0,0.6181690048022216]
[44053,36265,1.0,0.4012505804568772]
[44053,22237,1.0,0.5211341374879833]
[44053,27025,1.0,0.4115880016482782]
[44053,14819,1.0,0.6311208769745119]
[44053,41915,1.0,0.5216055230223533]
[44053,31979,1.0,0.5580671579328985]
[44053,37955,1.0,0.4629658871919964]
[44053,37971,1.0,0.6605209345523712]
[36020,24051,1.0,0.6519349586580205]
[91598,44053,1.0,0.4833925912901617]
[91598,44056,1.0,0.627591508924221]
[58318,44056,1.0,0.48905528417819555]
[24051,12966,1.0,0.4172413254643193]
[24051,19613,1.0,0.4103567215790755]
[24051,9525,1.0,0.6469682028705834]
[24051,18615,1.0,0.4218554446167988]
[24051,22240,1.0,0.5386689052438528]
[24051,12969,1.0,0.40870924851747487]
[24051,11514,1.0,0.43947217565024205]
[24051,8849,1.0,0.4604454793680008]
[24051,709,1.0,0.43989408651944795]
[24051,14819,1.0,0.5685649814734514]
[24051,24048,1.0,0.9793312449467435]
[89459,19613,1.0,0.4079856230323932]
[89459,44053,1.0,0.43742489213365693]
[89459,44056,1.0,0.6156533220547565]
[89459,62474,1.0,0.4384043822412015]
[68068,24051,1.0,0.488711717050968]
[68068,44056,1.0,0.5077559422636789]
[35496,24051,1.0,0.529496066797921]
[55422,24051,1.0,0.5120531132548719]
[55422,44056,1.0,0.4192308758164908]
[127296,44053,1.0,0.5327829972782677]
[127296,44056,1.0,0.7598044101479154]
[66214,44053,1.0,0.5823496281353141]
[66214,24051,1.0,0.6561063468305648]
[66214,44056,1.0,0.8484249947837061]
[74927,44053,1.0,0.5707342944408118]
[74927,44056,1.0,0.6799975373811774]
[58225,44056,1.0,0.449485697844069]
[110131,44056,1.0,0.6159635252463385]
[37652,19619,1.0,0.40873886654366876]
[37652,24051,1.0,0.42689143072285196]
[37652,8849,1.0,0.5138962759746034]
[37652,11300,1.0,0.5022356310479985]
[37652,24048,1.0,0.44235292777136415]
[51130,44056,1.0,0.43643041631031104]
[62156,24051,1.0,0.49158726577819245]
[62156,44056,1.0,0.6064653539999917]
[62156,62153,1.0,0.9952227536000962]
[38699,24051,1.0,0.47631853824502873]
[38699,37652,1.0,0.459400916248053]
[12972,12966,1.0,0.9915625037582197]
[12972,12969,1.0,0.9815769254576039]
[131782,44056,1.0,0.5798814776160125]
[78987,24051,1.0,0.45993515233036136]
[78987,44056,1.0,0.5996943158221111]
[61032,24051,1.0,0.41264518283206414]
[61032,44056,1.0,0.6336258191897269]
[71815,44056,1.0,0.49132542343015534]
[57281,24051,1.0,0.4980644159480929]
[57281,44056,1.0,0.6459961345546743]
[68753,44056,1.0,0.5233516359183582]
[60310,44053,1.0,0.44965863309422155]
[60310,24051,1.0,0.5296338858099614]
[60310,44056,1.0,0.7226910668516456]
[44056,36757,1.0,0.6471767277047662]
[44056,12966,1.0,0.6307599713094048]
[44056,19613,1.0,0.6262379583228601]
[44056,706,1.0,0.5465201789670855]
[44056,19619,1.0,0.6873123054040082]
[44056,1643,1.0,0.516105369199941]
[44056,1329,1.0,0.46019391069570204]
[44056,37548,1.0,0.6041539795798886]
[44056,44053,1.0,0.9943227959462985]
[44056,36020,1.0,0.6779891607234635]
[44056,41111,1.0,0.6939459272111318]
[44056,35721,1.0,0.4052122423243791]
[44056,9525,1.0,0.6360827620194532]
[44056,36751,1.0,0.6435351704105011]
[44056,32219,1.0,0.593848068035692]
[44056,16158,1.0,0.7404008063933647]
[44056,24051,1.0,0.49554761799167824]
[44056,18615,1.0,0.5817797980891586]
[44056,35496,1.0,0.4925481580679195]
[44056,28804,1.0,0.5370090208015006]
[44056,37652,1.0,0.6833608184656758]
[44056,38699,1.0,0.6342783059750307]
[44056,12972,1.0,0.6031681670293111]
[44056,13460,1.0,0.6584430129880058]
[44056,30747,1.0,0.787265789530147]
[44056,24181,1.0,0.4397029908540086]
[44056,35013,1.0,0.5067026960405776]
[44056,22240,1.0,0.9412446879851785]
[44056,43818,1.0,0.4481959583517598]
[44056,12969,1.0,0.6238015515058045]
[44056,11514,1.0,0.7164006585327249]
[44056,36760,1.0,0.6435351704105011]
[44056,37974,1.0,0.830375743753078]
[44056,8849,1.0,0.4875474941477565]
[44056,11300,1.0,0.597153935010817]
[44056,36265,1.0,0.633973405718197]
[44056,36754,1.0,0.5310827625483137]
[44056,709,1.0,0.5465201789670855]
[44056,22237,1.0,0.7851052830083307]
[44056,29197,1.0,0.5033675198697]
[44056,28390,1.0,0.6200735748877594]
[44056,27025,1.0,0.6771038515888824]
[44056,14819,1.0,0.8331789519828663]
[44056,41915,1.0,0.8009722454737064]
[44056,6298,1.0,0.4216234802352328]
[44056,31979,1.0,0.718409436228377]
[44056,24048,1.0,0.49554761799167824]
[44056,36735,1.0,0.5444486725037881]
[44056,37955,1.0,0.7094486953116284]
[44056,40350,1.0,0.5904921111003465]
[44056,1326,1.0,0.46019391069570204]
[44056,12975,1.0,0.6027401201354972]
[44056,37971,1.0,0.8587910879402949]
[22240,22237,1.0,0.9952227536000962]
[119701,44056,1.0,0.6180416264954369]
[116715,24051,1.0,0.46599459788840025]
[116715,44056,1.0,0.5388532246537059]
[43818,24051,1.0,0.5014512051372934]
[12969,12966,1.0,0.992338746777067]
[71818,36757,1.0,0.4046422431795721]
[71818,37652,1.0,0.5822123161654951]
[71818,71815,1.0,0.9905564682541387]
[71818,44056,1.0,0.49132542343015534]
[71818,62474,1.0,0.42836715311493273]
[69708,36757,1.0,0.5126464402483399]
[69708,44053,1.0,0.42063102087860765]
[69708,24051,1.0,0.4007286263852605]
[69708,66214,1.0,0.5978806291965314]
[69708,37652,1.0,0.6186639597725687]
[69708,44056,1.0,0.608980218966216]
[69708,69702,1.0,0.9885531211667075]
[69708,62474,1.0,0.516653147088754]
[36760,36757,1.0,0.9704637695935483]
[36760,36751,1.0,0.9878322765641779]
[36760,36754,1.0,0.8542540167428949]
[37974,37971,1.0,0.9861464120448776]
[124437,24051,1.0,0.47046876104743146]
[124437,44056,1.0,0.6509569335528174]
[124437,69708,1.0,0.5523001721381768]
[124437,8849,1.0,0.503778721525254]
[124437,11300,1.0,0.42012751429021034]
[124437,24048,1.0,0.4259758265450568]
[124437,69702,1.0,0.4979317976166707]
[106126,55422,1.0,0.5656238375045795]
[106126,44056,1.0,0.5640464243171011]
[106126,69708,1.0,0.42130569957865377]
[106126,24048,1.0,0.4080769304278631]
[70907,44053,1.0,0.4002323030216361]
[70907,24051,1.0,0.6786567051402401]
[70907,44056,1.0,0.5621964131083237]
[122661,24051,1.0,0.4073374824397859]
[122661,44056,1.0,0.6063126735416666]
[71821,44053,1.0,0.5959745416841465]
[71821,24051,1.0,0.5861090822287193]
[71821,71815,1.0,0.9896453086511069]
[71821,44056,1.0,0.600569447141697]
[71821,71818,1.0,0.9861991268486898]
[36265,24051,1.0,0.419915864175406]
[36754,36751,1.0,0.9530453309253324]
[36754,24051,1.0,0.454179082892449]
[709,706,1.0,0.9702570969523882]
[102696,44056,1.0,0.548773791543998]
[57070,44056,1.0,0.6243850086161205]
[57070,8849,1.0,0.447763620061887]
[29197,24051,1.0,0.47714508640750813]
[117991,24051,1.0,0.534904466948527]
[117991,44056,1.0,0.5453537222755104]
[101181,44053,1.0,0.4087177154851447]
[101181,24051,1.0,0.4383508898687913]
[101181,44056,1.0,0.6681708043493051]
[101181,69708,1.0,0.42646777630051186]
[101181,69702,1.0,0.4231051524009199]
[128374,44056,1.0,0.5407303925195804]
[89842,44053,1.0,0.6722733308480601]
[89842,24051,1.0,0.5850552189209864]
[89842,37652,1.0,0.40670371491384805]
[89842,44056,1.0,0.6682207288001688]
[89842,41915,1.0,0.622446057463508]
[41915,24051,1.0,0.5203478091729505]
[61035,24051,1.0,0.40698482197665403]
[61035,44056,1.0,0.5554650410056938]
[46347,44053,1.0,0.4166490620530673]
[46347,44056,1.0,0.6775233892194272]
[57530,24051,1.0,0.49853943078744406]
[88845,44053,1.0,0.43784030525865647]
[88845,24051,1.0,0.5071541964559547]
[88845,44056,1.0,0.6813598310411046]
[105957,44056,1.0,0.4535224589147181]
[73882,44056,1.0,0.5186654388518082]
[86538,44056,1.0,0.4810027584394891]
[66231,44053,1.0,0.47693167739673925]
[66231,44056,1.0,0.7424797307134702]
[71103,44056,1.0,0.6070358035619654]
[69702,36757,1.0,0.4618980979489224]
[69702,66214,1.0,0.5424562029043754]
[69702,37652,1.0,0.5571489793827398]
[69702,44056,1.0,0.608980218966216]
[69702,36735,1.0,0.4639871243414435]
[69702,62474,1.0,0.4662225536827087]
[98335,44056,1.0,0.5901389994046454]
[62153,24051,1.0,0.40094318179990257]
[62153,44056,1.0,0.47074904692840025]
[12975,12966,1.0,0.9936577049581731]
[12975,12972,1.0,0.9888950085060668]
[12975,12969,1.0,0.9892291638040394]
[61864,44053,1.0,0.5238985184336306]
[61864,24051,1.0,0.4728987396246901]
[61864,44056,1.0,0.7129467167024749]
[60885,24051,1.0,0.4080602511027943]
[60885,44056,1.0,0.5181091905907649]
[62474,9525,1.0,0.45035886709622275]
[62474,44056,1.0,0.5037549647309985]
[62474,11300,1.0,0.49905517566474095]
[84836,84833,1.0,0.986925116811151]
[84839,84833,1.0,0.9946572280446236]
[84839,84836,1.0,0.9946572280446236]
[96910,46356,1.0,0.4796665632487538]
[53820,46356,1.0,0.473982850939353]
[126562,30932,1.0,0.5935175443607699]
[126562,42209,1.0,0.5635599254635418]
[126562,46356,1.0,0.507404466424063]
[126562,37647,1.0,0.41536276246209375]
[56425,56419,1.0,0.9853632553554731]
[56425,46356,1.0,0.5022243484256924]
[71272,46356,1.0,0.5261615941748559]
[70314,46356,1.0,0.7919160170108039]
[68922,46356,1.0,0.6562105337731262]
[46446,46356,1.0,0.4306976262825942]
[56419,46356,1.0,0.5022243484256924]
[129892,46356,1.0,0.4824093333731397]
[72881,46356,1.0,0.557461961189505]
[19854,19848,1.0,0.9867948057994241]
[113052,46356,1.0,0.5709829137993729]
[103797,76299,1.0,0.4181037517688475]
[103797,46356,1.0,0.6042844075283474]
[68239,46356,1.0,0.436794742681264]
[76299,46356,1.0,0.45329236928768535]
[101382,46356,1.0,0.6605947402903488]
[72750,46356,1.0,0.48690918711174214]
[46356,8916,1.0,0.4565902662185376]
[46356,16053,1.0,0.5428847331893519]
[46356,39439,1.0,0.4452169550315268]
[46356,7201,1.0,0.6177209127555132]
[46356,30932,1.0,0.5339682240019324]
[46356,32913,1.0,0.4938255667240829]
[46356,24269,1.0,0.4581028310022861]
[46356,19854,1.0,0.6617175246620858]
[46356,40938,1.0,0.4052861180441144]
[46356,20603,1.0,0.4714707987365976]
[46356,42209,1.0,0.7043980418905552]
[46356,10744,1.0,0.4141483937493426]
[46356,7105,1.0,0.44992565471584367]
[46356,7084,1.0,0.41903550803692924]
[46356,37625,1.0,0.6572094435214756]
[46356,3172,1.0,0.5236870157274941]
[46356,29105,1.0,0.5481511294664619]
[46356,19848,1.0,0.6875676393284823]
[46356,40545,1.0,0.5169931261697355]
[97168,46356,1.0,0.6124042596505127]
[95917,46356,1.0,0.41049256687582825]
[86701,46356,1.0,0.48920998946914296]
[79410,46356,1.0,0.42058860467775744]
[83829,46356,1.0,0.4997666332026823]
[102867,46356,1.0,0.6313526631157759]
[130755,126562,1.0,0.8573881410598119]
[130755,30932,1.0,0.4376542538488095]
[130755,46356,1.0,0.5055318347352316]
[130755,115374,1.0,0.40250170958195103]
[84804,46356,1.0,0.5614755804847406]
[70730,46356,1.0,0.7558578791757778]
[98308,46356,1.0,0.4860633802278324]
[75223,46356,1.0,0.4868178182976769]
[39815,39812,1.0,0.9900985224081921]
[38864,32164,1.0,0.4402423036551558]
[39818,39815,1.0,0.9785706198812429]
[39818,39812,1.0,0.9891356835907431]
[80232,80229,1.0,0.9908706246641223]
[26550,26544,1.0,0.9927904021198166]
[91890,75319,1.0,0.4552048804888048]
[42113,42110,1.0,0.9238700866595286]
[75319,30153,1.0,0.5480875345650933]
[75319,67867,1.0,0.5608211213965046]
[75319,30159,1.0,0.5480875345650933]
[75319,30156,1.0,0.5439109305084245]
[30159,30153,1.0,0.9875192479374126]
[30159,30156,1.0,0.9856605142614638]
[30156,30153,1.0,0.9944419907168713]
[125941,99159,1.0,0.5699385156207651]
[78324,78321,1.0,0.9351180590254353]
[54090,54081,1.0,0.9946572280446236]
[54090,54087,1.0,0.9946572280446236]
[78330,78324,1.0,0.7011813106128346]
[78330,78327,1.0,0.9017301997538207]
[78330,78321,1.0,0.9392682868433541]
[78327,78324,1.0,0.8100356455636031]
[78327,78321,1.0,0.9791742050310819]
[15648,15642,1.0,0.9938555740929473]
[107962,107956,1.0,0.9952227536000962]
[107962,107959,1.0,0.9934966093200482]
[54087,54081,1.0,0.9952227536000962]
[107959,107956,1.0,0.9946149626479851]
[69181,54090,1.0,0.40218331980110233]
[33006,33003,1.0,0.9909196098134082]
[76285,25507,1.0,0.4356254732055488]
[116175,116172,1.0,0.9952227536000962]
[116178,116172,1.0,0.9939287085123063]
[116178,116175,1.0,0.9939287085123063]
[111603,21121,1.0,0.45920653993767496]
[42197,42191,1.0,0.9908065209472453]
[42197,42194,1.0,0.9929243387519429]
[38278,38275,1.0,0.7004151336135167]
[38281,38278,1.0,0.6529338882801254]
[38281,38275,1.0,0.9915392569016828]
[38284,38278,1.0,0.7140090499177953]
[38284,38281,1.0,0.990446961492597]
[38284,38275,1.0,0.9941344304576755]
[42194,42191,1.0,0.9938804711395797]
[89517,88449,1.0,0.40308140410015836]
[65322,65319,1.0,0.991273886931284]
[59201,47702,1.0,0.448847474306606]
[88449,85421,1.0,0.40440435649907847]
[88449,59201,1.0,0.47025176001930535]
[88449,66637,1.0,0.5600261655813795]
[88449,950,1.0,0.6349893788990372]
[55799,55793,1.0,0.7526743300689146]
[120219,88449,1.0,0.48152369930104516]
[66637,47702,1.0,0.8000703824558012]
[111322,111319,1.0,0.9374038438925003]
[111325,111322,1.0,0.9829810874736524]
[111325,111319,1.0,0.9452534329421839]
[124041,124038,1.0,0.9879306423835175]
[93887,88449,1.0,0.6343210684250667]
[124044,124038,1.0,0.9939453078520322]
[124044,124041,1.0,0.9925903145886346]
[65325,65322,1.0,0.991273886931284]
[65325,65319,1.0,0.9952227536000962]
[127393,127390,1.0,0.6780961410600723]
[127396,127393,1.0,0.48986923492164614]
[127396,127390,1.0,0.9892172778922314]
[127399,127396,1.0,0.7633798076359382]
[127399,127390,1.0,0.9234402732703342]
[19064,19061,1.0,0.9428953023551384]
[77078,47702,1.0,0.4189040691254766]
[43106,43103,1.0,0.9927508261987322]
[89204,89201,1.0,0.6855643951957153]
[89210,89204,1.0,0.6905238214796325]
[89210,82781,1.0,0.41884363318661494]
[89210,89207,1.0,0.9554737071570307]
[89210,75126,1.0,0.6282560561888924]
[89210,89201,1.0,0.9935047841791984]
[89207,89204,1.0,0.5448986652772163]
[89207,89201,1.0,0.9656864446647964]
[65573,65564,1.0,0.744060393257978]
[65573,65561,1.0,0.887134135208353]
[65573,65567,1.0,0.887134135208353]
[65564,65561,1.0,0.9903595158802372]
[65567,65564,1.0,0.9841045512441858]
[65567,65561,1.0,0.9952227536000962]
[79961,79955,1.0,0.9842365892721153]
[79961,79958,1.0,0.9864064581747206]
[79958,79955,1.0,0.9916482279988652]
[79964,79961,1.0,0.967712357738849]
[79964,79955,1.0,0.967712357738849]
[79964,79958,1.0,0.9257377884678443]
[95004,95001,1.0,0.9908718811433119]
[130932,12696,1.0,0.5386839138386165]
[109071,109068,1.0,0.908549434532591]
[9684,9681,1.0,0.9825071744311359]
[33223,33220,1.0,0.9921847598045951]
[33223,33217,1.0,0.9946572280446236]
[33220,33217,1.0,0.9929894694440633]
[9690,9684,1.0,0.6669009929832236]
[9690,9681,1.0,0.7002925773748672]
[9690,9687,1.0,0.6229477536454698]
[9687,9684,1.0,0.9660241506906907]
[9687,9681,1.0,0.9881584832588864]
[116976,80180,1.0,0.409571272319879]
[129132,116976,1.0,0.5611323912289611]
[92410,92395,1.0,0.9835572173511458]
[92410,92401,1.0,0.9823623426519548]
[92410,92398,1.0,0.9741961553349705]
[92410,92407,1.0,0.9835572173511458]
[92410,92404,1.0,0.9677228141341598]
[92401,92395,1.0,0.9931579754637436]
[92401,92398,1.0,0.9888199714244071]
[92398,92395,1.0,0.9886929570384001]
[92407,92395,1.0,0.9952227536000962]
[92407,92401,1.0,0.9931579754637436]
[92407,92398,1.0,0.992069998280222]
[92407,92404,1.0,0.9677228141341598]
[92404,92395,1.0,0.9677228141341598]
[92404,92401,1.0,0.9658710634157666]
[92404,92398,1.0,0.9511440907501441]
[903,900,1.0,0.9895719915636431]
[114274,93476,1.0,0.44010210682567386]
[114274,93482,1.0,0.44010210682567386]
[93482,93476,1.0,0.9877726362494229]
[44459,44453,1.0,0.9795373776101999]
[44459,44456,1.0,0.906797721624177]
[44456,44453,1.0,0.9723864175144036]
[115459,115456,1.0,0.9952227536000962]
[127098,103084,1.0,0.546639002177885]
[68667,49462,1.0,0.47892048813720667]
[120315,120312,1.0,0.9927904021198166]
[96238,510,1.0,0.4890113634105058]
[96238,47570,1.0,0.4287659440163792]
[96238,32072,1.0,0.45577669682931093]
[96238,93822,1.0,0.5582034449898438]
[96238,31488,1.0,0.47198385236694335]
[96238,25271,1.0,0.4053546142411332]
[96238,59595,1.0,0.42257135224921505]
[96238,47567,1.0,0.4643536508538881]
[96238,93819,1.0,0.5582034449898438]
[96238,47564,1.0,0.43683561038054214]
[35586,35583,1.0,0.9946572280446236]
[45798,31503,1.0,0.5270278329047179]
[45798,29314,1.0,0.4946680237138445]
[45798,34030,1.0,0.5361664148688978]
[61746,510,1.0,0.4668266106177255]
[82902,510,1.0,0.4325418064791302]
[83668,31503,1.0,0.6386862909970025]
[83668,45798,1.0,0.7052950089012754]
[83668,42169,1.0,0.6875415879897382]
[83668,56788,1.0,0.5310173114053047]
[83668,41598,1.0,0.5799536471567716]
[83668,76164,1.0,0.5167980739966898]
[83668,5888,1.0,0.5074999746649215]
[83668,58545,1.0,0.6898277770371288]
[83668,5027,1.0,0.5607694565394914]
[83668,54212,1.0,0.5929761374123059]
[83668,36581,1.0,0.6862700967329213]
[83668,33707,1.0,0.6098813191630549]
[83668,34030,1.0,0.6485089098600353]
[83668,61082,1.0,0.4687693661337769]
[44181,44178,1.0,0.9865053270123882]
[116134,83668,1.0,0.6355826635045727]
[47570,42503,1.0,0.43527240079886337]
[47570,47567,1.0,0.9874062161709493]
[47570,47564,1.0,0.9928150680500948]
[110881,83668,1.0,0.6508873936833632]
[90459,83668,1.0,0.5901833930394023]
[44184,44181,1.0,0.8831052949885818]
[44184,44178,1.0,0.9543561374312837]
[54212,33707,1.0,0.4002095215529461]
[93822,82388,1.0,0.48341305614861274]
[93822,93819,1.0,0.992741519159376]
[94938,47570,1.0,0.49290154002390013]
[94938,32072,1.0,0.4768621806991186]
[94938,47567,1.0,0.4372735272420035]
[94938,47564,1.0,0.5208465252671766]
[78159,510,1.0,0.49607085143065316]
[44,41,1.0,0.6831346343206365]
[36581,33707,1.0,0.5091724363495428]
[47567,47564,1.0,0.9914651780633009]
[33707,29314,1.0,0.4095639779334008]
[34030,33707,1.0,0.42692763682226254]
[93819,82388,1.0,0.4675263035215864]
[47564,42503,1.0,0.43591284928397406]
[97021,83668,1.0,0.42397924255507125]
[106152,45798,1.0,0.4571852761014916]
[106152,83668,1.0,0.5981132462069993]
[131995,83668,1.0,0.4128819282744478]
[28695,28692,1.0,0.9401007258858584]
[28695,28689,1.0,0.9786240670163061]
[123117,25216,1.0,0.4769660361654103]
[28692,28689,1.0,0.993588241188578]
[11949,11946,1.0,0.9917506683862775]
[82639,51631,1.0,0.4452893846256039]
[82639,82636,1.0,0.9889469435919268]
[82636,51631,1.0,0.4452893846256039]
[82645,51631,1.0,0.47387262820439807]
[82645,82639,1.0,0.9507679163155744]
[82645,82636,1.0,0.9758324856618139]
[126624,126618,1.0,0.9882231387075555]
[126624,126621,1.0,0.961281566416365]
[126621,126618,1.0,0.9737924833830492]
[49944,49941,1.0,0.9845933074291465]
[35183,35177,1.0,0.9460120566286541]
[35183,35180,1.0,0.9931164783355245]
[35183,35174,1.0,0.8917088420693041]
[35183,35171,1.0,0.9814600071319196]
[35177,35174,1.0,0.9018774806491949]
[35177,35171,1.0,0.9690857575667486]
[39383,35180,1.0,0.40660367983865536]
[17717,17711,1.0,0.9828416606417594]
[17717,17714,1.0,0.9526415053140361]
[127254,35180,1.0,0.5303341739982231]
[127254,79294,1.0,0.5464075797266297]
[127254,20229,1.0,0.9015212110217583]
[127254,42615,1.0,0.5704906620748292]
[39386,39383,1.0,0.9615405243692375]
[39386,35180,1.0,0.40253702076609055]
[62448,35180,1.0,0.7033039111210495]
[62448,42615,1.0,0.4703266538881507]
[35180,35177,1.0,0.9913907486053124]
[35180,4729,1.0,0.720455980608036]
[35180,35174,1.0,0.9877726362494229]
[35180,35171,1.0,0.9952227536000962]
[35174,35171,1.0,0.9604326262763618]
[17714,17711,1.0,0.9789202663372322]
[64075,64069,1.0,0.9840130830510198]
[64075,64072,1.0,0.9639750747954696]
[39389,39383,1.0,0.9952227536000962]
[39389,39386,1.0,0.967521658226329]
[39389,35180,1.0,0.40660367983865536]
[122695,4729,1.0,0.4274608305365269]
[35186,35183,1.0,0.8743521082453339]
[35186,35177,1.0,0.8299631693001546]
[35186,35180,1.0,0.9931575402444501]
[35186,35174,1.0,0.83062046678372]
[35186,35171,1.0,0.9315018520745871]
[42615,4729,1.0,0.42121413588428774]
[64072,64069,1.0,0.9931628485068545]
[94647,94641,1.0,0.9937859304388856]
[75800,75797,1.0,0.9484157715863504]
[24324,9290,1.0,0.5584166481973912]
[122580,60108,1.0,0.639541486049961]
[122580,1771,1.0,0.47670563519522385]
[109557,74933,1.0,0.40064611445444015]
[65730,65724,1.0,0.9779679832853755]
[94093,94090,1.0,0.4661512286106366]
[109477,109474,1.0,0.9902548312638412]
[1771,1765,1.0,0.9822778125347954]
[91842,91839,1.0,0.993984955328199]
[75803,75800,1.0,0.8947772476690274]
[75803,75797,1.0,0.977654719923328]
[84416,84410,1.0,0.9785354104548294]
[74933,24324,1.0,0.5105869285057905]
[74933,1467,1.0,0.4555470969521613]
[94650,94647,1.0,0.9844561442259797]
[94650,94641,1.0,0.9877812743869288]
[75797,1771,1.0,0.5066892218573485]
[109480,109477,1.0,0.921506243923145]
[109480,109474,1.0,0.9551695859087191]
[61274,9953,1.0,0.4275665976820783]
[101278,89757,1.0,0.707009193920389]
[101278,76850,1.0,0.4085208109989155]
[101278,37217,1.0,0.40809130706138]
[101278,40658,1.0,0.4097299734570899]
[101278,57435,1.0,0.4901259682362711]
[17781,17778,1.0,0.9870292138336089]
[17781,17775,1.0,0.9905564682541387]
[89757,37217,1.0,0.5023439743353068]
[123483,123480,1.0,0.9757958192984313]
[92056,31645,1.0,0.5603996333458872]
[92056,9953,1.0,0.7974376373359038]
[111048,79300,1.0,0.516684244821023]
[111048,79297,1.0,0.516684244821023]
[111048,79303,1.0,0.516684244821023]
[17784,17781,1.0,0.9905564682541387]
[17784,17778,1.0,0.9934197647450789]
[17784,17775,1.0,0.9952227536000962]
[79300,14495,1.0,0.49184973400480103]
[79300,9953,1.0,0.6230199978999745]
[79300,37409,1.0,0.6087086035646949]
[79300,76850,1.0,0.41734324293977243]
[79300,79297,1.0,0.9861464120448776]
[79300,33059,1.0,0.4877924036254187]
[76850,31645,1.0,0.4395195051945135]
[76850,9953,1.0,0.8782275591446979]
[17778,17775,1.0,0.9912498675642931]
[123486,123483,1.0,0.9913332082809255]
[123486,40658,1.0,0.41937456833289366]
[123486,40655,1.0,0.41479016592849416]
[123486,40661,1.0,0.41781849155349404]
[123486,123480,1.0,0.9913332082809255]
[40658,5162,1.0,0.501066278212256]
[40658,40655,1.0,0.9832105216195146]
[61111,9953,1.0,0.4167764896925569]
[97239,79297,1.0,0.4057028395667947]
[97239,97236,1.0,0.9654078155152053]
[79297,14495,1.0,0.6457044432414497]
[79297,9953,1.0,0.6230199978999745]
[79297,37409,1.0,0.6087086035646949]
[79297,76850,1.0,0.41734324293977243]
[79297,33059,1.0,0.643360044374549]
[97242,97239,1.0,0.9478221798329709]
[97242,97236,1.0,0.9915964436623776]
[79303,14495,1.0,0.6575650583206354]
[79303,9953,1.0,0.6518436388266868]
[79303,37409,1.0,0.44167907883063096]
[79303,79300,1.0,0.9393126322749699]
[79303,79297,1.0,0.9753736691967145]
[79303,33059,1.0,0.6388067200370715]
[40655,5162,1.0,0.49624771627274666]
[40655,6682,1.0,0.4034460930824352]
[40661,5162,1.0,0.4982332924811343]
[40661,40658,1.0,0.9794016842504034]
[40661,40655,1.0,0.9909728179801929]
[97245,97239,1.0,0.9400317988002139]
[97245,97242,1.0,0.9900984290369945]
[97245,97236,1.0,0.9904656177742471]
[102048,79300,1.0,0.43661007293078197]
[102048,79297,1.0,0.5891249878409791]
[102048,79303,1.0,0.5531095289217466]
[99454,79300,1.0,0.5203625424010595]
[99454,79297,1.0,0.681948716486321]
[99454,79303,1.0,0.6815743600516322]
[127929,101278,1.0,0.8685858012881699]
[127929,19263,1.0,0.47735601649910553]
[127929,25233,1.0,0.4501909657180982]
[127929,113971,1.0,0.5049074669990643]
[28958,28955,1.0,0.9952227536000962]
[100846,25618,1.0,0.5339457749303669]
[28961,28958,1.0,0.9642691435898648]
[28961,28955,1.0,0.9642691435898648]
[127899,127893,1.0,0.9502529655298696]
[127899,127896,1.0,0.9565372554470292]
[56652,56649,1.0,0.9920891792658603]
[69377,56655,1.0,0.4983164928271128]
[18538,18532,1.0,0.9250846278387028]
[18538,18535,1.0,0.8675154624813906]
[127896,127893,1.0,0.968593946625542]
[56655,56649,1.0,0.9827992131463507]
[56655,56652,1.0,0.9766606035894076]
[56655,43932,1.0,0.49072537354892437]
[18535,18532,1.0,0.9733828728888634]
[57371,19648,1.0,0.4253999884810274]
[57371,36575,1.0,0.4332941748426177]
[57371,19654,1.0,0.871850323192276]
[7528,7519,1.0,0.9900592205763161]
[7528,7525,1.0,0.9839992134927409]
[76586,57374,1.0,0.461707552646519]
[81344,81341,1.0,0.6350485876472036]
[81344,57374,1.0,0.45999768690544934]
[81344,81335,1.0,0.9803344697045825]
[81344,81338,1.0,0.8842136960314744]
[58869,57371,1.0,0.4522384910113986]
[58869,57377,1.0,0.4522384910113986]
[58869,57374,1.0,0.4522384910113986]
[51690,7528,1.0,0.48000409938706146]
[104121,57374,1.0,0.5491401906064067]
[57377,57371,1.0,0.9877726362494229]
[57377,19648,1.0,0.4253999884810274]
[57377,57374,1.0,0.9877726362494229]
[57377,36575,1.0,0.5282563310092887]
[57377,19654,1.0,0.871850323192276]
[51933,51924,1.0,0.9802260976623136]
[51933,51930,1.0,0.9650906563128373]
[51933,51927,1.0,0.5051064350323671]
[103170,57374,1.0,0.4550227306857242]
[81341,57374,1.0,0.422897137490812]
[81341,81335,1.0,0.8112760158632905]
[81341,81338,1.0,0.7185746400692897]
[57374,47375,1.0,0.44826955325835216]
[57374,57371,1.0,0.9952227536000962]
[57374,16003,1.0,0.7043112136273132]
[57374,7528,1.0,0.7077801957786345]
[57374,27093,1.0,0.4432986948720744]
[57374,19648,1.0,0.8752751955519834]
[57374,51991,1.0,0.4350441472752225]
[57374,51924,1.0,0.5390957842393999]
[57374,54992,1.0,0.5624603968267231]
[57374,51933,1.0,0.5390957842393999]
[57374,36381,1.0,0.41777053802134734]
[57374,7519,1.0,0.49329203604915556]
[57374,47174,1.0,0.4406054379476357]
[57374,36575,1.0,0.4332941748426177]
[57374,49424,1.0,0.4565008946247711]
[57374,51930,1.0,0.5401378549088302]
[57374,3230,1.0,0.4890300857896508]
[57374,19654,1.0,0.871850323192276]
[57374,51927,1.0,0.4156428629594652]
[57374,7525,1.0,0.5025523297893812]
[113739,57374,1.0,0.46968465599075576]
[81335,57374,1.0,0.4441815402544639]
[81338,57374,1.0,0.4441815402544639]
[81338,81335,1.0,0.9822886919462311]
[51930,51924,1.0,0.9943708233167322]
[51930,51927,1.0,0.6285453405030191]
[19654,19648,1.0,0.7067479961177439]
[51927,51924,1.0,0.7258730416860709]
[7525,7519,1.0,0.9921510885296123]
[128031,81719,1.0,0.4235796604333574]
[12154,3644,1.0,0.4389717407780468]
[399,390,1.0,0.9944839396872802]
[399,393,1.0,0.9804697641546707]
[399,396,1.0,0.986509407891349]
[81716,81713,1.0,0.9852952983157007]
[91795,91792,1.0,0.970285079277134]
[83169,12154,1.0,0.4124079917183407]
[83169,12157,1.0,0.41666245889589715]
[85161,12154,1.0,0.45515620450927596]
[85161,12157,1.0,0.5131170295704145]
[81719,12154,1.0,0.4002766410633664]
[81719,81716,1.0,0.9842442669947392]
[81719,27369,1.0,0.5026347444624795]
[81719,54163,1.0,0.46720601398056893]
[81719,2789,1.0,0.4902849290057734]
[81719,78104,1.0,0.5506424828833293]
[81719,81713,1.0,0.9901918127542898]
[81719,11169,1.0,0.42996075357574787]
[81719,11374,1.0,0.40901021631264306]
[12157,12154,1.0,0.9947914724003593]
[91798,91795,1.0,0.9591249579743546]
[91798,91792,1.0,0.9823941572316303]
[393,390,1.0,0.9827936504283985]
[396,390,1.0,0.9881761805738833]
[396,393,1.0,0.9620949338264995]
[131817,81719,1.0,0.40773942532085905]
[126426,126423,1.0,0.9896043800723685]
[126426,126417,1.0,0.9580088273936594]
[126426,126414,1.0,0.9920653191776059]
[126426,126420,1.0,0.9920653191776059]
[126849,126417,1.0,0.5347435808628853]
[126423,126417,1.0,0.9715890523416024]
[126423,126414,1.0,0.9927742648919292]
[126423,126420,1.0,0.9927742648919292]
[126417,32143,1.0,0.5696148083203558]
[126417,106905,1.0,0.41863249142380754]
[126417,126414,1.0,0.9653662560965675]
[126420,126417,1.0,0.9653662560965675]
[126420,126414,1.0,0.9952227536000962]
[106998,7075,1.0,0.4239309303874925]
[106998,105748,1.0,0.43258626153249435]
[106998,86325,1.0,0.6555471604671346]
[105751,105748,1.0,0.9927904021198166]
[105751,105745,1.0,0.9927904021198166]
[105754,105751,1.0,0.9589076200725615]
[105754,105748,1.0,0.9780002242459717]
[105754,105745,1.0,0.9690576501792344]
[105748,105745,1.0,0.9952227536000962]
[22787,7075,1.0,0.4076744553289256]
