[120552,59530,1.0,0.41971110968885045]
[48793,48784,1.0,0.5900721599818372]
[59530,48008,1.0,0.724746289400212]
[62860,59530,1.0,0.7143180872452801]
[62860,48008,1.0,0.8342804098735782]
[48787,48784,1.0,0.8373078871579057]
[66100,66091,1.0,0.9773811883945971]
[23865,23862,1.0,0.4276799030606312]
[23868,23862,1.0,0.9903304193588308]
[98922,29082,1.0,0.4010443266149586]
[112663,112651,1.0,0.978864986734844]
[112663,112654,1.0,0.9739817482644548]
[112663,112660,1.0,0.9742984934844804]
[112663,112657,1.0,0.9772725814950755]
[14330,14324,1.0,0.948611365032756]
[14330,14327,1.0,0.930680626413353]
[71018,71015,1.0,0.9939581995271161]
[112654,112651,1.0,0.9906652439071119]
[71030,71015,1.0,0.989014050717788]
[71030,71018,1.0,0.9834370648953071]
[71030,71021,1.0,0.9837014742716492]
[71030,71027,1.0,0.9693328632714884]
[117193,29082,1.0,0.4098571025963803]
[14327,14324,1.0,0.9780036393458174]
[71021,71015,1.0,0.9870203506902343]
[71021,71018,1.0,0.9706156596720947]
[112660,112651,1.0,0.993984955328199]
[112660,112654,1.0,0.988400090563989]
[112660,112657,1.0,0.9896583511337437]
[112657,112651,1.0,0.9916975038550923]
[112657,112654,1.0,0.9899153786895282]
[71027,71015,1.0,0.9840984495489484]
[71027,71018,1.0,0.929859779088908]
[71027,71021,1.0,0.9745628086624785]
[102801,102798,1.0,0.9940141113486761]
[58835,44300,1.0,0.42737913525783877]
[58835,50531,1.0,0.7278632402228962]
[58835,50534,1.0,0.7278632402228962]
[58835,36470,1.0,0.5968202989607028]
[58835,50540,1.0,0.7278632402228962]
[58835,50528,1.0,0.7278632402228962]
[118956,118953,1.0,0.9782173272481197]
[16704,16698,1.0,0.9918818867765093]
[50531,50528,1.0,0.9952227536000962]
[50534,50531,1.0,0.9856188416624742]
[50534,50528,1.0,0.9856188416624742]
[70435,58835,1.0,0.5012400400460527]
[50540,50531,1.0,0.6919298544088642]
[50540,50534,1.0,0.6853808627915419]
[50540,50528,1.0,0.6919298544088642]
[121758,121755,1.0,0.9674889819814737]
[58532,58529,1.0,0.9829038411272331]
[58532,58523,1.0,0.9899644713231588]
[115045,115042,1.0,0.9774229998575596]
[58529,58523,1.0,0.991468626206008]
[76498,50902,1.0,0.4066264024520509]
[36624,36618,1.0,0.9952227536000962]
[78821,36624,1.0,0.48413952330440513]
[92255,50902,1.0,0.5440244665787632]
[24695,1659,1.0,0.4055749186666963]
[115351,56556,1.0,0.5304283664524777]
[115351,3323,1.0,0.4758339924609461]
[115351,25765,1.0,0.8306012694839384]
[109701,109695,1.0,0.9812368211071522]
[109701,109692,1.0,0.9917091041496833]
[109701,109698,1.0,0.9917091041496833]
[9420,9417,1.0,0.9946149626479851]
[62816,13769,1.0,0.5465691160187578]
[55324,55321,1.0,0.9952227536000962]
[114135,85689,1.0,0.48926826305177457]
[7093,6916,1.0,0.6033615135359168]
[13769,9420,1.0,0.41675363905674606]
[13769,9426,1.0,0.5421634941850301]
[13769,9417,1.0,0.44335163296534674]
[93036,9420,1.0,0.4196830850379043]
[93036,9417,1.0,0.4196830850379043]
[9426,9420,1.0,0.8648971029304243]
[9426,9423,1.0,0.8139628883560718]
[9426,9417,1.0,0.8668550927122527]
[55327,55324,1.0,0.9813588712061795]
[55327,55321,1.0,0.9813588712061795]
[81577,81574,1.0,0.9724835771909237]
[82448,62816,1.0,0.5778333064716606]
[85689,9420,1.0,0.42875475115416933]
[85689,9426,1.0,0.4403772423830977]
[85689,9417,1.0,0.43026076085387377]
[123862,842,1.0,0.4969899927874721]
[123862,71646,1.0,0.47811418721634724]
[123862,115609,1.0,0.42028434472664855]
[109695,109692,1.0,0.9877726362494229]
[46457,46448,1.0,0.9952227536000962]
[46457,46451,1.0,0.8900394728230859]
[46451,46448,1.0,0.9075872139062865]
[112042,112036,1.0,0.9929447031128371]
[112042,112039,1.0,0.912248889465545]
[112039,112036,1.0,0.931965866745729]
[30372,9420,1.0,0.4517216757638144]
[30372,13769,1.0,0.43595934289780686]
[30372,9417,1.0,0.47377022874885105]
[9423,9420,1.0,0.9857103446302813]
[9423,9417,1.0,0.9919051642927029]
[116785,13769,1.0,0.47237439461026337]
[116785,82448,1.0,0.4268811890707521]
[109698,109695,1.0,0.9877726362494229]
[109698,109692,1.0,0.9952227536000962]
[46460,46448,1.0,0.9763241299850484]
[46460,46457,1.0,0.9763241299850484]
[46460,46451,1.0,0.7963264710450059]
[96109,3321,1.0,0.4533456973108487]
[96109,3324,1.0,0.6064750734878949]
[120691,120688,1.0,0.9689927925089068]
[57679,3321,1.0,0.4957990908497151]
[57679,34128,1.0,0.4601985859049027]
[61783,3321,1.0,0.46561236998656763]
[61783,57679,1.0,0.4930222670570062]
[66951,20311,1.0,0.418432484871789]
[66951,61783,1.0,0.42721441876538313]
[3324,3321,1.0,0.9216418906824141]
[120694,120691,1.0,0.9444219448271397]
[120694,120688,1.0,0.9947262821994]
[67901,67895,1.0,0.9905564682541387]
[67901,67898,1.0,0.9865100555301104]
[62750,61783,1.0,0.7449375329948588]
[120697,120691,1.0,0.7445141825840572]
[120697,120688,1.0,0.9400088363990273]
[120697,120694,1.0,0.9091638360746319]
[67898,67895,1.0,0.9929318100825512]
[82175,82169,1.0,0.4319685535816499]
[21681,21675,1.0,0.6231211469770707]
[21684,21681,1.0,0.6231211469770707]
[21684,21675,1.0,0.9927374500728507]
[82178,82175,1.0,0.5591261950899296]
[82178,82169,1.0,0.9453556564129695]
[25322,25319,1.0,0.9952227536000962]
[25328,25322,1.0,0.9904460044767013]
[25328,25319,1.0,0.9904460044767013]
[33625,33619,1.0,0.9877726362494229]
[50145,50142,1.0,0.9720963043704932]
[53447,50164,1.0,0.4459479849289091]
[53447,20896,1.0,0.4370746513050164]
[53447,45608,1.0,0.4508707370690398]
[53447,50161,1.0,0.4284724898043706]
[91860,53447,1.0,0.4664058752832623]
[54618,53447,1.0,0.4272419918973116]
[83339,53447,1.0,0.4195709128369242]
[58964,53447,1.0,0.42480903929554914]
[92246,53447,1.0,0.47732410006678233]
[50164,50161,1.0,0.9931164783355245]
[106599,53447,1.0,0.5215574798929535]
[81176,53447,1.0,0.503828614851725]
[100636,53447,1.0,0.5372568367442594]
[92564,53447,1.0,0.40702245901933526]
[13075,13072,1.0,0.994754850866769]
[75423,12759,1.0,0.41205206129846783]
[91715,53447,1.0,0.5650207000971248]
[48561,48555,1.0,0.9186893454637478]
[48567,48555,1.0,0.9925229512934376]
[48567,48561,1.0,0.9011836893906506]
[48567,48564,1.0,0.9684082870188783]
[48564,48555,1.0,0.9789068040283492]
[48564,48561,1.0,0.7759466005695892]
[106188,39428,1.0,0.42129231065538436]
[48570,48555,1.0,0.9169752973467042]
[48570,48561,1.0,0.555394965956026]
[48570,48567,1.0,0.8843832689160324]
[48570,48564,1.0,0.8334138681224706]
[31387,16850,1.0,0.6074996405774852]
[9339,9336,1.0,0.9620589884360831]
[9339,9333,1.0,0.9768107264770972]
[80190,19095,1.0,0.4264098416368001]
[80190,19092,1.0,0.5740222561934492]
[80190,19089,1.0,0.5372556898674197]
[126069,123714,1.0,0.4845640057413057]
[56007,56004,1.0,0.9706708793475041]
[9336,9333,1.0,0.9905564682541387]
[12364,12355,1.0,0.9946939993737459]
[12364,12361,1.0,0.9895864312524564]
[126075,126069,1.0,0.9946424279692275]
[126075,123714,1.0,0.4845640057413057]
[126075,126072,1.0,0.8972792976965969]
[19095,19092,1.0,0.7169028945453619]
[19095,19089,1.0,0.9176906114596224]
[37689,31387,1.0,0.6321937156943841]
[37689,3934,1.0,0.43772190343451356]
[56016,56007,1.0,0.9581642187658165]
[56016,56010,1.0,0.9599841980543686]
[56016,56013,1.0,0.9736234278785643]
[56016,56004,1.0,0.9842365892721153]
[56010,56007,1.0,0.9581642187658165]
[56010,56004,1.0,0.986561341032257]
[126078,126069,1.0,0.9592352580602055]
[126078,126075,1.0,0.9352759854293172]
[126078,123714,1.0,0.44758712196688416]
[126078,126072,1.0,0.9321111400433911]
[56019,56007,1.0,0.9151169178691401]
[56019,56016,1.0,0.9504133395839306]
[56019,56010,1.0,0.9416298537273688]
[56019,56013,1.0,0.9627969919169047]
[56019,56004,1.0,0.973439528516155]
[89704,89701,1.0,0.9952227536000962]
[36633,36630,1.0,0.9643556995575647]
[36633,36627,1.0,0.9884230623600171]
[36630,13463,1.0,0.44193127240378494]
[36630,36627,1.0,0.9723086985744542]
[123714,31387,1.0,0.9274786045533416]
[123714,56007,1.0,0.4548739516114211]
[123714,19095,1.0,0.5436970451998437]
[123714,37689,1.0,0.4421393183397775]
[123714,13358,1.0,0.5782871032995544]
[123714,82943,1.0,0.5243028967890391]
[123714,19092,1.0,0.5661318385669841]
[123714,51830,1.0,0.718843677242148]
[123714,117151,1.0,0.5208802308774161]
[123714,91162,1.0,0.5566713941855533]
[123714,16850,1.0,0.508097254635403]
[123714,3934,1.0,0.6103743013601478]
[123714,123711,1.0,0.9922323843947127]
[123714,12367,1.0,0.5791566763110039]
[123714,19089,1.0,0.5273060454422969]
[123714,92247,1.0,0.7300622760593791]
[82943,31387,1.0,0.40497967621798403]
[19092,19089,1.0,0.9694932806315548]
[56013,56007,1.0,0.9581642187658165]
[56013,56010,1.0,0.9599841980543686]
[56013,56004,1.0,0.9842365892721153]
[51830,5716,1.0,0.5246048761359028]
[57140,19092,1.0,0.5447639316966151]
[57140,19089,1.0,0.4728733512156222]
[12361,12355,1.0,0.9905564682541387]
[3399,3396,1.0,0.6903724454448888]
[3399,3393,1.0,0.9940528687790091]
[23863,23857,1.0,0.9903806050378413]
[23863,23860,1.0,0.9194289262689083]
[107517,107511,1.0,0.9856013414380667]
[107517,107514,1.0,0.9870106469808622]
[104964,12367,1.0,0.4524616124325382]
[91162,31387,1.0,0.4365212132257297]
[89707,89704,1.0,0.9772873059320688]
[89707,89701,1.0,0.9772873059320688]
[123717,31387,1.0,0.8248472422136143]
[123717,13358,1.0,0.4170064412423028]
[123717,123714,1.0,0.95094244159909]
[123717,51830,1.0,0.5743852117000964]
[123717,16850,1.0,0.508097254635403]
[123717,123711,1.0,0.9757452404255864]
[123717,92247,1.0,0.5165374839541983]
[111421,9336,1.0,0.6826137133144746]
[64882,31387,1.0,0.5161008977466023]
[64882,13358,1.0,0.461027492659871]
[36818,9336,1.0,0.41514399162799176]
[126072,31387,1.0,0.443709555790947]
[126072,126069,1.0,0.947869449975276]
[126072,123714,1.0,0.6015627764234782]
[126072,123717,1.0,0.45787121988593404]
[126072,123711,1.0,0.49119546029857564]
[123711,31387,1.0,0.8057192635234008]
[123711,51830,1.0,0.5844337047242669]
[123711,16850,1.0,0.5138239557488388]
[123711,92247,1.0,0.5165374839541983]
[127312,31387,1.0,0.4502783888647671]
[107514,107511,1.0,0.9827324588425626]
[12367,12364,1.0,0.991295858210494]
[12367,12355,1.0,0.9952227536000962]
[12367,12361,1.0,0.9905564682541387]
[3396,3393,1.0,0.8513497650043385]
[23860,23857,1.0,0.9287519139826579]
[92247,21170,1.0,0.45786048220467696]
[92247,37689,1.0,0.48840616988324065]
[92247,64882,1.0,0.44513658978097215]
[89710,89704,1.0,0.9876637586693301]
[89710,89701,1.0,0.9876637586693301]
[89710,89707,1.0,0.9322658694935392]
[54951,9336,1.0,0.4233598284280939]
[86037,11089,1.0,0.42951293364762755]
[113893,113890,1.0,0.9934637941520884]
[68184,68181,1.0,0.9677228141341598]
[92342,92339,1.0,0.9725350930238095]
[71546,71543,1.0,0.6516596840406961]
[71546,71540,1.0,0.9922323843947127]
[71543,71540,1.0,0.6446505846449743]
[58089,58086,1.0,0.9763718225528083]
[58092,58086,1.0,0.9918426894149314]
[58092,58089,1.0,0.9843805885740491]
[87361,68204,1.0,0.40314097291763046]
[116320,116317,1.0,0.9927904021198166]
[116323,116317,1.0,0.9946743864336534]
[116323,116320,1.0,0.9919958415046848]
[93133,87361,1.0,0.5021160595632113]
[108610,108607,1.0,0.9911032993600166]
[108619,108610,1.0,0.9888451094816421]
[108619,108616,1.0,0.9727603981632277]
[108619,108607,1.0,0.9909363708260227]
[108619,108613,1.0,0.9676788532027234]
[66437,66431,1.0,0.9815718726083079]
[66437,66434,1.0,0.9856013414380667]
[108616,108610,1.0,0.963226480811027]
[108616,108607,1.0,0.9675052349722604]
[108616,108613,1.0,0.9940396568789889]
[93126,93120,1.0,0.9882372451309284]
[93126,93123,1.0,0.9821898217103567]
[27652,27649,1.0,0.9912124474460464]
[48452,48449,1.0,0.9833572359086761]
[48455,48449,1.0,0.9884976622176969]
[48455,48452,1.0,0.9759613548160002]
[48458,48449,1.0,0.9906576764455907]
[48458,48452,1.0,0.9788609451319891]
[48458,48455,1.0,0.9788609451319891]
[66434,66431,1.0,0.9889469435919268]
[108613,108610,1.0,0.9640800033696486]
[108613,108607,1.0,0.9726101365839039]
[48461,48449,1.0,0.9952227536000962]
[48461,48452,1.0,0.9833572359086761]
[48461,48455,1.0,0.9884976622176969]
[48461,48458,1.0,0.9906576764455907]
[93123,93120,1.0,0.9746332546797192]
[74124,60160,1.0,0.41878357008061995]
[8020,8011,1.0,0.9833138322381559]
[8020,8014,1.0,0.8695669010181676]
[8020,8017,1.0,0.9833138322381559]
[60160,60151,1.0,0.9901632260005578]
[60160,60157,1.0,0.98521880240769]
[8014,8011,1.0,0.9307493114606391]
[8026,8011,1.0,0.9952227536000962]
[8026,8020,1.0,0.9943189311997959]
[8026,8014,1.0,0.8515013486855564]
[8026,8023,1.0,0.9874882310208049]
[8026,8017,1.0,0.9936065627720659]
[8023,8011,1.0,0.9874882310208049]
[8023,8020,1.0,0.9874882310208049]
[8023,8014,1.0,0.8821890060307752]
[8023,8017,1.0,0.9836464322300112]
[8017,8011,1.0,0.9945658731879131]
[8017,8014,1.0,0.840104783784116]
[60157,60151,1.0,0.9927904021198166]
[103002,102996,1.0,0.986561341032257]
[86276,72960,1.0,0.46111253914070294]
[86276,26499,1.0,0.618259705988856]
[26499,26493,1.0,0.9891164748499857]
[123192,123183,1.0,0.9751433739197299]
[123192,123186,1.0,0.9697655481734366]
[123195,123183,1.0,0.973583903062435]
[123195,123192,1.0,0.9665348537261892]
[123195,123186,1.0,0.9946145749369253]
[123186,123183,1.0,0.9760000069299372]
[120829,30663,1.0,0.4093829827808133]
[120829,116592,1.0,0.5218684301211085]
[120829,67950,1.0,0.45949651353838056]
[120829,27051,1.0,0.48673054169603686]
[120829,76424,1.0,0.4169705314493179]
[108795,80100,1.0,0.6268877294226671]
[108795,97380,1.0,0.517373156966753]
[108795,21909,1.0,0.4265254704403742]
[108795,95866,1.0,0.6568573759483081]
[108795,30663,1.0,0.48184706340520866]
[108795,53153,1.0,0.45919930216131594]
[108795,67950,1.0,0.5130894364018574]
[108795,27051,1.0,0.45808211764876555]
[108795,76424,1.0,0.5881389038935937]
[127285,120829,1.0,0.6907874790779011]
[116592,108795,1.0,0.44580367139078836]
[119013,119007,1.0,0.9947030106268565]
[119013,119010,1.0,0.9902601090570221]
[119013,65679,1.0,0.4470015431566522]
[14619,14616,1.0,0.8335036165345288]
[27186,27183,1.0,0.9919130404558051]
[78450,14619,1.0,0.588682318674739]
[78450,29079,1.0,0.4320032862864893]
[78450,14622,1.0,0.60889421960219]
[78450,3964,1.0,0.4805889266641282]
[78450,14616,1.0,0.610100719356177]
[78450,44138,1.0,0.6334296722644257]
[92699,78450,1.0,0.609003265265734]
[119007,65679,1.0,0.45047964019127806]
[119010,119007,1.0,0.9911457621988602]
[119010,65679,1.0,0.5082911456823145]
[14622,14619,1.0,0.6179284429864618]
[14622,14616,1.0,0.9611237774219245]
[65676,65673,1.0,0.992024498037868]
[65682,65676,1.0,0.6663908924536263]
[65682,65673,1.0,0.7060689560494817]
[65682,65679,1.0,0.6447389331715639]
[27189,27186,1.0,0.9849832065694046]
[27189,27183,1.0,0.993958142263311]
[65679,65676,1.0,0.9852869855136388]
[65679,65673,1.0,0.9902735029738985]
[62791,62782,1.0,0.9729529599445066]
[105477,105471,1.0,0.9938804711395797]
[105477,105474,1.0,0.9883617618524554]
[105474,105471,1.0,0.9908397224750475]
[63046,63037,1.0,0.9947733876400483]
[63046,63043,1.0,0.9852550656463718]
[63043,63037,1.0,0.9869301055866225]
[80589,49338,1.0,0.5283841887547887]
[80589,45751,1.0,0.5258035590168887]
[49338,49335,1.0,0.9833012551657081]
[92985,49338,1.0,0.6012243330215205]
[49341,49338,1.0,0.9906660726635514]
[49341,49335,1.0,0.9942129708818666]
[118629,14132,1.0,0.441386787158564]
[13949,13937,1.0,0.9912498675642931]
[13949,13943,1.0,0.9878728711152087]
[13949,13946,1.0,0.9473978783036944]
[13943,13937,1.0,0.9931905064527496]
[13946,13937,1.0,0.9848932500329676]
[13946,13943,1.0,0.9795324103128648]
[13952,13937,1.0,0.988413682643911]
[13952,13949,1.0,0.9918818867765093]
[13952,13943,1.0,0.9841557602088666]
[13952,13946,1.0,0.9340113338591894]
[66067,61296,1.0,0.4173839976913959]
[72618,66067,1.0,0.5151736686968054]
[72618,72612,1.0,0.9905564682541387]
[72618,72615,1.0,0.9895864312524564]
[72618,50615,1.0,0.7874864276962248]
[72618,50612,1.0,0.40503227477338577]
[72618,66070,1.0,0.6350428992586156]
[72618,28058,1.0,0.4384924050311488]
[72612,66067,1.0,0.5151736686968054]
[72612,50615,1.0,0.7874864276962248]
[72612,50612,1.0,0.40503227477338577]
[72612,66070,1.0,0.6350428992586156]
[72612,28058,1.0,0.4384924050311488]
[39158,39155,1.0,0.9762907381788068]
[43582,43579,1.0,0.9909251903137]
[59589,59586,1.0,0.6881000466276579]
[70639,66067,1.0,0.48277811601689696]
[70639,66070,1.0,0.5124243574713145]
[61296,31336,1.0,0.45339036369754465]
[61296,50615,1.0,0.6932064501308428]
[59592,59586,1.0,0.9035777684344445]
[118734,61296,1.0,0.5731672051192557]
[35533,35530,1.0,0.9439482832774256]
[72615,72612,1.0,0.9919839916101322]
[72615,50615,1.0,0.408737682297237]
[50615,50609,1.0,0.9755612017555214]
[50615,50612,1.0,0.8772896496198704]
[50615,28058,1.0,0.4745738966171045]
[39161,39158,1.0,0.908838406217432]
[39161,39155,1.0,0.9814352295047998]
[116521,66067,1.0,0.40114104599839473]
[116521,50615,1.0,0.4913991558462627]
[81588,81582,1.0,0.9875511962540239]
[81588,81585,1.0,0.9143398354707926]
[50612,50609,1.0,0.964213694228327]
[101910,61296,1.0,0.42067301265184165]
[113394,66067,1.0,0.5454765018418403]
[113394,66070,1.0,0.5189646520681149]
[66070,66067,1.0,0.5379701585010142]
[66070,61296,1.0,0.5859407596559874]
[81591,81582,1.0,0.9915314491473511]
[81591,81588,1.0,0.9723034088786859]
[81591,81585,1.0,0.9430655041237623]
[81585,61296,1.0,0.4190635785863194]
[81585,81582,1.0,0.9640953197780657]
[106452,106446,1.0,0.9859369605433117]
[106452,106449,1.0,0.9809939355952564]
[109870,109867,1.0,0.9877726362494229]
[109870,109864,1.0,0.9877726362494229]
[11180,11177,1.0,0.9927374500728507]
[51616,51613,1.0,0.993833290446873]
[73590,60928,1.0,0.4091660718000099]
[73590,73581,1.0,0.986561341032257]
[73590,73584,1.0,0.8182392831440057]
[73590,73587,1.0,0.9844857436131833]
[60928,58483,1.0,0.5965459600683084]
[60928,41396,1.0,0.6167199689957268]
[106449,106446,1.0,0.9762140553500261]
[95898,95892,1.0,0.9785181460170925]
[95898,95895,1.0,0.9910490392710076]
[73581,60928,1.0,0.4091660718000099]
[119134,109867,1.0,0.48419492863394814]
[78839,3788,1.0,0.5836921028218828]
[121819,109867,1.0,0.41602503778908734]
[117109,69005,1.0,0.45878287485163965]
[11183,11180,1.0,0.6425445772684383]
[11183,11177,1.0,0.6425445772684383]
[82829,60928,1.0,0.41465987110050556]
[82829,56189,1.0,0.4232427935602385]
[82829,10308,1.0,0.6949939473236042]
[82829,62595,1.0,0.47603770090036507]
[63240,63237,1.0,0.983508336776347]
[127479,109867,1.0,0.4516700898695679]
[101886,64327,1.0,0.525160994545554]
[106455,106446,1.0,0.9845918753142383]
[106455,106452,1.0,0.9579596152025763]
[106455,106449,1.0,0.9521042383839523]
[106455,69005,1.0,0.4422068472972536]
[106455,64327,1.0,0.4453752199087747]
[106455,62595,1.0,0.5538310473348699]
[121218,82829,1.0,0.4162005074784666]
[121218,109867,1.0,0.5137910926175132]
[73584,73581,1.0,0.8992312424714628]
[69005,58177,1.0,0.4098878062578033]
[69005,28588,1.0,0.4764531444228415]
[48591,34135,1.0,0.48279452210109963]
[20918,20909,1.0,0.9856693195607518]
[20918,20912,1.0,0.9839995950889121]
[64327,56189,1.0,0.4489147703957178]
[125281,69005,1.0,0.42070300182775405]
[73587,60928,1.0,0.4001637858856449]
[73587,73581,1.0,0.9872980944597735]
[73587,73584,1.0,0.8544868263523399]
[109722,82829,1.0,0.5324372371119838]
[120495,60928,1.0,0.5044943656156757]
[120495,109867,1.0,0.642860628648026]
[120495,62595,1.0,0.5182118901412975]
[34135,10541,1.0,0.41939803987128593]
[111690,60928,1.0,0.5435677981429086]
[111690,109867,1.0,0.574950861277548]
[111690,62595,1.0,0.594605741741327]
[20912,20909,1.0,0.9909728179801929]
[95895,95892,1.0,0.9952227536000962]
[95895,82829,1.0,0.49535988058527575]
[109867,106446,1.0,0.40369067496668304]
[109867,106452,1.0,0.40369067496668304]
[109867,21515,1.0,0.41023836492363325]
[109867,89518,1.0,0.54021915741367]
[109867,52956,1.0,0.4702726556098974]
[109867,79064,1.0,0.42804139638360533]
[109867,73590,1.0,0.4104101848764018]
[109867,60928,1.0,0.5782458628958079]
[109867,17920,1.0,0.49608150653075417]
[109867,106449,1.0,0.40369067496668304]
[109867,73581,1.0,0.4344328509739315]
[109867,37718,1.0,0.5338075754291877]
[109867,36788,1.0,0.5535182872200348]
[109867,57777,1.0,0.402411077456074]
[109867,58648,1.0,0.45346590217835125]
[109867,76396,1.0,0.44384106104306864]
[109867,24416,1.0,0.45509145655842564]
[109867,63240,1.0,0.8216961258716142]
[109867,101886,1.0,0.5094647530355805]
[109867,58483,1.0,0.40339731932074213]
[109867,56189,1.0,0.56180489976392]
[109867,42630,1.0,0.5034606411896488]
[109867,73584,1.0,0.4448683576614293]
[109867,81855,1.0,0.4771078540225924]
[109867,72525,1.0,0.4602228552059428]
[109867,64327,1.0,0.6147349868076137]
[109867,10308,1.0,0.40500749847809697]
[109867,63237,1.0,0.8787258458543835]
[109867,105855,1.0,0.4863880358349298]
[109867,61174,1.0,0.45905132958055567]
[109867,41396,1.0,0.48296013166949486]
[109867,87288,1.0,0.5008493349775764]
[109867,67872,1.0,0.4837141288620364]
[109867,24155,1.0,0.5303904537112776]
[109867,62595,1.0,0.7273614484775609]
[109867,28588,1.0,0.41801565082404074]
[109867,109864,1.0,0.9952227536000962]
[109867,21518,1.0,0.40804244674794843]
[20921,20909,1.0,0.9909251903137]
[20921,20918,1.0,0.9742533079063835]
[20921,20912,1.0,0.9897479211738157]
[62595,60928,1.0,0.4269403324387101]
[62595,58483,1.0,0.44300218825953763]
[62595,41396,1.0,0.4247872856911002]
[21518,21515,1.0,0.994342093446844]
[100165,100159,1.0,0.9333698833526264]
[100165,100162,1.0,0.9611428585364672]
[100165,100156,1.0,0.9866490475304502]
[100159,100156,1.0,0.980730163805079]
[100162,100159,1.0,0.939751792481355]
[100162,100156,1.0,0.9832564172817773]
[126564,126561,1.0,0.9934197647450789]
[126564,36269,1.0,0.5270889901541156]
[21717,21711,1.0,0.9842564410144967]
[21717,21714,1.0,0.9659804403336262]
[20325,20322,1.0,0.993833290446873]
[60640,48758,1.0,0.511284259932164]
[127746,127743,1.0,0.9038704434404782]
[112888,48758,1.0,0.476831873740922]
[112888,112885,1.0,0.9952227536000962]
[112888,62556,1.0,0.5522767361846427]
[51075,48993,1.0,0.4187284828553572]
[127749,127746,1.0,0.6114566590790277]
[127749,127743,1.0,0.9425187769543659]
[112891,112888,1.0,0.9842442669947392]
[112891,112885,1.0,0.9570887216341947]
[53275,53272,1.0,0.9914047932311814]
[26027,26021,1.0,0.9884445020296138]
[21714,21711,1.0,0.9867593649390504]
[68978,68975,1.0,0.9884564445151457]
[38324,1705,1.0,0.42958638666467824]
[51078,51075,1.0,0.9918818867765093]
[51078,48993,1.0,0.4187284828553572]
[20328,20325,1.0,0.993833290446873]
[20328,20322,1.0,0.9952227536000962]
[62556,16108,1.0,0.42848141863918937]
[62556,20331,1.0,0.48366971189219715]
[44978,15038,1.0,0.7289614566521927]
[20331,20325,1.0,0.993833290446873]
[20331,8952,1.0,0.42406790699572977]
[20331,20328,1.0,0.9952227536000962]
[20331,20322,1.0,0.9952227536000962]
[117186,117183,1.0,0.9905564682541387]
[92199,12494,1.0,0.41920449679426597]
[14895,14886,1.0,0.9536870282532285]
[14895,14889,1.0,0.9439974736244178]
[14889,14886,1.0,0.9933550320030448]
[131361,111892,1.0,0.5834350585655796]
[9963,9957,1.0,0.9839876877490416]
[9963,9960,1.0,0.9825439761329673]
[111892,9963,1.0,0.5253128801367272]
[111892,31961,1.0,0.4504137913860285]
[111892,3151,1.0,0.5070947436994978]
[111892,6744,1.0,0.49626114891443496]
[111892,10952,1.0,0.5179967310969321]
[111892,74504,1.0,0.5592785883891703]
[111892,9957,1.0,0.5075966252241587]
[111892,89522,1.0,0.5285563370760138]
[111892,109066,1.0,0.49497834848733063]
[111892,62759,1.0,0.6187320731547927]
[111892,184,1.0,0.6311650183727604]
[111892,70572,1.0,0.43051564863774394]
[111892,9291,1.0,0.5818437741810588]
[111892,19566,1.0,0.5346020250849183]
[111892,9966,1.0,0.5541772105475343]
[111892,54627,1.0,0.674028865304587]
[111892,63414,1.0,0.6651638483106668]
[111892,181,1.0,0.7469183601563331]
[111892,178,1.0,0.7469183601563331]
[111892,78102,1.0,0.4430579942679701]
[111892,78657,1.0,0.6067858540453099]
[111892,34233,1.0,0.546867041716502]
[111892,56664,1.0,0.5353951142831394]
[111892,9960,1.0,0.4943396157856898]
[111892,27396,1.0,0.7535317510572433]
[111892,20976,1.0,0.5906251320595441]
[111892,59389,1.0,0.4196069640324712]
[111892,18592,1.0,0.553511020296908]
[111892,17829,1.0,0.4792929539989201]
[111892,92901,1.0,0.6114688446124692]
[111892,87512,1.0,0.7729963249293865]
[111892,232,1.0,0.5964324728998954]
[111892,87515,1.0,0.7729963249293865]
[4423,4414,1.0,0.9868789961870409]
[184,181,1.0,0.9042966723643696]
[184,178,1.0,0.4022663880165398]
[120547,111892,1.0,0.5354247707472791]
[9966,9963,1.0,0.9799368133344522]
[9966,9957,1.0,0.9938647243311929]
[9966,9960,1.0,0.9932484192630782]
[181,178,1.0,0.9952227536000962]
[121614,111892,1.0,0.45576377575564336]
[78657,6744,1.0,0.45649168608517304]
[9960,9957,1.0,0.9909196098134082]
[120520,111892,1.0,0.5005610716058149]
[125610,111892,1.0,0.49191479278093037]
[87515,87512,1.0,0.9923138789423898]
[124801,124798,1.0,0.9934197647450789]
[40637,40634,1.0,0.5293085285674799]
[96721,96718,1.0,0.9918756543936526]
[96721,96715,1.0,0.7813518622806062]
[96721,96712,1.0,0.9087970623999053]
[34143,11696,1.0,0.47363414310481083]
[70518,32865,1.0,0.4067532253765802]
[65095,65092,1.0,0.9901918127542898]
[65095,65089,1.0,0.9952227536000962]
[22928,21207,1.0,0.5237121797425325]
[21204,21201,1.0,0.9622062305207684]
[112587,96718,1.0,0.6187696146052691]
[79076,60628,1.0,0.4389580488844082]
[113574,96718,1.0,0.5317539150730167]
[113574,113571,1.0,0.9910716568663924]
[113574,88665,1.0,0.4161170523143406]
[96718,48680,1.0,0.7208914012274966]
[96718,67386,1.0,0.4734549617614319]
[96718,22928,1.0,0.8603447019022978]
[96718,65599,1.0,0.5710180686949416]
[96718,41992,1.0,0.6524748454800755]
[96718,96715,1.0,0.9770496657179952]
[96718,29924,1.0,0.42337803303594385]
[96718,30702,1.0,0.40750014223458414]
[96718,21736,1.0,0.5052856996667785]
[96718,32865,1.0,0.5100537134553077]
[96718,88665,1.0,0.45530743768382353]
[96718,96712,1.0,0.9936734116065394]
[96718,1053,1.0,0.5481612713725524]
[96718,34634,1.0,0.4042692727850367]
[11696,7180,1.0,0.4523575199408321]
[41992,8902,1.0,0.4654282394758814]
[41992,32865,1.0,0.5085028698556233]
[40698,40695,1.0,0.9936963280681194]
[96715,96712,1.0,0.9817581174451098]
[116371,116368,1.0,0.9329961087212397]
[116371,116365,1.0,0.9728752751451715]
[116871,41992,1.0,0.6000447474425145]
[21207,21204,1.0,0.9622062305207684]
[21207,21201,1.0,0.9952227536000962]
[65092,65089,1.0,0.9901918127542898]
[128923,70518,1.0,0.7886727383806503]
[128923,8902,1.0,0.4573010763350939]
[128923,96718,1.0,0.4614204667174871]
[128923,32865,1.0,0.4040211563377846]
[116368,116365,1.0,0.9473815347490769]
[124300,96718,1.0,0.6071705536982667]
[34146,34143,1.0,0.9931800025570192]
[34146,11696,1.0,0.47363414310481083]
[129103,128923,1.0,0.442849233911313]
[83752,11696,1.0,0.7197417822694713]
[32865,8902,1.0,0.46493498297949926]
[113571,96718,1.0,0.5332547066012707]
[113571,88665,1.0,0.44183568549774394]
[18881,18878,1.0,0.9952227536000962]
[4224,4221,1.0,0.9902913432757028]
[112590,112587,1.0,0.9945417275852095]
[112590,96718,1.0,0.6187696146052691]
[70372,26457,1.0,0.41406414961615123]
[130278,19586,1.0,0.5313623046929187]
[130278,127125,1.0,0.5627556057193679]
[24773,24767,1.0,0.9809942417965208]
[24773,24770,1.0,0.9905564682541387]
[86304,19586,1.0,0.5479761658959024]
[24776,24773,1.0,0.963583069032371]
[24776,24767,1.0,0.9877726362494229]
[24776,24770,1.0,0.9777076533457498]
[64394,19586,1.0,0.4192587512782061]
[64394,19502,1.0,0.616520721922317]
[65566,23273,1.0,0.5341310717307665]
[24779,24773,1.0,0.6865342141770262]
[24779,24767,1.0,0.8162445725698122]
[24779,24776,1.0,0.7215738866668787]
[24779,24770,1.0,0.7609730931251375]
[116815,116812,1.0,0.9754035700652002]
[24770,24767,1.0,0.9902913432757028]
[91295,19586,1.0,0.46388984008235534]
[123438,19586,1.0,0.6787765618108966]
[98092,31701,1.0,0.4660914330052693]
[127951,64394,1.0,0.4027239194361095]
[127951,127914,1.0,0.4825035917744966]
[37635,37632,1.0,0.9929984661036967]
[127125,19586,1.0,0.6450646055311188]
[111063,19502,1.0,0.42878617172898453]
[37638,37632,1.0,0.9870022857825211]
[37638,37635,1.0,0.9669839004396209]
[118657,51850,1.0,0.40038396889500877]
[49225,49219,1.0,0.8984995415296393]
[37771,37768,1.0,0.9881036606190284]
[127723,127714,1.0,0.9887680784664753]
[87525,87519,1.0,0.5037140868012687]
[87522,87519,1.0,0.8773961429743983]
[37774,37771,1.0,0.9311327014162523]
[37774,37768,1.0,0.9664906401851495]
[52411,52408,1.0,0.9773083993990821]
[52411,52405,1.0,0.9804018510315154]
[52408,52405,1.0,0.9912852111135604]
[81942,6064,1.0,0.5331896085201845]
[62744,60738,1.0,0.4366121159547993]
[62744,62741,1.0,0.9847457192068374]
[25999,25996,1.0,0.9410016480982712]
[85826,46712,1.0,0.47740778325562383]
[85826,13972,1.0,0.42835794778866443]
[74682,60738,1.0,0.6025549765569679]
[60738,5070,1.0,0.511070997078534]
[61240,4374,1.0,0.4209497580519186]
[62741,60738,1.0,0.4696444818597511]
[26005,25999,1.0,0.9712141429684548]
[26005,25996,1.0,0.9952227536000962]
[26005,26002,1.0,0.9920895311730396]
[26002,25999,1.0,0.9649265653576308]
[26002,25996,1.0,0.9721574388687376]
[63095,63092,1.0,0.9946149626479851]
[52947,35160,1.0,0.4723720437099927]
[48948,1747,1.0,0.43293363943627616]
[99678,1747,1.0,0.4049430006480366]
[2426,2423,1.0,0.9430574247815507]
[33047,1747,1.0,0.46715633474964735]
[33047,33035,1.0,0.988848171392966]
[33047,33044,1.0,0.9623071634987527]
[33047,33038,1.0,0.9832844526354169]
[128769,108372,1.0,0.4264787620683743]
[88489,1747,1.0,0.4425010697701282]
[84891,1747,1.0,0.40011744521135884]
[15279,1747,1.0,0.5617594594849241]
[2429,2423,1.0,0.4264186184488661]
[94485,94482,1.0,0.9946939993737459]
[82578,82569,1.0,0.9811788726867394]
[82578,82575,1.0,0.7327225496032644]
[82578,82572,1.0,0.9936734116065394]
[96682,1747,1.0,0.41400444535635844]
[94482,16355,1.0,0.5544971389126432]
[26808,1747,1.0,0.46136295479345923]
[19670,1747,1.0,0.608769742687496]
[19670,1744,1.0,0.6331050062642037]
[19670,1750,1.0,0.5786549996910443]
[16328,1747,1.0,0.5214355468344327]
[47740,1747,1.0,0.47583487075740716]
[1747,1744,1.0,0.9944660782509854]
[62109,1747,1.0,0.43528304482753905]
[62109,62103,1.0,0.8853311289361605]
[12291,1747,1.0,0.4564585004057003]
[111324,1747,1.0,0.4768894298224912]
[91102,1747,1.0,0.43451369096936493]
[82575,82569,1.0,0.8691958559729023]
[82575,82572,1.0,0.9100066193864532]
[84930,1747,1.0,0.4047510839857683]
[7495,7492,1.0,0.9701988661093621]
[11511,1747,1.0,0.5817337606662641]
[43486,1747,1.0,0.4124517662656712]
[43486,35160,1.0,0.5926985445401189]
[43492,1747,1.0,0.4034417744443059]
[43492,43486,1.0,0.9929495960445205]
[43492,43489,1.0,0.9929495960445205]
[43492,35160,1.0,0.531373462102449]
[88792,1747,1.0,0.4061237809264104]
[33035,1747,1.0,0.42173304633951986]
[7504,7495,1.0,0.9042832411430564]
[7504,7498,1.0,0.9589590870135186]
[7504,7492,1.0,0.9800243529901598]
[43489,43486,1.0,0.9952227536000962]
[43489,35160,1.0,0.5157955258020986]
[7498,7495,1.0,0.9402743741547657]
[7498,7492,1.0,0.9877726362494229]
[82572,82569,1.0,0.9952227536000962]
[108372,91822,1.0,0.4469377922205599]
[108372,88489,1.0,0.5480292052858878]
[108372,47740,1.0,0.5181861059852905]
[108372,1747,1.0,0.4757895058213403]
[108372,1744,1.0,0.4710978035853629]
[108372,1750,1.0,0.47552326699451886]
[33044,1747,1.0,0.42173304633951986]
[33044,33035,1.0,0.9929318100825512]
[33044,33038,1.0,0.9801981597840012]
[1750,1747,1.0,0.9905407929712045]
[1750,1744,1.0,0.9710795120356998]
[56950,23727,1.0,0.44016640976913174]
[56950,55796,1.0,0.49888594809497067]
[56950,14348,1.0,0.40812616369113053]
[56950,41815,1.0,0.41617456835888317]
[2432,2426,1.0,0.9409514723474411]
[2432,2429,1.0,0.42579615490853173]
[2432,2423,1.0,0.9941081344368597]
[82581,82569,1.0,0.9835352478211434]
[82581,82578,1.0,0.9616170203973166]
[82581,82575,1.0,0.7114705405200754]
[82581,82572,1.0,0.9930080541476703]
[33041,33038,1.0,0.433553718241608]
[33038,1747,1.0,0.42173304633951986]
[33038,33035,1.0,0.9584162951905362]
[95317,88792,1.0,0.474071453205833]
[36770,36767,1.0,0.9809954589769497]
[56851,56845,1.0,0.9952227536000962]
[114937,14344,1.0,0.42445666809413163]
[114937,114934,1.0,0.9871975936995795]
[4043,4040,1.0,0.9877726362494229]
[52034,35962,1.0,0.4136153101988853]
[8727,4043,1.0,0.4142583141269687]
[8727,4040,1.0,0.4142583141269687]
[95965,95962,1.0,0.9900096249183904]
[95965,27535,1.0,0.5377456758568822]
[111105,111102,1.0,0.9674858045953302]
[85241,85235,1.0,0.9570658323902884]
[85241,85238,1.0,0.9549104384759173]
[85241,85232,1.0,0.907207118752879]
[85241,85229,1.0,0.9549104384759173]
[85235,85232,1.0,0.9840680539768377]
[85235,85229,1.0,0.9938647243311929]
[62572,62569,1.0,0.9914651780633009]
[40210,4043,1.0,0.49707466076397033]
[40210,4040,1.0,0.49707466076397033]
[40210,27535,1.0,0.4002185013043945]
[85238,85235,1.0,0.9923334245134401]
[85238,85232,1.0,0.99379492272998]
[85238,85229,1.0,0.9952227536000962]
[45336,45330,1.0,0.9908816929606714]
[130201,130198,1.0,0.9809859843582225]
[45838,40210,1.0,0.40094093029687555]
[111111,111105,1.0,0.9399644761416874]
[111111,111102,1.0,0.9901918127542898]
[46670,40210,1.0,0.43022622390432214]
[45342,45330,1.0,0.9923958418221456]
[45342,45336,1.0,0.9858384646394348]
[45342,45339,1.0,0.9669266952796719]
[114934,14344,1.0,0.46229141847648164]
[45339,45330,1.0,0.9914964606418886]
[45339,45336,1.0,0.9886123641348816]
[108754,64490,1.0,0.44914642081980527]
[108754,82612,1.0,0.45201262679857696]
[130204,130198,1.0,0.9413131842240018]
[130204,130201,1.0,0.9421083435620007]
[85232,85229,1.0,0.987303076116458]
[79554,79548,1.0,0.8227809218025587]
[9985,9979,1.0,0.9636038852061665]
[9985,9982,1.0,0.9281441826282132]
[129556,9985,1.0,0.4303452058523387]
[129556,5168,1.0,0.5173546499090762]
[129556,129553,1.0,0.9586493369217269]
[129556,30959,1.0,0.4371958040403792]
[83410,5168,1.0,0.4157624372658324]
[83410,83407,1.0,0.9523175308013159]
[83410,83404,1.0,0.9906156358287606]
[83407,83404,1.0,0.9917297463456747]
[83404,5168,1.0,0.4157624372658324]
[129553,9985,1.0,0.6428963612571515]
[129553,5168,1.0,0.7161335502112524]
[129553,30959,1.0,0.6492298563669106]
[122556,122553,1.0,0.9934567839627333]
[9982,9979,1.0,0.9883205917365684]
[30959,30956,1.0,0.9906486878159225]
[77658,77652,1.0,0.9914729588753374]
[77658,77655,1.0,0.9278037332643226]
[77655,77652,1.0,0.9725329498658073]
[77661,77658,1.0,0.9945081630075626]
[77661,77652,1.0,0.9952227536000962]
[77661,77655,1.0,0.986301512617109]
[53252,53249,1.0,0.9746169947752034]
[53252,53246,1.0,0.9746373859151823]
[53258,53252,1.0,0.9509074394697451]
[53258,53255,1.0,0.6109498797676136]
[53258,53249,1.0,0.9854176975062009]
[53258,53246,1.0,0.9895707056247579]
[53255,53249,1.0,0.5489018221120978]
[53255,53246,1.0,0.5958119081797444]
[34160,34157,1.0,0.9694722455409229]
[53249,53246,1.0,0.9931579754637436]
[72394,52740,1.0,0.5208119928868815]
[72394,24700,1.0,0.4343577574468401]
[53261,53252,1.0,0.9682255477413482]
[53261,53258,1.0,0.9370085237237504]
[53261,53249,1.0,0.964679651619582]
[53261,53246,1.0,0.9667478105191604]
[88166,14089,1.0,0.4061622775456468]
[115300,68951,1.0,0.42554066934551915]
[74327,74324,1.0,0.9912498675642931]
[6233,6230,1.0,0.6838045886462834]
[6233,6227,1.0,0.9787614573979248]
[6230,6227,1.0,0.9153459547637045]
[6236,6233,1.0,0.9787614573979248]
[6236,6230,1.0,0.8818100583855735]
[6236,6227,1.0,0.9952227536000962]
[11004,6233,1.0,0.513871847863273]
[11004,6230,1.0,0.46178221853979884]
[11004,6236,1.0,0.5702489020239702]
[11004,6227,1.0,0.5702489020239702]
[99688,99685,1.0,0.9952227536000962]
[11007,6233,1.0,0.513871847863273]
[11007,6230,1.0,0.46178221853979884]
[11007,6236,1.0,0.5702489020239702]
[11007,11004,1.0,0.9952227536000962]
[11007,6227,1.0,0.5702489020239702]
[11010,6233,1.0,0.49241886285982245]
[11010,6230,1.0,0.42963220904936866]
[11010,6236,1.0,0.5477839046647764]
[11010,11004,1.0,0.9887966762859642]
[11010,6227,1.0,0.5477839046647764]
[11010,11007,1.0,0.9887966762859642]
[100311,32767,1.0,0.5723190646654492]
[100311,32542,1.0,0.4383838978713924]
[64805,32767,1.0,0.4569083721496215]
[81158,32767,1.0,0.45671674813512403]
[49007,48998,1.0,0.9035016714863654]
[87927,87921,1.0,0.9333968021894241]
[87927,87924,1.0,0.9787887300143439]
[70284,44607,1.0,0.48282173453957766]
[49010,48998,1.0,0.4812226158992352]
[87924,87921,1.0,0.8949821596002039]
[40445,2056,1.0,0.43643955012126856]
[66507,21795,1.0,0.48938300948072694]
[66507,1321,1.0,0.4332056143248483]
[66507,38840,1.0,0.5352311037593633]
[121195,121186,1.0,0.931905054230864]
[121195,121192,1.0,0.931905054230864]
[121195,121189,1.0,0.9600115252647314]
[79280,79277,1.0,0.9735506563497129]
[100797,100794,1.0,0.9905564682541387]
[121192,121186,1.0,0.9916009266224354]
[121192,121189,1.0,0.9868324419779175]
[132322,66507,1.0,0.51541147365853]
[132322,132319,1.0,0.972489619647733]
[132322,39602,1.0,0.5496244760764702]
[83741,39602,1.0,0.4155792941440262]
[87558,66507,1.0,0.5651158426266322]
[87558,48712,1.0,0.48393300162382535]
[87558,39602,1.0,0.47634522305462185]
[21795,21789,1.0,0.991295858210494]
[130825,71712,1.0,0.40486070682725567]
[38834,38831,1.0,0.9905564682541387]
[50277,34246,1.0,0.42740088938152293]
[121189,66507,1.0,0.4988889124085422]
[121189,121186,1.0,0.9923958418221456]
[121189,48712,1.0,0.490434428864226]
[38837,38831,1.0,0.9136028194972412]
[38837,38834,1.0,0.8460541411683875]
[92122,92119,1.0,0.4598263519463118]
[132325,132322,1.0,0.9952227536000962]
[132325,132319,1.0,0.9224374710408803]
[85577,85574,1.0,0.9901192796304229]
[39602,1321,1.0,0.5168428482445375]
[39602,23806,1.0,0.44416816786684965]
[39602,38840,1.0,0.4599599170904459]
[78793,1321,1.0,0.5039722373915199]
[38840,38831,1.0,0.9921471266607758]
[38840,38834,1.0,0.9850318328043232]
[38840,38837,1.0,0.9060340023112571]
[124141,71712,1.0,0.4240522139569251]
[21227,7419,1.0,0.40324274069065247]
[52198,52195,1.0,0.988148450643207]
[108222,108219,1.0,0.9798348524421603]
[108222,108216,1.0,0.9745507995062117]
[108222,108213,1.0,0.9919383972735468]
[108222,108210,1.0,0.9837712331776186]
[108219,12742,1.0,0.4164306745648786]
[108219,108216,1.0,0.9402197842938524]
[108219,108213,1.0,0.9877726362494229]
[108219,108210,1.0,0.9877726362494229]
[12742,7419,1.0,0.5662425282065877]
[108216,108213,1.0,0.9699149538337315]
[108216,108210,1.0,0.9355843822059314]
[108213,108210,1.0,0.9952227536000962]
[72307,32897,1.0,0.4343458814479549]
[72307,20439,1.0,0.461513407830226]
[126876,72307,1.0,0.4026406891364575]
[78615,3569,1.0,0.4732883431016496]
[30425,3569,1.0,0.49049403363668775]
[91284,54655,1.0,0.4617680764403488]
[87327,54655,1.0,0.6591280641064865]
[17470,6690,1.0,0.41579194981704665]
[67877,54655,1.0,0.5085627374685497]
[90018,54655,1.0,0.7167318482714017]
[119878,54655,1.0,0.4016908583740116]
[123532,54655,1.0,0.5704002264039384]
[111946,111943,1.0,0.9881893826353055]
[130398,54959,1.0,0.5118789308693563]
[130398,54655,1.0,0.7471017469151172]
[130398,54962,1.0,0.5118789308693563]
[54959,54652,1.0,0.5847385352247813]
[54959,54655,1.0,0.9320363538432743]
[111949,111946,1.0,0.9725687876913429]
[111949,111943,1.0,0.9928855228618265]
[84326,54655,1.0,0.4051887345070434]
[54965,54652,1.0,0.44008411135841335]
[54965,54959,1.0,0.9883199097054204]
[54965,54655,1.0,0.8712008077155059]
[54965,54962,1.0,0.9883199097054204]
[131059,54652,1.0,0.4023247251138703]
[131059,54655,1.0,0.7646168391103842]
[54655,36540,1.0,0.4205042064220656]
[54655,54652,1.0,0.9558169919274451]
[54655,15553,1.0,0.44823588762210764]
[54655,40668,1.0,0.44581744633808995]
[54655,43448,1.0,0.504424826693803]
[54655,47258,1.0,0.4471230024416279]
[123196,54655,1.0,0.43530542635796626]
[116719,54655,1.0,0.687504970905628]
[111943,101140,1.0,0.42469167289422893]
[54962,54652,1.0,0.5847385352247813]
[54962,54959,1.0,0.9952227536000962]
[54962,54655,1.0,0.9320363538432743]
[48574,622,1.0,0.5734078503062643]
[100356,23677,1.0,0.41032679474431183]
[23677,17319,1.0,0.40767775843083454]
[23677,11431,1.0,0.4024949972879941]
[70192,70186,1.0,0.9536184894117219]
[70192,70189,1.0,0.969949025368497]
[110722,110719,1.0,0.9952227536000962]
[131859,126268,1.0,0.4256021316918065]
[20576,3767,1.0,0.40830018147825264]
[116706,622,1.0,0.497333716883876]
[60755,622,1.0,0.4438911894284367]
[109356,622,1.0,0.434196864435527]
[67964,67961,1.0,0.9934563718859224]
[67967,67961,1.0,0.9377658052612752]
[67967,67964,1.0,0.9007774419280072]
[87733,70189,1.0,0.40209226137890197]
[86094,3767,1.0,0.4913866476818726]
[11431,3767,1.0,0.43825251730627895]
[67970,67961,1.0,0.9848057105146066]
[67970,67964,1.0,0.9817554360805183]
[67970,67967,1.0,0.8533005915768186]
[116203,622,1.0,0.5366499009199314]
[70189,23677,1.0,0.4152057907541936]
[70189,70186,1.0,0.9952227536000962]
[21043,21040,1.0,0.9711617168363996]
[21046,21043,1.0,0.9711617168363996]
[21046,21040,1.0,0.9952227536000962]
[113314,113311,1.0,0.9921471266607758]
[21049,21043,1.0,0.9711617168363996]
[21049,21046,1.0,0.9952227536000962]
[21049,21040,1.0,0.9952227536000962]
[41605,41602,1.0,0.9952227536000962]
[41352,41349,1.0,0.5259529962121072]
[41352,41346,1.0,0.5869487642034158]
[41352,41343,1.0,0.9922444720626648]
[41349,41346,1.0,0.9821362344347965]
[41349,41343,1.0,0.6065037583526542]
[119023,119020,1.0,0.9909728179801929]
[93550,93547,1.0,0.9017499250788725]
[93550,93544,1.0,0.842597822119746]
[93550,93535,1.0,0.8562674228614054]
[41346,41343,1.0,0.6686649425320006]
[18023,18011,1.0,0.9826277423499531]
[18023,18017,1.0,0.9880441717079389]
[18023,18020,1.0,0.9789336367423018]
[64452,64449,1.0,0.9902913432757028]
[55100,39141,1.0,0.5455975926234652]
[100665,100659,1.0,0.9952227536000962]
[100665,100662,1.0,0.9919123300325283]
[93547,93544,1.0,0.9615237992550866]
[93547,93535,1.0,0.9910149508065733]
[41608,41605,1.0,0.9883652126324259]
[41608,41602,1.0,0.9883652126324259]
[100662,100659,1.0,0.9612008689949058]
[93544,93535,1.0,0.992474673102919]
[52172,52169,1.0,0.9921765974042881]
[18017,18011,1.0,0.9671954395178277]
[111256,111253,1.0,0.9875478803503387]
[55950,48813,1.0,0.41551750575949126]
[52175,52172,1.0,0.9035750560960848]
[52175,52169,1.0,0.9370468187713086]
[18020,18011,1.0,0.9940528687790091]
[18020,18017,1.0,0.9876902230551657]
[79339,79336,1.0,0.9329687430063354]
[79339,79333,1.0,0.9024801307234311]
[79339,79330,1.0,0.9329687430063354]
[66039,66036,1.0,0.9941373313217248]
[79336,79333,1.0,0.9922444720626648]
[79336,79330,1.0,0.9952227536000962]
[79342,79339,1.0,0.9549307912394589]
[79342,79336,1.0,0.9952227536000962]
[79342,79333,1.0,0.9922444720626648]
[79342,79330,1.0,0.9952227536000962]
[66042,66039,1.0,0.9738927710683375]
[66042,66036,1.0,0.9778637470697327]
[4280,4274,1.0,0.7979693641851313]
[4280,4277,1.0,0.7979693641851313]
[79333,79330,1.0,0.9922444720626648]
[4277,4274,1.0,0.9946939993737459]
[100054,84951,1.0,0.5307394794887768]
[84954,84951,1.0,0.9905564682541387]
[84954,84948,1.0,0.9905564682541387]
[106413,84951,1.0,0.448922966678632]
[55633,55630,1.0,0.9944345481179805]
[109641,84951,1.0,0.460574610046986]
[48466,48463,1.0,0.9209901098673113]
[84951,13986,1.0,0.4118991307211283]
[84951,18333,1.0,0.47455695267194775]
[84951,32301,1.0,0.4175108750123892]
[84951,16595,1.0,0.4950127239116642]
[84951,6464,1.0,0.5585177584287779]
[84951,14445,1.0,0.4257042895277706]
[84951,84948,1.0,0.9952227536000962]
[128284,84951,1.0,0.6519870304058393]
[58469,5484,1.0,0.41471424417348257]
[120985,120979,1.0,0.9952227536000962]
[120985,120982,1.0,0.993172515220938]
[69531,69528,1.0,0.9898875668392805]
[120982,120979,1.0,0.9793336946622435]
[19472,19466,1.0,0.9874882310208049]
[19472,19469,1.0,0.9877564672537694]
[19469,19466,1.0,0.9861978773073414]
[102505,20021,1.0,0.4595176373844169]
[67450,67444,1.0,0.9839671506559193]
[67450,67438,1.0,0.9940141113486761]
[67450,67441,1.0,0.9652819230113977]
[67444,67438,1.0,0.9841256751081]
[67444,67441,1.0,0.9720599037020279]
[85423,29625,1.0,0.4674496531894261]
[67441,67438,1.0,0.9654645856089994]
[96624,96618,1.0,0.9837461053407089]
[35182,3341,1.0,0.6007287403538885]
[35182,35179,1.0,0.9086548485886352]
[35182,3347,1.0,0.6024408445452458]
[35182,3344,1.0,0.6007287403538885]
[53435,35182,1.0,0.6013084339869038]
[28992,28983,1.0,0.9938013895486765]
[28992,28986,1.0,0.9796420717956178]
[28992,28989,1.0,0.7627087641297213]
[107979,3341,1.0,0.5132697710371766]
[107979,53435,1.0,0.44946137640188255]
[107979,55488,1.0,0.4210542978887063]
[107979,106443,1.0,0.4327485083391411]
[107979,104779,1.0,0.4929135434753493]
[107979,87520,1.0,0.6267967699853632]
[107979,55491,1.0,0.41346916740983736]
[107979,3344,1.0,0.5132697710371766]
[83484,53435,1.0,0.4617807655475814]
[69601,69598,1.0,0.9856884039860084]
[46824,46821,1.0,0.9922829042183555]
[46824,46818,1.0,0.9738064280243462]
[46824,46815,1.0,0.9947030106268565]
[46821,46818,1.0,0.9297764342355285]
[46821,46815,1.0,0.9840964792826897]
[22684,22681,1.0,0.9604041871857848]
[22684,22678,1.0,0.967649906699982]
[54276,54270,1.0,0.9947262821994]
[107982,3341,1.0,0.46688228395710707]
[107982,107979,1.0,0.9932537467430427]
[107982,55488,1.0,0.43165312393645955]
[107982,104779,1.0,0.4771896685089762]
[107982,87520,1.0,0.6305264008400385]
[107982,55491,1.0,0.4246992449839744]
[107982,3344,1.0,0.46688228395710707]
[104776,104770,1.0,0.9840680018791951]
[46818,46815,1.0,0.9922323843947127]
[92532,35182,1.0,0.6172295329030636]
[92532,56712,1.0,0.6417651871740893]
[22681,22678,1.0,0.992118598480181]
[54279,54276,1.0,0.9789354776904967]
[54279,54270,1.0,0.9863842053828272]
[55488,35182,1.0,0.4279719836608564]
[55488,55482,1.0,0.9923363835724206]
[55488,55485,1.0,0.9900819793773751]
[96771,87520,1.0,0.42312323138385455]
[22687,22684,1.0,0.7549097539919758]
[22687,22681,1.0,0.8688101114187949]
[22687,22678,1.0,0.8688101114187949]
[46827,46824,1.0,0.958513987553854]
[46827,46821,1.0,0.9590811791514356]
[46827,46818,1.0,0.9482845662141721]
[46827,46815,1.0,0.9699577778779833]
[28986,28983,1.0,0.9859022259117493]
[81928,35182,1.0,0.5055735342464006]
[15489,15483,1.0,0.9672168656292677]
[15489,15486,1.0,0.9597365225257686]
[107985,3341,1.0,0.5132697710371766]
[107985,107979,1.0,0.9825361585721515]
[107985,107982,1.0,0.976469124567509]
[107985,92532,1.0,0.4666832568063488]
[107985,55488,1.0,0.4210542978887063]
[107985,106443,1.0,0.4211493020927047]
[107985,81928,1.0,0.4140503573126153]
[107985,9026,1.0,0.4167147848432587]
[107985,104779,1.0,0.4929135434753493]
[107985,87520,1.0,0.6267967699853632]
[107985,55491,1.0,0.41346916740983736]
[107985,3344,1.0,0.5132697710371766]
[56712,3341,1.0,0.5965902620105656]
[56712,55488,1.0,0.4382541256026898]
[56712,55491,1.0,0.4382541256026898]
[56712,3347,1.0,0.6449873031522483]
[56712,3344,1.0,0.5965902620105656]
[15486,15483,1.0,0.9911457621988602]
[104782,104776,1.0,0.9633239801319348]
[104782,104770,1.0,0.9876082873345143]
[104782,104779,1.0,0.9876082873345143]
[104779,35182,1.0,0.40303063096701586]
[104779,104776,1.0,0.9840680018791951]
[104779,104770,1.0,0.9952227536000962]
[104779,56712,1.0,0.6062730438149904]
[119079,119070,1.0,0.9916632362961872]
[87520,35182,1.0,0.5795950316607128]
[87520,11019,1.0,0.40083872028153866]
[55491,35182,1.0,0.4279719836608564]
[55491,55482,1.0,0.9952227536000962]
[55491,55488,1.0,0.9923363835724206]
[55491,15489,1.0,0.40109200086642055]
[55491,55485,1.0,0.9908397224750475]
[55485,55482,1.0,0.9908397224750475]
[3347,3341,1.0,0.9910748851423506]
[3347,3344,1.0,0.9910748851423506]
[3344,3341,1.0,0.9952227536000962]
[28989,28983,1.0,0.7873954394158301]
[28989,28986,1.0,0.6705452448806293]
[44470,44467,1.0,0.9940039305491174]
[79053,79050,1.0,0.9379635822754764]
[79053,79047,1.0,0.9677228141341598]
[79050,79047,1.0,0.9905564682541387]
[106696,106687,1.0,0.46679336319041215]
[106696,106693,1.0,0.4506347118108398]
[106693,106687,1.0,0.9941331399080218]
[79059,79053,1.0,0.9423758001782707]
[79059,79050,1.0,0.9810282305720173]
[79059,79056,1.0,0.977514400504083]
[79059,79047,1.0,0.9893461348183943]
[79056,79053,1.0,0.9363483581743665]
[79056,79050,1.0,0.97979079996411]
[79056,79047,1.0,0.9891164748499857]
[99400,99394,1.0,0.9952227536000962]
[99400,99397,1.0,0.9952227536000962]
[99400,69524,1.0,0.654989497379773]
[70607,70601,1.0,0.9952227536000962]
[805,802,1.0,0.9932757010607894]
[99394,69524,1.0,0.654989497379773]
[99397,99394,1.0,0.9952227536000962]
[99397,69524,1.0,0.654989497379773]
[44468,44465,1.0,0.9905368504291924]
[42501,42498,1.0,0.9725959238491081]
[69524,42604,1.0,0.5454843190575304]
[69524,805,1.0,0.4575675819857776]
[69524,802,1.0,0.4312978229122245]
[70610,70607,1.0,0.9575530179623613]
[70610,70601,1.0,0.9575530179623613]
[70610,69524,1.0,0.525730962489397]
[35289,35286,1.0,0.9945194946989725]
[51159,42949,1.0,0.40614407311231016]
[72848,22296,1.0,0.41490592156475337]
[72848,49622,1.0,0.48962141592758024]
[49622,42949,1.0,0.5646539658518679]
[114894,114888,1.0,0.994754850866769]
[114894,114891,1.0,0.9913573698113053]
[114900,114894,1.0,0.9721082614658657]
[114900,114897,1.0,0.9756456379042907]
[114900,114888,1.0,0.9816422490458986]
[114900,114891,1.0,0.9723065927602901]
[114897,114894,1.0,0.9888103411039121]
[114897,114888,1.0,0.9927904021198166]
[114897,114891,1.0,0.9880725780303585]
[24594,24591,1.0,0.9935126676877665]
[114891,114888,1.0,0.9930676807585843]
[82258,82255,1.0,0.9837005358026847]
[86748,43166,1.0,0.44100458378364854]
[86748,36078,1.0,0.687703992757845]
[86748,37422,1.0,0.42134394423598936]
[86748,28275,1.0,0.7139161237123183]
[86748,53918,1.0,0.5975156265626473]
[86748,12970,1.0,0.7276762253170912]
[86748,64527,1.0,0.43709667241743055]
[86748,53915,1.0,0.5363870642796364]
[86748,16530,1.0,0.7437013832248487]
[86748,6957,1.0,0.46758052961766194]
[86748,61432,1.0,0.4786439567644602]
[86748,82935,1.0,0.4748922901219671]
[86748,77778,1.0,0.4523421363000916]
[86748,61438,1.0,0.4786439567644602]
[86748,16723,1.0,0.48136845220558444]
[86748,80212,1.0,0.41232871588393755]
[86748,49804,1.0,0.5151790506624416]
[86748,32437,1.0,0.48457872636047533]
[86748,61435,1.0,0.4786439567644602]
[86748,55655,1.0,0.49969694355460137]
[86748,37425,1.0,0.4308747487257248]
[86748,4982,1.0,0.4850766488092545]
[86748,28269,1.0,0.7175860939526388]
[86748,37416,1.0,0.4308747487257248]
[86748,53921,1.0,0.6115152302385206]
[89632,86748,1.0,0.40701921623471576]
[91434,86748,1.0,0.4332698866700701]
[117874,86748,1.0,0.40329577750532886]
[37422,16723,1.0,0.4920961211724558]
[37422,37416,1.0,0.9904247844285908]
[37422,37419,1.0,0.9768353784446496]
[123898,86748,1.0,0.404996101988009]
[28275,16723,1.0,0.5613726927855025]
[28275,28269,1.0,0.9946949655673369]
[53918,53915,1.0,0.9877726362494229]
[116524,37422,1.0,0.4551197807475106]
[116524,15856,1.0,0.48763470533355946]
[116524,50490,1.0,0.4043619587361461]
[104251,86748,1.0,0.4266713597687478]
[121072,86748,1.0,0.49865238265886863]
[61438,61432,1.0,0.9952227536000962]
[61438,61435,1.0,0.9952227536000962]
[101832,86748,1.0,0.44370515991850495]
[88237,86748,1.0,0.40032853608045665]
[88237,15856,1.0,0.4756137107823411]
[80212,15856,1.0,0.5101857317511622]
[80212,80206,1.0,0.5616113925513061]
[80212,80209,1.0,0.4431714777382432]
[80206,15856,1.0,0.518365997302338]
[61435,61432,1.0,0.9952227536000962]
[37425,37422,1.0,0.9873017720783435]
[37425,37416,1.0,0.9754727371961704]
[37425,37419,1.0,0.9157395474795668]
[94235,86748,1.0,0.5246576635101947]
[28269,16723,1.0,0.5613726927855025]
[113848,86748,1.0,0.4322308149776114]
[120408,36078,1.0,0.4913230901617703]
[120408,116524,1.0,0.4824687918714862]
[120408,16723,1.0,0.5230344182625105]
[120408,55655,1.0,0.43206071379582967]
[37419,37416,1.0,0.9791546408887897]
[80209,15856,1.0,0.4093286540124943]
[80209,80206,1.0,0.9933984901384654]
[50490,16723,1.0,0.49737133034032166]
[53921,53918,1.0,0.9795479393180372]
[53921,53915,1.0,0.9795479393180372]
[66298,66295,1.0,0.9711977853557142]
[66298,66292,1.0,0.9838250976997761]
[16555,16549,1.0,0.993833290446873]
[16555,16552,1.0,0.9942129708818666]
[16555,16546,1.0,0.9952227536000962]
[66301,66298,1.0,0.9618518391244745]
[66301,66295,1.0,0.9811066221229952]
[66301,66292,1.0,0.9892819917996648]
[93710,85346,1.0,0.490839222160837]
[66759,66756,1.0,0.9823049144053423]
[125961,125958,1.0,0.9952227536000962]
[85346,19254,1.0,0.48532650325369847]
[85346,67203,1.0,0.4545397071999594]
[16549,16546,1.0,0.9850904335330982]
[16552,16549,1.0,0.9822295886456921]
[16552,16546,1.0,0.9942129708818666]
[104626,104623,1.0,0.9934637941520884]
[67203,13077,1.0,0.6745572951668827]
[34257,13077,1.0,0.46915799531687497]
[66762,66756,1.0,0.9929877587963459]
[66762,66759,1.0,0.9789241934956903]
[65122,13077,1.0,0.4408565030308942]
[66295,66292,1.0,0.9938647243311929]
[125964,125961,1.0,0.9952227536000962]
[125964,125958,1.0,0.9952227536000962]
[89851,89848,1.0,0.9931579754637436]
[46348,46345,1.0,0.9952227536000962]
[86240,43558,1.0,0.4610491480884067]
[82551,82548,1.0,0.9821027050173401]
[122194,105385,1.0,0.42643887474069425]
[122194,91396,1.0,0.5374695806255365]
[60418,60415,1.0,0.9948470675066801]
[38220,38214,1.0,0.9780765977659551]
[38220,38217,1.0,0.9652827918849123]
[63450,63447,1.0,0.5511589716625421]
[46351,46348,1.0,0.9435757433873435]
[46351,46345,1.0,0.9435757433873435]
[60424,60418,1.0,0.9689722993907298]
[60424,60415,1.0,0.9709899116325057]
[60424,60421,1.0,0.7088487301613436]
[63453,63450,1.0,0.8771908385679221]
[63453,63447,1.0,0.40083386516071295]
[38217,38214,1.0,0.994754850866769]
[60427,60418,1.0,0.9851718882763114]
[60427,60415,1.0,0.9861735172279613]
[60427,60424,1.0,0.9331781137982554]
[60427,60421,1.0,0.8045626749109781]
[60421,60418,1.0,0.901853639141962]
[60421,60415,1.0,0.9070211231685509]
[78426,78423,1.0,0.9586201657596101]
[78429,78426,1.0,0.9524947604841701]
[78429,78423,1.0,0.9941136090743268]
[78432,78426,1.0,0.9227964831604417]
[78432,78429,1.0,0.9874171391804372]
[78432,78423,1.0,0.9895147614263562]
[57745,57739,1.0,0.7305536866016908]
[57745,57736,1.0,0.5930095794044822]
[57745,57730,1.0,0.9086367612135913]
[57745,57742,1.0,0.848487535714324]
[90873,77712,1.0,0.40120664144692625]
[13107,13098,1.0,0.9877726362494229]
[13107,13101,1.0,0.9877726362494229]
[57739,57736,1.0,0.9297657325352935]
[57739,57730,1.0,0.993588241188578]
[94578,84094,1.0,0.43105183216100657]
[13110,13098,1.0,0.9952227536000962]
[13110,13107,1.0,0.9877726362494229]
[13110,13101,1.0,0.9952227536000962]
[84094,59175,1.0,0.5327026072909853]
[100110,100107,1.0,0.4390133778681115]
[19398,19395,1.0,0.9750276459850774]
[19398,19389,1.0,0.9629599291932154]
[19398,19386,1.0,0.9750276459850774]
[19398,19392,1.0,0.723938606685879]
[77277,13110,1.0,0.4778774256339145]
[30981,30978,1.0,0.9725583622999802]
[13101,13098,1.0,0.9952227536000962]
[72864,13110,1.0,0.43879421270737873]
[19395,19389,1.0,0.99236012770395]
[19395,19386,1.0,0.9952227536000962]
[19395,19392,1.0,0.9226021408957258]
[57736,57730,1.0,0.9441224670515692]
[19389,19386,1.0,0.9945081630075626]
[28959,13110,1.0,0.5815441463202439]
[57742,57739,1.0,0.9790595295205505]
[57742,57736,1.0,0.9050587053266269]
[57742,57730,1.0,0.990515878461667]
[19392,19389,1.0,0.9027311897427435]
[19392,19386,1.0,0.9301936058351131]
[127950,127947,1.0,0.9933550320030448]
[74877,61741,1.0,0.4061222673659676]
[74877,1227,1.0,0.42712607571258926]
[32722,32719,1.0,0.9935047841791984]
[126471,126468,1.0,0.9004497231900326]
[66928,66916,1.0,0.6295114169922092]
[66928,66919,1.0,0.6295114169922092]
[62660,5377,1.0,0.4019096402884191]
[120799,71403,1.0,0.4493437148106696]
[120799,51019,1.0,0.41473868141962694]
[126474,126471,1.0,0.9174659223803576]
[126474,126468,1.0,0.9874845440182507]
[127966,66916,1.0,0.4072861235940821]
[66919,66916,1.0,0.9940528687790091]
[82608,62660,1.0,0.7164570077358191]
[1347,1335,1.0,0.9912184848284086]
[1347,1341,1.0,0.981089699079091]
[1341,1335,1.0,0.9891164748499857]
[40842,40836,1.0,0.9531936826953157]
[73290,73284,1.0,0.9455706692709842]
[73290,73281,1.0,0.9415685838042158]
[73290,73287,1.0,0.9058601166737267]
[73284,73281,1.0,0.9890281216690575]
[46429,46174,1.0,0.7926060813703142]
[73287,73284,1.0,0.9149265378559719]
[73287,73281,1.0,0.9305900249189226]
[36408,35198,1.0,0.4988276240951893]
[46177,46174,1.0,0.9952227536000962]
[116929,82238,1.0,0.43016067540764197]
[116929,6796,1.0,0.5425223923716166]
[19045,6796,1.0,0.5123523178608791]
[125815,125809,1.0,0.9089563357299871]
[125815,125812,1.0,0.8346692684619483]
[125812,125809,1.0,0.9922323843947127]
[110898,110892,1.0,0.759804658097938]
[21327,21324,1.0,0.9278642437672613]
[21327,21318,1.0,0.9704444682878425]
[21324,21318,1.0,0.9912607825552074]
[113985,64352,1.0,0.406004677169873]
[123573,113985,1.0,0.5597332184135874]
[21330,21327,1.0,0.9394925340668583]
[21330,21324,1.0,0.9324016664248398]
[21330,21318,1.0,0.9722384473811754]
[49966,49960,1.0,0.9777847892597694]
[87372,87369,1.0,0.993833290446873]
[48327,48321,1.0,0.7035108077553601]
[64575,64566,1.0,0.989559191235293]
[64575,64569,1.0,0.9706755918988121]
[64569,64566,1.0,0.980207474783232]
[64578,64566,1.0,0.867209264374076]
[64578,64575,1.0,0.7039827176861301]
[64578,64569,1.0,0.7037539711657497]
[130510,22767,1.0,0.41728452446034336]
[130510,130434,1.0,0.44182268793821916]
[10543,4907,1.0,0.47186992315300497]
[60808,4907,1.0,0.47960861478957706]
[61631,4907,1.0,0.4986446465687871]
[64743,4907,1.0,0.47099221237728967]
[73032,64743,1.0,0.49737725274624517]
[73032,64746,1.0,0.5048921818636815]
[18330,18327,1.0,0.9852340543919595]
[27596,27593,1.0,0.9843827654206755]
[64749,64743,1.0,0.9952227536000962]
[64749,64746,1.0,0.9783601469724393]
[64746,64743,1.0,0.979579259529299]
[64746,4907,1.0,0.47468464294094037]
[112006,47208,1.0,0.40649258687008794]
[126789,47208,1.0,0.43823962842603614]
[126789,126783,1.0,0.9636038852061665]
[126789,126786,1.0,0.9703367513359816]
[126786,126783,1.0,0.9289492172806225]
[73560,73557,1.0,0.985347034444919]
[36718,36715,1.0,0.9904681116320804]
[36721,36715,1.0,0.9751590486828446]
[36721,36718,1.0,0.9655458072814417]
[89363,89360,1.0,0.8422833729291235]
[89363,89357,1.0,0.8426375596574817]
[87176,87173,1.0,0.99379492272998]
[89360,89357,1.0,0.9938691109628636]
[89366,89363,1.0,0.8186898232555101]
[89366,89360,1.0,0.9562165866482285]
[89366,89357,1.0,0.9579861081394537]
[89369,89363,1.0,0.7238344600949993]
[89369,89360,1.0,0.9931462053637004]
[89369,89366,1.0,0.9522964826773501]
[89369,89357,1.0,0.9940141113486761]
[101032,101026,1.0,0.9944593134433789]
[87179,87173,1.0,0.985633238130516]
[87179,87176,1.0,0.9818273040122579]
[87179,62024,1.0,0.40408727021775287]
[113307,113304,1.0,0.9852473946591458]
[113310,113307,1.0,0.9759420560593248]
[113310,113304,1.0,0.9900592205763161]
[12023,12011,1.0,0.9810613472951727]
[12023,12014,1.0,0.9818497963517954]
[12023,12017,1.0,0.90715096047851]
[12023,12020,1.0,0.9454186538376436]
[12014,12011,1.0,0.9952227536000962]
[12017,12011,1.0,0.9613767784661456]
[12017,12014,1.0,0.9809189425083831]
[113313,113307,1.0,0.9879375675651033]
[113313,113310,1.0,0.9900592205763161]
[113313,113304,1.0,0.9952227536000962]
[12020,12011,1.0,0.9830296712139768]
[12020,12014,1.0,0.9830296712139768]
[12020,12017,1.0,0.9558396625142487]
[72853,61835,1.0,0.43433751895090655]
[39933,39930,1.0,0.986561341032257]
[10143,10140,1.0,0.9839056397973164]
[10143,10137,1.0,0.9892472898460123]
[10143,10134,1.0,0.9952227536000962]
[10146,10143,1.0,0.7598795160872688]
[10146,10140,1.0,0.5577423229360472]
[10146,10137,1.0,0.9634186442907738]
[10146,10134,1.0,0.7598795160872688]
[10140,10137,1.0,0.9892472898460123]
[10140,10134,1.0,0.9938804711395797]
[10137,10134,1.0,0.9868178120029087]
[77356,77353,1.0,0.9952227536000962]
[94776,94773,1.0,0.9812192359431602]
[94779,94773,1.0,0.979892152066067]
[94779,94776,1.0,0.967166710409703]
[121893,121890,1.0,0.970561098675823]
[121893,121887,1.0,0.9726726430950455]
[121893,121884,1.0,0.9652763269669895]
[121890,121887,1.0,0.984672983231054]
[121890,121884,1.0,0.984672983231054]
[121887,121884,1.0,0.9911457621988602]
[18644,18641,1.0,0.9530407745467243]
[17716,17713,1.0,0.9279952564713262]
[17716,17710,1.0,0.7289192240940594]
[17716,17707,1.0,0.9435322782706765]
[21387,21384,1.0,0.9905564682541387]
[17713,17710,1.0,0.9125649353729993]
[17713,17707,1.0,0.9928858644117535]
[17719,17716,1.0,0.9177000249295204]
[17719,17713,1.0,0.9841071971854023]
[17719,17710,1.0,0.8555579999132299]
[17719,17707,1.0,0.9891164748499857]
[21390,21387,1.0,0.9390237901841928]
[21390,21384,1.0,0.9683098364020976]
[17710,17707,1.0,0.9242242418590552]
[110104,53881,1.0,0.49367839631469934]
[91544,91538,1.0,0.9902548312638412]
[91544,91532,1.0,0.9952227536000962]
[91544,91535,1.0,0.9937353308824888]
[72987,72981,1.0,0.7663560913572014]
[72987,72984,1.0,0.9519823029931788]
[72987,72978,1.0,0.9168900715061155]
[72987,72975,1.0,0.9725873029554504]
[122445,26854,1.0,0.4120298426939076]
[72981,72978,1.0,0.7651965380193255]
[72981,72975,1.0,0.9152554767375308]
[15069,15063,1.0,0.9875478803503387]
[15069,15066,1.0,0.5528873264623749]
[14393,14384,1.0,0.9932537467430427]
[14393,14387,1.0,0.9882233356785584]
[14393,14390,1.0,0.8681031384789312]
[91538,91532,1.0,0.9902548312638412]
[91538,91535,1.0,0.9874182097881059]
[72984,72981,1.0,0.8535586490684858]
[72984,72978,1.0,0.981296795751561]
[72984,72975,1.0,0.9884976622176969]
[61203,61200,1.0,0.9947262821994]
[5513,5507,1.0,0.9914408901528478]
[3261,3258,1.0,0.9856859047962578]
[22246,16191,1.0,0.4274429430931152]
[72978,72975,1.0,0.9891101026332965]
[71626,71623,1.0,0.9952227536000962]
[75276,75273,1.0,0.9737908990994814]
[14387,14384,1.0,0.9914756223331858]
[91535,91532,1.0,0.9937353308824888]
[15066,15063,1.0,0.7005455147337579]
[14390,14384,1.0,0.9332356338757972]
[14390,14387,1.0,0.894769093528916]
[72990,72987,1.0,0.9673752294772932]
[72990,72981,1.0,0.8867403415221135]
[72990,72984,1.0,0.9836120833787979]
[72990,72978,1.0,0.9725972703563144]
[72990,72975,1.0,0.9930750981066655]
[127048,127045,1.0,0.9931484548490003]
[127051,127048,1.0,0.9674504967235361]
[127051,127045,1.0,0.9904337421865785]
[29232,27622,1.0,0.4096328733836276]
[118788,118785,1.0,0.9881778960859826]
[118788,118782,1.0,0.9770837226289398]
[118788,118779,1.0,0.9919618387141543]
[118785,118782,1.0,0.9788642684981947]
[118785,118779,1.0,0.9927742648919292]
[118782,118779,1.0,0.9882722047903715]
[123138,123129,1.0,0.9070211231685509]
[123138,123135,1.0,0.8661006399499557]
[123135,123129,1.0,0.9793566125267429]
[3099,2944,1.0,0.5383842011271155]
[106254,106251,1.0,0.9942819304487751]
[90608,61439,1.0,0.4544319546551381]
[41656,39205,1.0,0.41601874254777094]
[115813,115810,1.0,0.9938925859194798]
[101286,41656,1.0,0.43662464954390945]
[101286,39202,1.0,0.42600157999956384]
[39205,39199,1.0,0.9866423881762002]
[39205,39202,1.0,0.9782873926714568]
[70857,70854,1.0,0.9907435905173967]
[39202,39199,1.0,0.9859081417435415]
[90320,90317,1.0,0.9952227536000962]
[90323,90320,1.0,0.9654095141188607]
[90323,90317,1.0,0.9654095141188607]
[95358,95352,1.0,0.9918818867765093]
[95358,95355,1.0,0.9918818867765093]
[97555,86046,1.0,0.4345489848014524]
[95355,95352,1.0,0.9952227536000962]
[37962,37959,1.0,0.9792541886531454]
[71158,71155,1.0,0.9881761805738833]
[59434,59431,1.0,0.9917175806805817]
[32535,32529,1.0,0.9843423965679126]
[59440,59434,1.0,0.9761542896980889]
[59440,59431,1.0,0.9830125465305419]
[59440,59437,1.0,0.9952227536000962]
[50311,50305,1.0,0.9903173712818844]
[103848,48741,1.0,0.7226399675324812]
[71161,71158,1.0,0.9855355497857207]
[71161,71155,1.0,0.9881761805738833]
[34325,34322,1.0,0.987617838859818]
[59437,59434,1.0,0.9886063750236518]
[59437,48741,1.0,0.5191904599182475]
[59437,59431,1.0,0.9952227536000962]
[42212,42206,1.0,0.9876627276831481]
[94714,94708,1.0,0.9926297125923712]
[94714,94711,1.0,0.9748382195654571]
[94714,69776,1.0,0.44347579264125236]
[94714,94705,1.0,0.9825528885453623]
[82555,82552,1.0,0.9798454398674021]
[43621,14215,1.0,0.4228501726223904]
[90817,90814,1.0,0.6478355049480505]
[128806,60311,1.0,0.4562802526838307]
[128806,128803,1.0,0.9907453314477414]
[59687,39212,1.0,0.5746104798228918]
[65734,65728,1.0,0.9723303526480503]
[65734,65731,1.0,0.9903078207272886]
[60311,52343,1.0,0.5464878007370215]
[35741,35738,1.0,0.9938467974931987]
[82561,82552,1.0,0.9913719155278211]
[82561,82555,1.0,0.988193222520007]
[82561,82558,1.0,0.9911782888051507]
[115713,94714,1.0,0.5056259675121768]
[115713,115710,1.0,0.9788086685986627]
[115713,27350,1.0,0.4054007017573824]
[115713,65737,1.0,0.4133401187672239]
[115710,94714,1.0,0.5060256054186232]
[115710,27350,1.0,0.4285721587984108]
[115710,65737,1.0,0.4141563689049107]
[94708,94705,1.0,0.9521671126173993]
[94711,94708,1.0,0.9844089331551138]
[94711,94705,1.0,0.9828946572860252]
[123456,123447,1.0,0.9622379056321977]
[123456,123453,1.0,0.9320889291793717]
[123453,123447,1.0,0.9904170844565569]
[39307,39304,1.0,0.9886879033032603]
[39310,39304,1.0,0.9918519935652264]
[39310,39307,1.0,0.981692854469506]
[69776,55698,1.0,0.49382958856759046]
[69776,27350,1.0,0.4777017183330076]
[69776,65731,1.0,0.7704822359823541]
[69776,65737,1.0,0.5627427850585649]
[97938,27350,1.0,0.46418037303504145]
[51304,51301,1.0,0.9922241080961267]
[86996,16364,1.0,0.5236854462462731]
[85259,55698,1.0,0.4042197373876704]
[55701,55698,1.0,0.9658710634157666]
[55701,55695,1.0,0.9658710634157666]
[82558,82552,1.0,0.9946572280446236]
[82558,82555,1.0,0.9853761655448096]
[111294,39212,1.0,0.45032095760577445]
[109272,60311,1.0,0.48961163336296964]
[55698,6244,1.0,0.4069273570591667]
[55698,7855,1.0,0.5097237306329844]
[55698,55695,1.0,0.9952227536000962]
[27350,19200,1.0,0.41156472166532543]
[51307,51301,1.0,0.9939166559028879]
[51307,51304,1.0,0.9854424046911595]
[95044,16364,1.0,0.5565742980870393]
[115716,94714,1.0,0.5060256054186232]
[115716,115713,1.0,0.95269382265176]
[115716,115710,1.0,0.9952227536000962]
[115716,27350,1.0,0.4285721587984108]
[115716,65737,1.0,0.4141563689049107]
[124077,94714,1.0,0.5973363558021941]
[124077,115710,1.0,0.4413398282551459]
[124077,55698,1.0,0.7066349582344941]
[124077,6244,1.0,0.44011167808945467]
[124077,27350,1.0,0.5476870583296235]
[124077,86323,1.0,0.4926447189581569]
[124077,115716,1.0,0.4413398282551459]
[124077,107742,1.0,0.6758146004840432]
[124077,65737,1.0,0.4317157827794337]
[111681,27350,1.0,0.5175677533990082]
[107742,78635,1.0,0.5711465166805083]
[65731,65728,1.0,0.9752362314294436]
[128803,60311,1.0,0.4562802526838307]
[65737,65734,1.0,0.8665280289886254]
[65737,65728,1.0,0.9694660095748755]
[65737,65731,1.0,0.8408853335714228]
[123156,85305,1.0,0.41799420918180064]
[123156,101736,1.0,0.5164863043126138]
[57645,57642,1.0,0.9784905097086904]
[131944,131941,1.0,0.9877726362494229]
[131944,103767,1.0,0.4111994127202991]
[131944,27185,1.0,0.5081583854461688]
[70395,67038,1.0,0.4310983692290788]
[57648,57645,1.0,0.9862433106367031]
[57648,57642,1.0,0.9796934483469447]
[124237,124234,1.0,0.9673681309684957]
[131950,131944,1.0,0.939293399266759]
[131950,131941,1.0,0.9688841572779398]
[131950,131947,1.0,0.8211528088422544]
[74120,11109,1.0,0.4825060878298612]
[74120,57181,1.0,0.43355918074371796]
[74120,27185,1.0,0.402779584613799]
[74120,46018,1.0,0.4229553635258475]
[74120,13535,1.0,0.43794155837991805]
[101736,35045,1.0,0.45979796689595226]
[35045,11109,1.0,0.41586719606553757]
[131947,131944,1.0,0.9624414801209603]
[131947,131941,1.0,0.9770966439661697]
[108640,67428,1.0,0.6462767960683842]
[108640,85305,1.0,0.46617697020599697]
[67038,11109,1.0,0.44864569908488455]
[36087,36084,1.0,0.992032811459589]
[36090,36087,1.0,0.9549598527735738]
[36090,36084,1.0,0.9620464538739165]
[95439,80740,1.0,0.5712840636735113]
[24370,24367,1.0,0.9952227536000962]
[104961,71341,1.0,0.514749516366252]
[103515,85077,1.0,0.4306419128084423]
[85313,85307,1.0,0.9952227536000962]
[71341,71332,1.0,0.9748306560875212]
[85319,85307,1.0,0.9219996120994972]
[85319,85313,1.0,0.9293816420034134]
[123076,123073,1.0,0.9678567840627594]
[123082,123076,1.0,0.9894982411395565]
[123082,123073,1.0,0.9938947885674119]
[123082,123079,1.0,0.9929513515168489]
[25931,25928,1.0,0.980996709621054]
[123079,123076,1.0,0.977863563171226]
[123079,123073,1.0,0.9806596519731404]
[82377,42884,1.0,0.5939659380381429]
[90734,42884,1.0,0.43927141126339325]
[90734,7857,1.0,0.5042541145249761]
[90734,7851,1.0,0.5042541145249761]
[90734,7860,1.0,0.5042541145249761]
[42884,16422,1.0,0.5725317161389359]
[42884,31804,1.0,0.8637840031306765]
[42884,41298,1.0,0.6507763712381314]
[7857,7851,1.0,0.9952227536000962]
[38518,38515,1.0,0.9938467974931987]
[43196,42884,1.0,0.6081702934078781]
[38521,38518,1.0,0.6965537510659404]
[38521,38515,1.0,0.6732395548460447]
[7860,7857,1.0,0.9952227536000962]
[7860,7851,1.0,0.9952227536000962]
[24476,24467,1.0,0.9936734116065394]
[24476,24470,1.0,0.984450181166849]
[34150,4968,1.0,0.49411660777017347]
[24470,24467,1.0,0.9877726362494229]
[120432,24467,1.0,0.4200109112218918]
[120432,24476,1.0,0.4186811561573576]
[105357,61720,1.0,0.5585465389153806]
[105357,53576,1.0,0.4466114293191161]
[85131,53576,1.0,0.4120224112587108]
[89873,49177,1.0,0.498265192234791]
[100387,66106,1.0,0.5048196000393494]
[61720,26765,1.0,0.4285874686496868]
[83776,53576,1.0,0.44918393470469714]
[53576,26765,1.0,0.4270906099092995]
[53576,51265,1.0,0.4870074392763822]
[53576,6400,1.0,0.5076210824266985]
[2486,2483,1.0,0.9931287428809983]
[66106,10920,1.0,0.4694190798880109]
[66106,35293,1.0,0.5236255386220506]
[66106,51854,1.0,0.6142709402904615]
[66106,20307,1.0,0.4879182739052241]
[66106,43861,1.0,0.46603970669374756]
[79219,66106,1.0,0.4016286180660435]
[85338,35293,1.0,0.4270826235568329]
[85338,2483,1.0,0.5109861416475423]
[85338,2486,1.0,0.4993445227266641]
[131569,66106,1.0,0.5886934169123266]
[96559,61720,1.0,0.4048920526121401]
[73814,53576,1.0,0.6464778455385837]
[67217,67214,1.0,0.9570461408720213]
[64098,64092,1.0,0.9938467974931987]
[96163,96157,1.0,0.9853632553554731]
[96163,96160,1.0,0.9781269315692571]
[96160,96157,1.0,0.9920782807423241]
[70484,25777,1.0,0.4139526739612266]
[56856,56850,1.0,0.9952227536000962]
[121683,104196,1.0,0.47638521850010057]
[7969,7963,1.0,0.9921858371733602]
[104196,7963,1.0,0.41650293821373086]
[27359,27356,1.0,0.9517170805721143]
[50426,50423,1.0,0.9783487862840237]
[36929,36926,1.0,0.9873017720783435]
[64999,36929,1.0,0.6621011860855198]
[56975,56972,1.0,0.9933677579237732]
[36932,36929,1.0,0.9904247844285908]
[36932,36926,1.0,0.9851281100581999]
[109431,57421,1.0,0.43965776266817813]
[109440,109431,1.0,0.9901897654318005]
[109440,57421,1.0,0.43965776266817813]
[109440,109434,1.0,0.9793136451911016]
[109440,109437,1.0,0.9335736409775364]
[64251,57421,1.0,0.6809963325917261]
[89199,57421,1.0,0.516119878828898]
[107133,57421,1.0,0.5336713748721054]
[107133,107124,1.0,0.9947262821994]
[107133,107127,1.0,0.9916544791997739]
[57421,10923,1.0,0.4600083366823206]
[57421,42685,1.0,0.5175782789429134]
[57421,9004,1.0,0.44266066704168144]
[57421,21125,1.0,0.47768155219144665]
[57421,29409,1.0,0.5808638698631974]
[57421,22254,1.0,0.6081328789785035]
[57421,22851,1.0,0.48371368974193635]
[57421,38009,1.0,0.45160103983823413]
[57421,23687,1.0,0.556132438372269]
[57421,54824,1.0,0.4545620853924996]
[57421,10386,1.0,0.46463067927413876]
[107124,57421,1.0,0.5383221778383346]
[109434,109431,1.0,0.980202448118756]
[109434,57421,1.0,0.43965776266817813]
[84537,57421,1.0,0.4192160718324585]
[78174,57421,1.0,0.7795400038468518]
[107127,57421,1.0,0.49861414058669845]
[107127,107124,1.0,0.9923958418221456]
[109437,109431,1.0,0.980235881720559]
[109437,57421,1.0,0.4045373089380967]
[109437,109434,1.0,0.9347041093134394]
[70731,57421,1.0,0.4206770001029804]
[91691,91688,1.0,0.9952227536000962]
[91691,5139,1.0,0.47304970882602315]
[91391,58039,1.0,0.7035132696659181]
[14527,14524,1.0,0.9936650057467088]
[101440,101428,1.0,0.9936734116065394]
[101440,101434,1.0,0.9732596471782105]
[101440,101437,1.0,0.9884606206953142]
[101434,101428,1.0,0.9581376297933882]
[101437,101428,1.0,0.9822852544540085]
[101437,101434,1.0,0.9428270026015542]
[101443,101428,1.0,0.9701108131389997]
[101443,101440,1.0,0.9820053092310498]
[101443,101434,1.0,0.9521241747924271]
[101443,101437,1.0,0.9704562861572469]
[61245,4530,1.0,0.4376810286482339]
[85416,85413,1.0,0.9007566152676754]
[9852,9849,1.0,0.8409108625738931]
[9855,9849,1.0,0.9367407106831472]
[9855,9852,1.0,0.8035179494038797]
[40660,37790,1.0,0.4088713897885667]
[44709,37790,1.0,0.5702536328569644]
[40638,40635,1.0,0.9936805223337043]
[115332,37790,1.0,0.5042148295943605]
[115344,37790,1.0,0.5042148295943605]
[115344,115332,1.0,0.9943811016251962]
[115344,115335,1.0,0.9726803430251248]
[115335,37790,1.0,0.5042148295943605]
[115335,115332,1.0,0.9830125465305419]
[69471,69468,1.0,0.9824734667533334]
[69471,69465,1.0,0.9886123641348816]
[23758,23749,1.0,0.9634714963974343]
[23758,23755,1.0,0.7738966397837009]
[14868,14865,1.0,0.9877726362494229]
[69468,37218,1.0,0.47876031992955365]
[69468,69465,1.0,0.9923958418221456]
[67845,17172,1.0,0.5301592383186075]
[67845,17169,1.0,0.5630077654121742]
[67845,17175,1.0,0.5630077654121742]
[58719,58716,1.0,0.9905564682541387]
[27494,27491,1.0,0.9900592205763161]
[69474,69471,1.0,0.9952227536000962]
[69474,69468,1.0,0.9923958418221456]
[69474,7228,1.0,0.49803240312462566]
[69474,69465,1.0,0.9952227536000962]
[58722,58716,1.0,0.9952227536000962]
[58722,58719,1.0,0.9905564682541387]
[17172,17169,1.0,0.9835933092060454]
[116409,103407,1.0,0.40467106038224465]
[1956,1953,1.0,0.9530355909934298]
[58725,58716,1.0,0.9666894734679428]
[58725,58719,1.0,0.9810720697811444]
[58725,58722,1.0,0.9666894734679428]
[119247,119244,1.0,0.9921471266607758]
[14871,14868,1.0,0.9742682474344861]
[14871,14865,1.0,0.9892853335740183]
[69477,69471,1.0,0.9725426382949499]
[69477,69468,1.0,0.9923958418221456]
[69477,69474,1.0,0.9938467974931987]
[69477,69465,1.0,0.9938467974931987]
[23755,23749,1.0,0.8975598166051222]
[23755,23752,1.0,0.5654490053811464]
[29221,29218,1.0,0.9796472217428074]
[17175,17172,1.0,0.9535743711946306]
[17175,17169,1.0,0.9847507843175735]
[58728,58716,1.0,0.863353506293428]
[58728,58719,1.0,0.8130719380178694]
[58728,58722,1.0,0.863353506293428]
[58728,58725,1.0,0.7909336726555268]
[1959,1953,1.0,0.9887436478106695]
[1959,1956,1.0,0.951753607824612]
[121027,935,1.0,0.6045323143143227]
[121165,76611,1.0,0.41433059044912324]
[121165,17671,1.0,0.42687373676009815]
[121165,20572,1.0,0.8070350396610618]
[23752,23749,1.0,0.5993448813935245]
[124216,9172,1.0,0.5573053454255804]
[9225,9219,1.0,0.9881761805738833]
[132363,5158,1.0,0.4314157781563134]
[4941,4938,1.0,0.9860744499709282]
[62357,9172,1.0,0.5163169317157549]
[9172,2333,1.0,0.49815522721907185]
[115240,115234,1.0,0.9804039799162887]
[115243,115234,1.0,0.9874882310208049]
[115243,115240,1.0,0.9717908895784794]
[48036,48033,1.0,0.9851234861400774]
[25237,25234,1.0,0.9319922498446136]
[23272,23266,1.0,0.991651635842905]
[23272,23269,1.0,0.9864156127886646]
[23269,23266,1.0,0.991826318187361]
[45406,7589,1.0,0.4110914442680776]
[23278,23266,1.0,0.9900592205763161]
[23278,23272,1.0,0.9762954980683874]
[23278,23269,1.0,0.9838720593151549]
[23278,23275,1.0,0.9864329714632974]
[121989,17534,1.0,0.4315596492968932]
[121989,77539,1.0,0.4284099912837551]
[121989,45406,1.0,0.4347524488615587]
[121989,29767,1.0,0.49741855146180386]
[121989,43738,1.0,0.42647094882934206]
[121989,121986,1.0,0.9810427140335656]
[121989,17914,1.0,0.4256925191583096]
[56709,17534,1.0,0.6180028380127812]
[23275,23266,1.0,0.988536350152557]
[23275,23272,1.0,0.9731881563883258]
[23275,23269,1.0,0.9815781462436115]
[65801,17534,1.0,0.4839571622768143]
[65801,45406,1.0,0.6521599589946758]
[65801,43738,1.0,0.4401310478366034]
[65801,17914,1.0,0.46996170131156784]
[17914,7589,1.0,0.5135625956547849]
[92887,92884,1.0,0.9878393805203066]
[92572,14551,1.0,0.4253958350313631]
[92572,31088,1.0,0.8566734030741594]
[92572,66786,1.0,0.41793362885947394]
[92572,52621,1.0,0.43998693429594127]
[92572,74295,1.0,0.47191456275490984]
[88176,88173,1.0,0.9853107645707897]
[31088,14551,1.0,0.7461998700457811]
[88812,14607,1.0,0.4282891514109256]
[66786,31088,1.0,0.47830078352435124]
[88179,88176,1.0,0.9895707056247579]
[88179,88173,1.0,0.9935292479653834]
[52621,31088,1.0,0.5659677432466884]
[74295,27113,1.0,0.45487542529271685]
[92578,92572,1.0,0.9927904021198166]
[92578,14551,1.0,0.4253958350313631]
[92578,31088,1.0,0.8566734030741594]
[92578,52621,1.0,0.4396193642533914]
[92578,74295,1.0,0.47191456275490984]
[92890,92887,1.0,0.9191071695559508]
[92890,92884,1.0,0.9707544471677091]
[11828,9305,1.0,0.4187911789315547]
[76124,74295,1.0,0.4312887971901023]
[127228,9305,1.0,0.5283945164066888]
[127228,84181,1.0,0.4601376643695874]
[109809,109806,1.0,0.7716788107064712]
[57159,57153,1.0,0.9930676807585843]
[57159,57156,1.0,0.9524463860931424]
[15472,15460,1.0,0.9952227536000962]
[15472,15469,1.0,0.9839031152388553]
[15472,15466,1.0,0.9779784329707208]
[15472,15463,1.0,0.9020255041331998]
[27965,27962,1.0,0.9859837102426589]
[116869,116860,1.0,0.9817557885719632]
[74116,40091,1.0,0.4307475161498052]
[62883,62880,1.0,0.6783152921496566]
[73090,27302,1.0,0.5765182909210362]
[73090,40091,1.0,0.5828421281371337]
[84802,38003,1.0,0.4457248938493506]
[4499,4490,1.0,0.985263438323178]
[4499,4493,1.0,0.9285919712826055]
[109812,109809,1.0,0.7185638315401175]
[109812,109806,1.0,0.9923958418221456]
[15469,15460,1.0,0.9893525123480461]
[15469,15466,1.0,0.9561055065360536]
[15469,15463,1.0,0.852811259599709]
[15466,15460,1.0,0.9779784329707208]
[15466,15463,1.0,0.8486486181502341]
[73093,73090,1.0,0.9945658731879131]
[73093,27302,1.0,0.5498241747089728]
[73093,40091,1.0,0.7147116166426308]
[40091,4493,1.0,0.44043321278172]
[57156,57153,1.0,0.9875376747792189]
[15463,15460,1.0,0.9020255041331998]
[4493,4490,1.0,0.9723698056811592]
[27968,27965,1.0,0.9580554546125325]
[27968,27962,1.0,0.9918756543936526]
[26397,26391,1.0,0.9921053566973878]
[26397,26394,1.0,0.9877318902162419]
[26394,26391,1.0,0.994754850866769]
[42374,42371,1.0,0.9952227536000962]
[122782,122779,1.0,0.9842672557588723]
[109891,25346,1.0,0.5067465940734999]
[131770,122788,1.0,0.5609764279460193]
[122785,122782,1.0,0.9391538949361325]
[122785,122779,1.0,0.9905564682541387]
[122788,122782,1.0,0.9877726362494229]
[122788,122779,1.0,0.9952227536000962]
[122788,122785,1.0,0.9905564682541387]
[122788,25346,1.0,0.5366486127816019]
