[28608,28605,1.0,0.985700732946892]
[28611,28608,1.0,0.9772481201372846]
[28611,28605,1.0,0.9952227536000962]
[85010,85007,1.0,0.9862664485557137]
[85010,85004,1.0,0.9877726362494229]
[85007,85004,1.0,0.9913719155278211]
[107551,107545,1.0,0.9779038722997575]
[107551,107548,1.0,0.9568430627150535]
[104905,29145,1.0,0.45862833355715654]
[29145,21248,1.0,0.5175237564425598]
[33279,33270,1.0,0.9949181171750051]
[33279,33273,1.0,0.9605357674959222]
[33279,33276,1.0,0.9805199459278537]
[30034,29145,1.0,0.4957771267743074]
[112444,112438,1.0,0.9937807051809457]
[33273,33270,1.0,0.9497314269496132]
[88576,29145,1.0,0.7592352393158882]
[107548,107545,1.0,0.9905564682541387]
[131181,131178,1.0,0.9946939993737459]
[130915,29145,1.0,0.46063990529018645]
[33276,33270,1.0,0.9813794534602786]
[33276,33273,1.0,0.892956831322267]
[131184,21248,1.0,0.45071929733678767]
[131184,131178,1.0,0.9905564682541387]
[131184,131181,1.0,0.9835389623342303]
[25844,25838,1.0,0.97979079996411]
[69394,69391,1.0,0.9939287085123063]
[72860,72857,1.0,0.9952227536000962]
[103972,103966,1.0,0.9913719155278211]
[103972,78561,1.0,0.43221825042302064]
[103972,69946,1.0,0.43829464120385014]
[103972,103969,1.0,0.9952227536000962]
[103972,64846,1.0,0.42077450728320337]
[72419,72413,1.0,0.9779975060757051]
[72419,72410,1.0,0.9847056093121043]
[72419,69946,1.0,0.679059424194354]
[72419,56396,1.0,0.440367937037452]
[72419,72416,1.0,0.9847056093121043]
[72413,72410,1.0,0.9927742648919292]
[72413,69946,1.0,0.741564872372771]
[72413,56396,1.0,0.5417280674010211]
[72413,64846,1.0,0.5520909048025617]
[72413,63804,1.0,0.41697305010078106]
[69943,69940,1.0,0.9631128910759434]
[72410,69946,1.0,0.6607331818265643]
[72410,56396,1.0,0.4548949622247833]
[72410,64846,1.0,0.4264914194369822]
[78561,72413,1.0,0.4760348861710076]
[78561,13775,1.0,0.43990054094879283]
[78561,63801,1.0,0.4347918795938045]
[78561,30061,1.0,0.4784540625545483]
[78561,63804,1.0,0.4347918795938045]
[78561,72416,1.0,0.4760348861710076]
[69946,69943,1.0,0.9877726362494229]
[69946,69940,1.0,0.9952227536000962]
[128788,128785,1.0,0.994754850866769]
[63807,63801,1.0,0.960698665802669]
[63807,63804,1.0,0.960698665802669]
[103969,103966,1.0,0.9952227536000962]
[103969,76281,1.0,0.41981148901951526]
[103969,66007,1.0,0.7780189358969446]
[128791,128788,1.0,0.9700335760368728]
[128791,128785,1.0,0.9822919946743193]
[64846,13775,1.0,0.5227639803727508]
[69949,69943,1.0,0.9752374628600756]
[69949,69940,1.0,0.9747782028687056]
[69949,69946,1.0,0.9952227536000962]
[112599,78561,1.0,0.4313629786253199]
[112599,69946,1.0,0.5431795730701602]
[112599,63804,1.0,0.5932672315505894]
[63804,63801,1.0,0.9952227536000962]
[128794,128788,1.0,0.9752578527261447]
[128794,128791,1.0,0.9710043488840882]
[128794,128785,1.0,0.97567207274782]
[72422,72419,1.0,0.9808033276441047]
[72422,72413,1.0,0.9927742648919292]
[72422,72410,1.0,0.9877726362494229]
[72422,69946,1.0,0.7379236799827615]
[72422,56396,1.0,0.4548949622247833]
[72422,64846,1.0,0.4963413156361921]
[72422,72416,1.0,0.9952227536000962]
[103975,103966,1.0,0.9844604257293034]
[103975,103972,1.0,0.9827001834775246]
[103975,103969,1.0,0.9927543544888627]
[72416,72413,1.0,0.9927742648919292]
[72416,72410,1.0,0.9952227536000962]
[72416,69946,1.0,0.772010996074653]
[72416,56396,1.0,0.5417280674010211]
[72416,64846,1.0,0.5253756323876794]
[45229,45226,1.0,0.9923138789423898]
[69266,69260,1.0,0.9929864502107044]
[69266,69263,1.0,0.9647909599566599]
[69269,69266,1.0,0.9848349049760171]
[69269,69260,1.0,0.989407852456963]
[69269,69263,1.0,0.950200289069148]
[30015,30012,1.0,0.9952227536000962]
[69263,69260,1.0,0.9745854758531162]
[118192,113403,1.0,0.5780517878480724]
[118192,84261,1.0,0.5362004157899359]
[118192,44860,1.0,0.5556564180876691]
[133086,84261,1.0,0.4434633468739902]
[1434,1431,1.0,0.9919130404558051]
[89441,44860,1.0,0.5687902885579398]
[103005,44860,1.0,0.5082313377129379]
[55972,44860,1.0,0.4915999030626415]
[1437,1434,1.0,0.8747287865362969]
[1437,1431,1.0,0.9337673799554556]
[8168,8165,1.0,0.9927904021198166]
[31356,31350,1.0,0.738720974264421]
[34491,31356,1.0,0.44925918727744907]
[34491,1440,1.0,0.4233374337168718]
[34491,29720,1.0,0.4141429260052939]
[8171,8165,1.0,0.9877726362494229]
[8171,8168,1.0,0.9833514052893394]
[1440,1434,1.0,0.972743673448974]
[1440,1437,1.0,0.9454531909128985]
[1440,1431,1.0,0.987788603090753]
[34494,1437,1.0,0.42522217517537414]
[34494,31356,1.0,0.44925918727744907]
[34494,34491,1.0,0.9890515500091113]
[34494,1431,1.0,0.4284424088334761]
[34494,29720,1.0,0.40259999960821113]
[31362,31350,1.0,0.9161599641494883]
[31362,31359,1.0,0.9007969669191428]
[113403,55972,1.0,0.4033990134592441]
[113403,84261,1.0,0.6368427911831535]
[84261,1434,1.0,0.491885167360529]
[84261,55972,1.0,0.7552057409033182]
[84261,1431,1.0,0.506658500153542]
[84261,43304,1.0,0.4271667824093229]
[84261,44860,1.0,0.8279400226649132]
[31359,31350,1.0,0.9933550320030448]
[31359,31356,1.0,0.7091097726740565]
[44860,34491,1.0,0.41809333467760107]
[44860,8171,1.0,0.479732044810117]
[44860,34494,1.0,0.41809333467760107]
[66280,66277,1.0,0.9924741559123041]
[66283,66280,1.0,0.993251253680348]
[66283,66277,1.0,0.9941339650477837]
[66286,66280,1.0,0.9220090067518396]
[66286,66283,1.0,0.9166941210922479]
[66286,66277,1.0,0.9221846561438148]
[116338,116332,1.0,0.994754850866769]
[14302,7435,1.0,0.5642076548171605]
[14302,8978,1.0,0.5009596349640633]
[14314,7435,1.0,0.5642076548171605]
[14314,14302,1.0,0.9927742648919292]
[14314,14308,1.0,0.9828549514796296]
[14314,14305,1.0,0.9658953115165653]
[14314,8978,1.0,0.48182301384277315]
[14314,14311,1.0,0.9915925771550813]
[5058,5055,1.0,0.9444782310072803]
[91709,14302,1.0,0.5412508585922124]
[91709,14314,1.0,0.5170639144449622]
[91709,14305,1.0,0.528392452081632]
[91709,91706,1.0,0.9816394328563912]
[91709,91703,1.0,0.9876262889123769]
[64995,64992,1.0,0.9177992127656437]
[64995,64989,1.0,0.9942129708818666]
[14308,14302,1.0,0.9882792911500553]
[14308,14305,1.0,0.9634764908547446]
[82981,14302,1.0,0.46949145577420387]
[82981,14314,1.0,0.46949145577420387]
[82981,14305,1.0,0.46735988553448027]
[37496,14302,1.0,0.4452844121036033]
[37496,14314,1.0,0.4452844121036033]
[37496,14305,1.0,0.4420935246332157]
[37496,14311,1.0,0.4261990190115435]
[14305,7435,1.0,0.5725606161567975]
[14305,14302,1.0,0.9871171328039339]
[14305,8978,1.0,0.4930332448925778]
[98998,14314,1.0,0.41829495843646025]
[91706,14302,1.0,0.6143284026702983]
[91706,14314,1.0,0.5905673373507966]
[91706,14305,1.0,0.6127168320417449]
[91706,91703,1.0,0.9796957237528636]
[14311,14302,1.0,0.9943950391570788]
[14311,14308,1.0,0.9882792911500553]
[14311,14305,1.0,0.9730471241840046]
[118687,118681,1.0,0.6442911140563183]
[118687,117676,1.0,0.4663779308767545]
[118687,118675,1.0,0.8586559687677724]
[34293,14302,1.0,0.4365308038157467]
[34293,14314,1.0,0.42006016711682304]
[34293,14305,1.0,0.4297643449128732]
[91703,14302,1.0,0.6143284026702983]
[91703,14314,1.0,0.5905673373507966]
[91703,14305,1.0,0.6127168320417449]
[5061,5058,1.0,0.8690699355327594]
[5061,5055,1.0,0.9817531727171759]
[118681,118675,1.0,0.8695065060601961]
[41427,14302,1.0,0.4161288258866631]
[41427,14314,1.0,0.4161288258866631]
[41427,14305,1.0,0.41359633788357747]
[64992,64989,1.0,0.9677279583752003]
[64998,64995,1.0,0.9914764892676917]
[64998,64992,1.0,0.8981827549891678]
[64998,64989,1.0,0.9919305528850808]
[131496,14302,1.0,0.5342232482868707]
[131496,14314,1.0,0.5414115090897745]
[131496,18976,1.0,0.4597557125592798]
[131496,14305,1.0,0.532239671105407]
[131496,14311,1.0,0.5138562877004997]
[110154,110151,1.0,0.9092400284518324]
[110154,110148,1.0,0.9814380420789081]
[110151,110148,1.0,0.9830420863072297]
[94770,41543,1.0,0.53896156683208]
[94770,59446,1.0,0.436612516895568]
[94770,41149,1.0,0.5458360370204995]
[94770,50465,1.0,0.4670567246360611]
[94770,40146,1.0,0.5165325299024628]
[131205,94770,1.0,0.5059079259071071]
[22388,22382,1.0,0.99018916344595]
[22388,22385,1.0,0.9732778234032691]
[57467,13871,1.0,0.4827185615086181]
[22385,22382,1.0,0.9917009070524053]
[5454,5451,1.0,0.9933677579237732]
[59973,35435,1.0,0.4050040351345169]
[13023,13020,1.0,0.9916780193051522]
[95829,95823,1.0,0.6412814916437743]
[95829,95826,1.0,0.618271467296236]
[95826,95823,1.0,0.9931579754637436]
[13029,13023,1.0,0.9880560946835892]
[13029,13020,1.0,0.9902913432757028]
[72168,72165,1.0,0.6912062707631658]
[72168,1999,1.0,0.46203248170905065]
[33163,33157,1.0,0.9895707056247579]
[33163,33160,1.0,0.7228247445991233]
[83163,33639,1.0,0.4830172214025456]
[83163,83160,1.0,0.9952227536000962]
[72165,1999,1.0,0.47155568231882894]
[33639,33633,1.0,0.9907059076568665]
[33639,33630,1.0,0.9945008681744109]
[33639,33636,1.0,0.9702158248177171]
[33633,33630,1.0,0.9898924495037728]
[89171,89165,1.0,0.967192187789375]
[33160,33157,1.0,0.7228247445991233]
[33636,33633,1.0,0.9664079768952863]
[33636,33630,1.0,0.9733836123192706]
[89168,89165,1.0,0.6508290956533248]
[1047,1044,1.0,0.9824292893065998]
[49651,46513,1.0,0.49850748479569956]
[44803,1047,1.0,0.4355448231566649]
[44803,1044,1.0,0.4737044804442745]
[85268,85262,1.0,0.9921139362420168]
[85268,58116,1.0,0.5768114475434677]
[5216,5213,1.0,0.9900785158330859]
[117393,1047,1.0,0.4498720504109575]
[117393,1044,1.0,0.42538497739325554]
[56330,49651,1.0,0.5033139181359115]
[15670,15667,1.0,0.9952227536000962]
[73307,73304,1.0,0.9391464371372726]
[73307,73301,1.0,0.9920842897259609]
[22629,22626,1.0,0.9897692769785731]
[59140,59137,1.0,0.9829998467742774]
[77161,77155,1.0,0.9614123333797295]
[77161,77158,1.0,0.9510038948952695]
[77158,77155,1.0,0.9934197647450789]
[73304,73301,1.0,0.9290586334747755]
[93414,93411,1.0,0.9917574839438048]
[15129,15126,1.0,0.9859558857582832]
[119802,119796,1.0,0.9783301481651947]
[119802,119799,1.0,0.9567036088598447]
[14948,14942,1.0,0.9877726362494229]
[14948,14945,1.0,0.9877726362494229]
[68956,68953,1.0,0.9281765574049621]
[14945,14942,1.0,0.9936650057467088]
[119799,14948,1.0,0.4416522753927009]
[119799,119796,1.0,0.9920292515743512]
[45968,8361,1.0,0.5102618145300012]
[27792,8361,1.0,0.4158511864069145]
[14951,14942,1.0,0.9861464120448776]
[14951,14948,1.0,0.9692043752397702]
[14951,14945,1.0,0.9586192089190023]
[15153,15150,1.0,0.9773124114202716]
[17796,17793,1.0,0.9910017390460999]
[17796,17787,1.0,0.9952227536000962]
[17796,17790,1.0,0.9691867652383239]
[66357,66354,1.0,0.9872468640525616]
[46009,17796,1.0,0.7654048430219302]
[30290,30278,1.0,0.9952227536000962]
[30290,30281,1.0,0.9877726362494229]
[30290,30284,1.0,0.9497690389771487]
[30290,30287,1.0,0.9818497963517954]
[84419,15153,1.0,0.5474977075133439]
[84419,17796,1.0,0.42826449005032086]
[84419,66357,1.0,0.6544141581785049]
[84419,40731,1.0,0.508344881666038]
[84419,45586,1.0,0.5922725731650125]
[84419,51264,1.0,0.49066200546773164]
[84419,61126,1.0,0.4430957031188919]
[84419,73782,1.0,0.48122781031460166]
[84419,30281,1.0,0.45781347491128305]
[84419,57291,1.0,0.45481768704828135]
[84419,70041,1.0,0.732695102674389]
[84419,31249,1.0,0.5224193021966622]
[84419,30263,1.0,0.49911127776730363]
[84419,74983,1.0,0.4128066629483696]
[84419,10544,1.0,0.5691902892017557]
[84419,13820,1.0,0.5842667959219232]
[84419,30284,1.0,0.46154103454302364]
[84419,66354,1.0,0.6544141581785049]
[84419,17793,1.0,0.42826449005032086]
[84419,17787,1.0,0.42826449005032086]
[84419,18318,1.0,0.45699678811172506]
[84419,67114,1.0,0.5129774579644472]
[84419,5073,1.0,0.7265103278245529]
[84419,19615,1.0,0.4883805061679226]
[84419,21088,1.0,0.8705158694675311]
[84419,15170,1.0,0.6125041969466717]
[84419,15150,1.0,0.5263357654386134]
[84419,12928,1.0,0.5875786727513371]
[30281,30278,1.0,0.9877726362494229]
[117112,84419,1.0,0.6107481828063323]
[74983,52624,1.0,0.4887235507774637]
[91446,84419,1.0,0.4721288951135962]
[91446,57291,1.0,0.40730127009270733]
[91446,67114,1.0,0.4066772872234589]
[84724,84419,1.0,0.4246770523724453]
[110737,17796,1.0,0.42079532413874543]
[110737,84419,1.0,0.5806753191369827]
[30284,30278,1.0,0.9497690389771487]
[30284,30281,1.0,0.9054830941452275]
[17793,17787,1.0,0.9910017390460999]
[17793,17790,1.0,0.9289090345369627]
[115104,46009,1.0,0.4254550452652699]
[115104,49307,1.0,0.40699115677749886]
[67114,52624,1.0,0.43730397616002664]
[30287,30278,1.0,0.9818497963517954]
[30287,30281,1.0,0.9621245538645687]
[30287,30284,1.0,0.8612154126862746]
[128346,84419,1.0,0.466256023543752]
[17790,17787,1.0,0.9098654108372133]
[119092,84419,1.0,0.5037072200040903]
[84705,57199,1.0,0.5579898866154033]
[84705,78441,1.0,0.7082992881667514]
[84705,78444,1.0,0.8986621059507283]
[84705,78447,1.0,0.7184424024433006]
[57199,46155,1.0,0.5039960304260022]
[57199,2316,1.0,0.5881338668185733]
[78441,57199,1.0,0.8773106114928504]
[78441,11441,1.0,0.4608810672798143]
[78441,46155,1.0,0.7633477184482368]
[78441,18609,1.0,0.5899995066166294]
[78441,54033,1.0,0.8129424058929011]
[78441,54585,1.0,0.759245137459913]
[78441,64033,1.0,0.8582589577070349]
[78441,2316,1.0,0.8563084964049299]
[82894,57199,1.0,0.40029788173804476]
[82894,78441,1.0,0.7235406662943801]
[82894,78444,1.0,0.9003074551671576]
[82894,78447,1.0,0.7235406662943801]
[78444,57199,1.0,0.9500327287563274]
[78444,52266,1.0,0.535025833962973]
[78444,78441,1.0,0.9441895299718179]
[78444,11441,1.0,0.5747591913122978]
[78444,46155,1.0,0.890287936849786]
[78444,2497,1.0,0.5669707787412334]
[78444,18609,1.0,0.4951944550738183]
[78444,65388,1.0,0.6768903421145059]
[78444,56400,1.0,0.671645104362848]
[78444,54033,1.0,0.921066639252891]
[78444,54585,1.0,0.9520302622185908]
[78444,64033,1.0,0.9164720920759855]
[78444,2316,1.0,0.8956887005813003]
[81993,57199,1.0,0.4351827543432249]
[81993,78441,1.0,0.742865761221959]
[81993,78444,1.0,0.9181031997821353]
[81993,78447,1.0,0.742865761221959]
[78447,57199,1.0,0.8773106114928504]
[78447,78441,1.0,0.9942417618294649]
[78447,11441,1.0,0.4608810672798143]
[78447,78444,1.0,0.9486976680159905]
[78447,46155,1.0,0.7633477184482368]
[78447,18609,1.0,0.5899995066166294]
[78447,54033,1.0,0.8129424058929011]
[78447,54585,1.0,0.7820967670045347]
[78447,64033,1.0,0.8582589577070349]
[78447,2316,1.0,0.8563084964049299]
[125091,78444,1.0,0.48562696468152594]
[111633,78441,1.0,0.40268134938216865]
[111633,78444,1.0,0.5370767617910877]
[111633,78447,1.0,0.41497992111582166]
[95097,78441,1.0,0.8025525822785092]
[95097,82894,1.0,0.6213934541045726]
[95097,78444,1.0,0.9033797695068584]
[95097,46155,1.0,0.43642523641084713]
[95097,81993,1.0,0.41353545667447583]
[95097,78447,1.0,0.8025525822785092]
[111976,107815,1.0,0.5088779007319587]
[111976,107821,1.0,0.44480094970213563]
[111976,107818,1.0,0.4424721748090234]
[107821,107815,1.0,0.7061960079852444]
[107821,107818,1.0,0.43329521700489315]
[107818,107815,1.0,0.9549030055358952]
[92044,92038,1.0,0.9933677579237732]
[92044,92041,1.0,0.9847252351545056]
[92041,92038,1.0,0.9881761805738833]
[70951,70948,1.0,0.9877726362494229]
[70954,70951,1.0,0.9877726362494229]
[70954,70948,1.0,0.9877726362494229]
[64043,64037,1.0,0.9104359455972999]
[64043,64040,1.0,0.9077090405216395]
[64040,64037,1.0,0.9938804711395797]
[120841,62281,1.0,0.6744005359904319]
[130831,120841,1.0,0.49887801960873535]
[130831,51200,1.0,0.47460528161912613]
[130831,82523,1.0,0.4905093628617601]
[91772,91766,1.0,0.9849991563483913]
[80105,80102,1.0,0.9826264384060145]
[80105,80099,1.0,0.9883740124021181]
[91775,91772,1.0,0.9568960484239011]
[91775,91766,1.0,0.9890186394518394]
[38759,38756,1.0,0.9952227536000962]
[51200,39881,1.0,0.41289737473664945]
[62281,51200,1.0,0.4322974557779416]
[62281,23949,1.0,0.5988062994149025]
[25597,23949,1.0,0.40730434769090323]
[60025,23949,1.0,0.45722888481006363]
[23949,4592,1.0,0.5097962452465121]
[45604,45601,1.0,0.973196651012165]
[4592,970,1.0,0.49329719519959664]
[91778,91772,1.0,0.9745966435868593]
[91778,91775,1.0,0.9712923079534131]
[91778,91766,1.0,0.9926278674655746]
[80102,80099,1.0,0.9621731936890257]
[94262,94259,1.0,0.988148450643207]
[21003,4592,1.0,0.49665531164648913]
[83101,62281,1.0,0.722438593225413]
[83101,4592,1.0,0.4590951166895989]
[83101,21003,1.0,0.4084321248342326]
[114352,114349,1.0,0.9952227536000962]
[37245,552,1.0,0.43138703675653506]
[99753,99744,1.0,0.6969686011097933]
[99753,99741,1.0,0.8006530522556377]
[99753,99747,1.0,0.8006530522556377]
[99744,99741,1.0,0.990515878461667]
[99747,99744,1.0,0.9952227536000962]
[99747,99741,1.0,0.9952227536000962]
[99747,20913,1.0,0.40775523082890536]
[99747,62717,1.0,0.46906793401031677]
[99747,41681,1.0,0.6186426783017758]
[114820,41681,1.0,0.44372672356094095]
[91687,23047,1.0,0.5869918483245652]
[107631,10696,1.0,0.41489606002274154]
[40566,40563,1.0,0.9777821136739612]
[59393,42369,1.0,0.5351560876842807]
[27047,27041,1.0,0.9777073640903284]
[27047,27044,1.0,0.9546946037984644]
[66707,66704,1.0,0.7030851055255106]
[42369,37854,1.0,0.4613344052683497]
[125482,125479,1.0,0.9889469435919268]
[27044,27041,1.0,0.9877726362494229]
[105049,75088,1.0,0.42451918588202664]
[75952,75088,1.0,0.48015461617396066]
[121516,75088,1.0,0.42832864754171823]
[87251,75088,1.0,0.43080905828080435]
[95577,95574,1.0,0.9720887043069312]
[80625,75088,1.0,0.43784849977953116]
[85834,85828,1.0,0.9870333236420792]
[85834,85831,1.0,0.9670138388943794]
[322,319,1.0,0.9952227536000962]
[84037,75088,1.0,0.5654695243333989]
[86745,86742,1.0,0.6106440949282759]
[75094,75088,1.0,0.4788674823418124]
[75094,75085,1.0,0.4827337145516778]
[85831,85828,1.0,0.9928359209271906]
[126043,75088,1.0,0.4006857108802446]
[86686,75088,1.0,0.4421210111362286]
[86686,86683,1.0,0.9946743864336534]
[75088,13817,1.0,0.41774429503344346]
[75088,37921,1.0,0.40812161450617085]
[75088,40154,1.0,0.5435000455851472]
[75088,73208,1.0,0.4460280357165704]
[75088,11096,1.0,0.40535242708920655]
[75088,67162,1.0,0.6452644579221102]
[75088,15815,1.0,0.40405499828758534]
[75088,51566,1.0,0.4189266152179165]
[75088,71537,1.0,0.4375637316059963]
[75088,11114,1.0,0.508920890628049]
[75088,46681,1.0,0.44773766070605486]
[75088,3446,1.0,0.4531725513346767]
[75088,71167,1.0,0.45470167551746726]
[75088,75085,1.0,0.7813849518920495]
[86683,75088,1.0,0.44049136382473675]
[95580,95577,1.0,0.951631160611079]
[95580,95574,1.0,0.984922401931146]
[86214,75088,1.0,0.43975091955967843]
[133020,75088,1.0,0.5651808462724012]
[116694,116688,1.0,0.9952227536000962]
[3134,3128,1.0,0.9895500405996527]
[79018,79015,1.0,0.9838820960187672]
[101044,101035,1.0,0.9464339874996338]
[101044,101041,1.0,0.8070858006647371]
[79021,79018,1.0,0.879659485893094]
[79021,79015,1.0,0.9573841857491627]
[101041,101035,1.0,0.9751123723476522]
[79024,79018,1.0,0.9752916420544673]
[79024,79015,1.0,0.9922323843947127]
[79024,79021,1.0,0.9531874327329645]
[39010,39007,1.0,0.9917073859627048]
[10379,10370,1.0,0.9952227536000962]
[10379,10376,1.0,0.9946572280446236]
[10376,10370,1.0,0.9775724765305803]
[108442,108439,1.0,0.9878664955842756]
[108442,108436,1.0,0.9803768679750386]
[108439,108436,1.0,0.9952227536000962]
[6363,6360,1.0,0.9701586101616368]
[62107,62104,1.0,0.9746169947752034]
[65194,65191,1.0,0.9942129708818666]
[79215,5043,1.0,0.4306640272962117]
[62430,62424,1.0,0.9915350028878306]
[62430,62427,1.0,0.9915350028878306]
[88073,65194,1.0,0.6274184730477174]
[88073,65191,1.0,0.6514716820976664]
[88073,73586,1.0,0.4182933293327831]
[62427,62424,1.0,0.9952227536000962]
[92994,92991,1.0,0.9877726362494229]
[92994,20892,1.0,0.598019965212965]
[13507,5043,1.0,0.4443069693627563]
[62433,62430,1.0,0.9803626007615739]
[62433,62424,1.0,0.9869530676594269]
[62433,62427,1.0,0.9869530676594269]
[113190,65191,1.0,0.4063324950413096]
[18663,5043,1.0,0.7283904849624537]
[62436,62430,1.0,0.7211769567434744]
[62436,62424,1.0,0.787359783512248]
[62436,62427,1.0,0.8933661455784233]
[62436,62433,1.0,0.7005373979625787]
[98589,5043,1.0,0.5633317556807227]
[77847,5043,1.0,0.4728434934045647]
[63255,5043,1.0,0.5384861467586483]
[63255,63252,1.0,0.9675532421020944]
[51801,5043,1.0,0.5077934365800727]
[63252,5043,1.0,0.5384861467586483]
[101589,5043,1.0,0.42369706288723363]
[92991,20892,1.0,0.598019965212965]
[91575,5043,1.0,0.6246299255931016]
[73586,65194,1.0,0.40361819111925346]
[73586,65191,1.0,0.41651625857885]
[49846,49840,1.0,0.9041364451439372]
[95614,76958,1.0,0.4388602879021563]
[34080,21943,1.0,0.49132721838818316]
[45409,20507,1.0,0.43399073207965844]
[80588,80585,1.0,0.9943129407495965]
[115474,115471,1.0,0.9952227536000962]
[115477,115471,1.0,0.9843907357620811]
[115477,115474,1.0,0.9843907357620811]
[40999,21943,1.0,0.5311608253664853]
[40999,20507,1.0,0.4742999368567692]
[127878,127875,1.0,0.9952227536000962]
[84547,84538,1.0,0.9851979804307808]
[84547,84544,1.0,0.9844273424256318]
[84547,84541,1.0,0.9576649163915845]
[87189,87183,1.0,0.9945658731879131]
[87189,38487,1.0,0.49727648927960355]
[127702,127699,1.0,0.9927079243026967]
[127702,127696,1.0,0.9867541419613521]
[127702,38487,1.0,0.5077006244864894]
[127699,127696,1.0,0.9905564682541387]
[127699,38487,1.0,0.5203380693620657]
[70215,37742,1.0,0.7887654786849527]
[84544,37742,1.0,0.4607326758166343]
[84544,84538,1.0,0.994754850866769]
[84544,49408,1.0,0.5973219582624061]
[84544,84541,1.0,0.9835312189638233]
[35671,35668,1.0,0.990206492328112]
[14389,14383,1.0,0.9887818744117735]
[14389,14386,1.0,0.9869317679668239]
[31803,31800,1.0,0.9728379845707166]
[31806,31800,1.0,0.9255614386185307]
[31806,31803,1.0,0.9322107766972684]
[38487,37742,1.0,0.6167394793155122]
[108858,108855,1.0,0.9611038897081189]
[49987,49978,1.0,0.9650708830723487]
[127881,127878,1.0,0.9917073859627048]
[127881,127875,1.0,0.9917073859627048]
[84541,84538,1.0,0.9939233785404711]
[123598,84544,1.0,0.44297587152148044]
[123598,22049,1.0,0.49499405756998055]
[123598,6918,1.0,0.5076355668930829]
[14386,14383,1.0,0.9946149626479851]
[6179,6176,1.0,0.9351642953332431]
[6182,6179,1.0,0.9186441251051536]
[6182,6176,1.0,0.9930641667401623]
[67221,67218,1.0,0.9070211231685509]
[67227,67221,1.0,0.8816634915511135]
[67227,67224,1.0,0.6606794379747619]
[67227,67218,1.0,0.9923529093802104]
[89989,89986,1.0,0.8890489833744918]
[66476,6179,1.0,0.4946037890160997]
[89992,67227,1.0,0.44996502932425086]
[89992,89986,1.0,0.9728729659823139]
[89992,89989,1.0,0.5064793717236978]
[61914,6179,1.0,0.4841125753339326]
[32362,1951,1.0,0.43542676345363246]
[111043,21078,1.0,0.4127711987579266]
[111004,41422,1.0,0.4117404633592888]
[85964,73463,1.0,0.46150528793712375]
[120775,120772,1.0,0.7648012962852144]
[13482,13479,1.0,0.976869414582352]
[47768,22489,1.0,0.4999745579937737]
[13485,13482,1.0,0.9577064787905754]
[13485,13479,1.0,0.9823504481569348]
[97612,27989,1.0,0.4326071327791019]
[97612,73859,1.0,0.4483859525939482]
[97612,62419,1.0,0.45872466025987746]
[97612,73853,1.0,0.44384181332685074]
[27989,22168,1.0,0.6883572454307203]
[22907,22904,1.0,0.9920787476443242]
[22907,22901,1.0,0.9942516142601768]
[73859,73847,1.0,0.9921349450499264]
[73859,22168,1.0,0.5451597349624364]
[73859,61505,1.0,0.436244642025609]
[73859,73853,1.0,0.9911908448649748]
[73859,73856,1.0,0.9844349286282934]
[57014,27989,1.0,0.40350288451581706]
[119236,119224,1.0,0.9952227536000962]
[119236,119227,1.0,0.9930676807585843]
[119236,119230,1.0,0.9827694174568419]
[119236,16359,1.0,0.500887140396723]
[61502,61499,1.0,0.9729341337431541]
[95680,95677,1.0,0.9070211231685509]
[22168,22165,1.0,0.9667217127425601]
[22168,22162,1.0,0.9746260824260501]
[61505,27989,1.0,0.44172684176537275]
[61505,41305,1.0,0.4951743747265284]
[61505,61502,1.0,0.9592536724184152]
[61505,61499,1.0,0.9699346563957969]
[22165,22162,1.0,0.991053837955232]
[119227,97612,1.0,0.5637050918206633]
[119227,57014,1.0,0.5615529284649683]
[119227,119224,1.0,0.9903459533107182]
[119230,119224,1.0,0.9827694174568419]
[119230,119227,1.0,0.9826761896781112]
[132277,27989,1.0,0.43213863571140687]
[132277,73859,1.0,0.5358836051814133]
[132277,73853,1.0,0.519352877876898]
[73853,73847,1.0,0.9919839916101322]
[73853,22168,1.0,0.5394419809120475]
[22904,22901,1.0,0.993238408066131]
[22910,22907,1.0,0.8571808940337202]
[22910,22904,1.0,0.8207467255462946]
[22910,22901,1.0,0.8571808940337202]
[73856,73847,1.0,0.846304224597402]
[73856,73853,1.0,0.9887358826761266]
[67032,67026,1.0,0.977654719923328]
[67032,67029,1.0,0.9708503460743618]
[67035,67026,1.0,0.9759512586511032]
[67035,67032,1.0,0.9151619002616479]
[67035,67029,1.0,0.9759512586511032]
[67029,67026,1.0,0.9935047841791984]
[105526,92346,1.0,0.40527424593940664]
[69354,69351,1.0,0.9952227536000962]
[92346,69354,1.0,0.4019435066961684]
[89961,89955,1.0,0.9681132454048477]
[114372,57193,1.0,0.6797184962903422]
[132546,13642,1.0,0.4194930756856189]
[42419,42416,1.0,0.8556541616429068]
[42419,42413,1.0,0.9904337247889764]
[42422,42419,1.0,0.9885852371772924]
[42422,42416,1.0,0.8991159248948452]
[42422,42413,1.0,0.9915829587379783]
[113122,113119,1.0,0.9790693012173158]
[42416,42413,1.0,0.9059062043757686]
[71498,71495,1.0,0.9850235230596319]
[110245,19975,1.0,0.4737753520073002]
[38980,38977,1.0,0.9831960630067171]
[38980,38974,1.0,0.9905095004752567]
[112068,112062,1.0,0.960153793233753]
[112068,112065,1.0,0.9229123991105501]
[112068,112059,1.0,0.9407099211676634]
[38977,38974,1.0,0.991273886931284]
[112062,112059,1.0,0.9952227536000962]
[112065,112062,1.0,0.9952227536000962]
[112065,112059,1.0,0.9932239476560921]
[109323,109320,1.0,0.9701304399731498]
[80922,53036,1.0,0.4951513378062253]
[80922,18293,1.0,0.4612913947587394]
[80922,62757,1.0,0.41787108660765776]
[80922,80919,1.0,0.9871751998190303]
[62760,62757,1.0,0.9682795396972674]
[62760,62754,1.0,0.9835933092060454]
[7574,7568,1.0,0.9888224265736971]
[7574,7571,1.0,0.9812359910759634]
[53036,32138,1.0,0.5875409034956933]
[109329,109323,1.0,0.7811597352367823]
[109329,109320,1.0,0.9371561317105738]
[109329,109326,1.0,0.9013050613443616]
[62757,62754,1.0,0.9905564682541387]
[7571,7568,1.0,0.9946572280446236]
[45193,32138,1.0,0.43808054158903975]
[99237,80922,1.0,0.5511871391427189]
[57517,16278,1.0,0.6719328237276159]
[48902,32138,1.0,0.6101300761644358]
[48902,48896,1.0,0.9107095595790204]
[48902,48899,1.0,0.8290490037268095]
[62763,62760,1.0,0.9729826575795401]
[62763,62757,1.0,0.9813484021001407]
[62763,62754,1.0,0.9903506024974519]
[45196,32138,1.0,0.43808054158903975]
[45196,45193,1.0,0.991499051822323]
[80925,80922,1.0,0.9871751998190303]
[80925,80919,1.0,0.9952227536000962]
[48899,48896,1.0,0.9838784197644378]
[80928,80922,1.0,0.9243136737217513]
[80928,80925,1.0,0.9043648601285118]
[80928,80919,1.0,0.9043648601285118]
[59242,32138,1.0,0.4011663136755882]
[109326,109323,1.0,0.814049730043807]
[109326,109320,1.0,0.9527652175474233]
[16278,15043,1.0,0.4559908769398521]
[8837,8831,1.0,0.9952227536000962]
[8837,8834,1.0,0.9941774998827791]
[8840,8831,1.0,0.993833290446873]
[8840,8837,1.0,0.9952227536000962]
[8840,8834,1.0,0.9925112024837017]
[112287,8831,1.0,0.5568943632116763]
[112287,31726,1.0,0.6411169343296138]
[112287,8837,1.0,0.5933804101247285]
[112287,8840,1.0,0.5568943632116763]
[112287,8834,1.0,0.5568943632116763]
[8834,8831,1.0,0.9941774998827791]
[50309,50306,1.0,0.8133757404646961]
[114877,76271,1.0,0.4954609358904961]
[114877,114874,1.0,0.9944177856810343]
[10958,10955,1.0,0.9926410909555647]
[373,364,1.0,0.765056099277868]
[373,361,1.0,0.9952227536000962]
[373,370,1.0,0.9757239845724778]
[373,367,1.0,0.9699733431436898]
[68644,67737,1.0,0.6321935853424473]
[68644,37274,1.0,0.4694149665022982]
[68644,24844,1.0,0.6529184263955619]
[68644,59459,1.0,0.414930887135396]
[90452,90449,1.0,0.8580489837520469]
[120420,68644,1.0,0.4612143815275877]
[125406,24844,1.0,0.6117845331710781]
[364,361,1.0,0.9171709889258713]
[370,364,1.0,0.6224595738093885]
[370,361,1.0,0.9728576005568188]
[370,367,1.0,0.886863926979424]
[13181,13178,1.0,0.9889469435919268]
[13181,13175,1.0,0.9889469435919268]
[29310,24844,1.0,0.8238839965167246]
[24844,4080,1.0,0.6362405504618138]
[13178,13175,1.0,0.9952227536000962]
[367,364,1.0,0.48544803906361467]
[367,361,1.0,0.9699733431436898]
[34781,34775,1.0,0.9634149167510185]
[86604,86601,1.0,0.9729780359652546]
[11756,11753,1.0,0.9929864502107044]
[11759,11756,1.0,0.9721913667038985]
[11759,11753,1.0,0.980098564620938]
[11765,11756,1.0,0.9723246098212099]
[11765,11759,1.0,0.9767301265923376]
[11765,11762,1.0,0.9616133404654529]
[11765,11753,1.0,0.9803969705344645]
[26932,26929,1.0,0.6734417187466846]
[11762,11756,1.0,0.9878612222630765]
[11762,11759,1.0,0.9616016105490135]
[11762,11753,1.0,0.989779231601295]
[26935,26929,1.0,0.9560293075447313]
[125106,125103,1.0,0.9836706861128802]
[125109,125103,1.0,0.9902108064966655]
[125109,125106,1.0,0.9811269627197743]
[10464,10461,1.0,0.9877812743869288]
[55591,55588,1.0,0.9854283270243487]
[55591,55585,1.0,0.9910441646200668]
[55594,55591,1.0,0.9320350769921385]
[55594,55588,1.0,0.905258353541074]
[55594,55585,1.0,0.9413584791512899]
[78785,55588,1.0,0.5853134734116284]
[55597,55591,1.0,0.9308284082695751]
[55597,55594,1.0,0.8848845979641946]
[55597,55588,1.0,0.9055576094933712]
[55597,55585,1.0,0.941336529145962]
[18281,18278,1.0,0.6235111975606047]
[55588,18281,1.0,0.5474613317303799]
[55588,55585,1.0,0.9909251903137]
[55588,18278,1.0,0.5245084052695589]
[63449,55591,1.0,0.5586552850745468]
[63449,55597,1.0,0.45658459425365455]
[63449,55588,1.0,0.8046400006936718]
[63449,55585,1.0,0.5374186295820148]
[63449,63446,1.0,0.9758746671980901]
[63452,55588,1.0,0.6507795022118927]
[63452,63449,1.0,0.9912498675642931]
[63452,63446,1.0,0.9818497963517954]
[63446,55588,1.0,0.6507795022118927]
[59298,30673,1.0,0.5264626028802735]
[1178,1172,1.0,0.8822207339562133]
[34424,34418,1.0,0.9891356835907431]
[34424,34421,1.0,0.9246904026569467]
[95934,95931,1.0,0.9545483236711609]
[95934,95928,1.0,0.9545483236711609]
[95931,95928,1.0,0.9927904021198166]
[68387,68384,1.0,0.987856038582727]
[1181,1178,1.0,0.8213516462873951]
[1181,1172,1.0,0.9905564682541387]
[41514,15341,1.0,0.4381651782881082]
[41017,21811,1.0,0.556582146036374]
[68390,68387,1.0,0.987856038582727]
[68390,38691,1.0,0.49318392545235995]
[68390,30673,1.0,0.5088062141324884]
[68390,68384,1.0,0.9952227536000962]
[81175,81172,1.0,0.9952227536000962]
[81178,81175,1.0,0.9946424279692275]
[81178,81172,1.0,0.9946424279692275]
[10567,10564,1.0,0.9484382738625009]
[10567,10561,1.0,0.9150975818721635]
[10567,10558,1.0,0.9484382738625009]
[10564,10561,1.0,0.9875743872345818]
[10564,10558,1.0,0.9952227536000962]
[13239,13233,1.0,0.9952227536000962]
[17960,17957,1.0,0.989487498491276]
[62538,51238,1.0,0.4274258943135687]
[10561,10558,1.0,0.9875743872345818]
[69197,17783,1.0,0.45426732057089364]
[69197,30673,1.0,0.4420413929900248]
[69197,24435,1.0,0.7791582343217678]
[84681,84678,1.0,0.9917265171600017]
[5147,5135,1.0,0.8849916221600279]
[5147,5141,1.0,0.7227346327159792]
[5147,5138,1.0,0.5345353888957936]
[30673,7797,1.0,0.4733813643591163]
[111205,13239,1.0,0.40092676765966384]
[34421,34418,1.0,0.9429760807356954]
[34421,5910,1.0,0.4996819179830397]
[94274,69197,1.0,0.4406031520636895]
[94274,69759,1.0,0.5102206625636925]
[95937,95934,1.0,0.9517457905471466]
[95937,95931,1.0,0.991759367061051]
[95937,95928,1.0,0.9945081630075626]
[69759,30673,1.0,0.4811826541149432]
[68393,68387,1.0,0.9873766838065419]
[68393,68390,1.0,0.9950492062368131]
[68393,38691,1.0,0.5148399363430501]
[68393,30673,1.0,0.5006681885223876]
[68393,68384,1.0,0.9950492062368131]
[5141,5135,1.0,0.9584663678489633]
[5141,5138,1.0,0.9721105508637252]
[68029,68026,1.0,0.9811739152318326]
[5138,5135,1.0,0.7831446045451751]
[84684,84678,1.0,0.9952227536000962]
[84684,84681,1.0,0.9917265171600017]
[26920,15341,1.0,0.6294274022457221]
[62570,5141,1.0,0.6624866884014635]
[95940,95934,1.0,0.8886997775494787]
[95940,95931,1.0,0.9763462204749026]
[95940,95928,1.0,0.9823603848170218]
[95940,95937,1.0,0.9781041479622669]
[118959,13239,1.0,0.5066374518881854]
[969,966,1.0,0.9908718811433119]
[50091,50085,1.0,0.9867593649390504]
[76107,18346,1.0,0.45512868500340775]
[72625,72619,1.0,0.9738195604745739]
[972,969,1.0,0.9904118457191144]
[972,966,1.0,0.9917073859627048]
[20842,20839,1.0,0.9486823395265083]
[27694,18346,1.0,0.5568121902525213]
[26730,26727,1.0,0.9905130060240508]
[39266,39257,1.0,0.9608094438631426]
[39266,39263,1.0,0.8682790114693463]
[80472,80469,1.0,0.9909357581587459]
[39263,39257,1.0,0.9762369643792014]
[3104,3101,1.0,0.9895977645477224]
[3107,3104,1.0,0.8716164246876371]
[3107,3101,1.0,0.9070211231685509]
[60981,60978,1.0,0.9921136341340895]
[45730,42607,1.0,0.4010542588269374]
[61735,42607,1.0,0.5027054353862805]
[61735,61732,1.0,0.9899567624231421]
[105115,42607,1.0,0.5098062016405193]
[105115,50642,1.0,0.48588349213765003]
[53963,42607,1.0,0.4608388939903225]
[53963,53960,1.0,0.8753491917950524]
[53963,53954,1.0,0.9536397315132488]
[53963,53951,1.0,0.9769524418860503]
[4267,4264,1.0,0.9872021338195044]
[14668,14665,1.0,0.9048694008002567]
[42601,37325,1.0,0.4892345749804005]
[105121,105115,1.0,0.963660925149474]
[105121,42607,1.0,0.4412056850253622]
[105121,50642,1.0,0.4303963016723592]
[42607,20993,1.0,0.7056547309257454]
[42607,4267,1.0,0.556747018328732]
[42607,42601,1.0,0.9952227536000962]
[42607,22318,1.0,0.4538834187733081]
[42607,4264,1.0,0.556747018328732]
[42607,20958,1.0,0.5536420169300206]
[42607,12526,1.0,0.4703837313303382]
[42607,14665,1.0,0.4086984233294496]
[42607,14671,1.0,0.4086984233294496]
[42607,37325,1.0,0.8549670658710085]
[71321,42607,1.0,0.42511405454112056]
[61732,42607,1.0,0.5236310748906171]
[53960,42607,1.0,0.47223650906970654]
[53960,53954,1.0,0.9530372159932858]
[53960,53951,1.0,0.9685495873913899]
[61320,42607,1.0,0.45622301600779136]
[53954,42607,1.0,0.5765038153482137]
[53954,53951,1.0,0.9887608316866994]
[53951,42607,1.0,0.5106867012856093]
[76917,42607,1.0,0.4310402448371358]
[60419,42607,1.0,0.4300599325561901]
[61738,61735,1.0,0.8132168548612306]
[61738,42607,1.0,0.5236310748906171]
[61738,61732,1.0,0.9326685157177156]
[14671,14668,1.0,0.6959000265524737]
[14671,14665,1.0,0.8446267098159121]
[129297,129294,1.0,0.9842879504501727]
[93226,93223,1.0,0.9768531129806554]
[105996,97893,1.0,0.5693860807962201]
[105996,105990,1.0,0.954599287548376]
[105996,105987,1.0,0.9902913432757028]
[105996,105993,1.0,0.9825879355036851]
[56284,56275,1.0,0.9907026024496893]
[56284,56278,1.0,0.9882474730680733]
[56284,56281,1.0,0.9895904896611832]
[63288,63285,1.0,0.9934197647450789]
[30318,30315,1.0,0.9952227536000962]
[93229,93226,1.0,0.5837655844046197]
[93229,93223,1.0,0.8088345946959985]
[56278,56275,1.0,0.9938459344218838]
[115645,115639,1.0,0.9877726362494229]
[115645,115642,1.0,0.954670198194514]
[71260,71257,1.0,0.9900850340350941]
[105990,105987,1.0,0.9757445208515109]
[30321,30318,1.0,0.9507406859498939]
[30321,30315,1.0,0.9507406859498939]
[30324,30318,1.0,0.9939734548566995]
[30324,30321,1.0,0.9317208900573454]
[30324,30315,1.0,0.9939734548566995]
[25416,25410,1.0,0.9901918127542898]
[25416,25413,1.0,0.979119792357775]
[30327,30318,1.0,0.9619655820881673]
[30327,30321,1.0,0.8700746395259776]
[30327,30324,1.0,0.9201138449353561]
[30327,30315,1.0,0.9619655820881673]
[69511,30318,1.0,0.4063741159668849]
[69511,30315,1.0,0.4063741159668849]
[56287,56284,1.0,0.9691236142185284]
[56287,56275,1.0,0.9880426223978416]
[56287,56278,1.0,0.9850234603217994]
[56287,56281,1.0,0.986657451830988]
[56281,56275,1.0,0.9913719155278211]
[56281,56278,1.0,0.9908458558821217]
[93232,93226,1.0,0.9619832519544051]
[93232,93229,1.0,0.809716933788497]
[93232,93223,1.0,0.9913719155278211]
[25419,25410,1.0,0.5617570999876985]
[25419,25416,1.0,0.668959431784831]
[25419,25413,1.0,0.7774282334362287]
[105987,97893,1.0,0.5604534452786377]
[25413,25410,1.0,0.9935292479653834]
[25422,25410,1.0,0.8232571144476606]
[25422,25416,1.0,0.7240661581512521]
[25422,25419,1.0,0.4790795717581174]
[25422,25413,1.0,0.8522034672039076]
[105993,97893,1.0,0.5204384518171403]
[105993,105990,1.0,0.9681209922523926]
[105993,105987,1.0,0.9933984901384654]
[115642,115639,1.0,0.9754774924189193]
[32948,32945,1.0,0.9884662414314896]
[68225,17026,1.0,0.5391406958455589]
[53121,53115,1.0,0.9844389033657074]
[53127,53121,1.0,0.9306083928370712]
[53127,53115,1.0,0.9743117491951592]
[53127,53124,1.0,0.9673795897948423]
[86825,86822,1.0,0.9322632915350402]
[113691,113688,1.0,0.9611387373320718]
[36637,36634,1.0,0.9811079342025592]
[48968,48965,1.0,0.9642698438213428]
[53124,53121,1.0,0.9839813114766209]
[53124,53115,1.0,0.9930676807585843]
[88565,36637,1.0,0.42169680463712467]
[88565,49331,1.0,0.4451791997283457]
[76334,48550,1.0,0.4206654061301123]
[76334,38915,1.0,0.4505213950690096]
[76334,76331,1.0,0.9746169947752034]
[76337,76334,1.0,0.9625330657645912]
[76337,76331,1.0,0.9921136341340895]
[76331,48550,1.0,0.4057826131744858]
[76331,38915,1.0,0.5039646867753106]
[35829,35820,1.0,0.9895931775484803]
[35829,35823,1.0,0.953063194976045]
[57496,57490,1.0,0.8889623927790711]
[57496,57493,1.0,0.8774084955674883]
[47012,47006,1.0,0.9936220614614262]
[129076,90824,1.0,0.41404999739821735]
[54492,54489,1.0,0.9891700284774299]
[129079,129076,1.0,0.9336814201974052]
[129079,90824,1.0,0.41404999739821735]
[57493,57490,1.0,0.9921527402404374]
[54498,54492,1.0,0.9851997771266824]
[54498,54489,1.0,0.9914651780633009]
[57499,57496,1.0,0.7619197307608591]
[57499,57490,1.0,0.9936782350654995]
[57499,57493,1.0,0.9926897121691903]
[35823,35820,1.0,0.9761535378547973]
[102537,40802,1.0,0.43933859796590935]
[119968,110622,1.0,0.5382893917998443]
[119968,95203,1.0,0.5084082637396811]
[119968,31019,1.0,0.45070907436310703]
[119968,30894,1.0,0.5047544417682119]
[119968,60935,1.0,0.620417715123474]
[21685,4039,1.0,0.598870517578692]
[40802,2336,1.0,0.45957781635368544]
[56729,56726,1.0,0.9952227536000962]
[56729,31019,1.0,0.4132395663162597]
[56729,2336,1.0,0.43438676059954096]
[73027,21685,1.0,0.40922398800318766]
[73027,60935,1.0,0.45590974376587506]
[23535,23529,1.0,0.8039814191007355]
[76095,76092,1.0,0.9654078155152053]
[76098,76095,1.0,0.9437174671719273]
[76098,76092,1.0,0.991273886931284]
[85177,85174,1.0,0.9872176086117388]
[85177,85171,1.0,0.9952227536000962]
[111549,111546,1.0,0.9903053144306446]
[111555,111549,1.0,0.965322328038728]
[111555,111552,1.0,0.9271203341049263]
[111555,111546,1.0,0.9913012006788153]
[111552,111549,1.0,0.8585744261849975]
[111552,111546,1.0,0.922624940857838]
[111552,50980,1.0,0.41503592851987176]
[111552,12722,1.0,0.41299005414240836]
[111552,55209,1.0,0.41720327928153705]
[111552,110263,1.0,0.4078858788615091]
[111552,31019,1.0,0.6710899770264974]
[111552,2336,1.0,0.41360280478600686]
[111552,60935,1.0,0.6846620129238739]
[67500,67497,1.0,0.9938747847384765]
[85174,85171,1.0,0.9900713549831544]
[4039,4036,1.0,0.9911457621988602]
[56732,56729,1.0,0.9905564682541387]
[56732,56726,1.0,0.9880523775847946]
[66839,21685,1.0,0.4092120160575448]
[122082,57883,1.0,0.4480787283740746]
[55209,21685,1.0,0.4016769553707282]
[118480,40802,1.0,0.467406763591085]
[20832,20829,1.0,0.9692350306114279]
[95907,4039,1.0,0.5589467740707815]
[95907,2336,1.0,0.5888110650682417]
[95907,60935,1.0,0.4290776908035262]
[57883,32464,1.0,0.5090814996718721]
[57883,31019,1.0,0.6118822135570257]
[57883,2336,1.0,0.48722005607370894]
[60935,21685,1.0,0.715606569573677]
[60935,40802,1.0,0.43298098442774857]
[60935,4039,1.0,0.5645993604136591]
[60935,57883,1.0,0.48267814785029095]
[22576,22570,1.0,0.9858494782901697]
[22576,22573,1.0,0.98211223215989]
[22576,22567,1.0,0.9863878198643078]
[22570,22567,1.0,0.9919839916101322]
[22573,22570,1.0,0.9946939993737459]
[22573,22567,1.0,0.989600274614173]
[43819,43816,1.0,0.9544335524479043]
[68869,68866,1.0,0.9858695413887195]
[68869,68863,1.0,0.9709612959326288]
[68869,68860,1.0,0.9944660782509854]
[131733,68869,1.0,0.40703528652408816]
[131733,23877,1.0,0.47922675178316726]
[131733,68863,1.0,0.421224513603559]
[131733,7318,1.0,0.49541170269831264]
[131733,68860,1.0,0.421224513603559]
[27684,27681,1.0,0.9675936573404353]
[27687,27684,1.0,0.9279210158229583]
[27687,27681,1.0,0.9640605599548113]
[68866,68863,1.0,0.9494015765230617]
[68866,68860,1.0,0.9877726362494229]
[5901,5898,1.0,0.9895588436932962]
[43822,43819,1.0,0.941188343587463]
[43822,27684,1.0,0.5434127840771287]
[43822,27687,1.0,0.5327076318465201]
[43822,27681,1.0,0.564450795672244]
[43822,43816,1.0,0.9929447031128371]
[5904,5901,1.0,0.9916002078936929]
[5904,5898,1.0,0.9929318100825512]
[23877,7318,1.0,0.450682455362938]
[68863,68860,1.0,0.9929562237158024]
[16441,7318,1.0,0.4351525719436687]
[54813,27684,1.0,0.40561753231022035]
[118887,96112,1.0,0.4484243301041783]
[27690,27684,1.0,0.9675936573404353]
[27690,27687,1.0,0.9640605599548113]
[27690,27681,1.0,0.9952227536000962]
[125263,125257,1.0,0.9905564682541387]
[116265,116262,1.0,0.9952227536000962]
[131563,131560,1.0,0.9663480521937062]
[20812,20806,1.0,0.9780040029804167]
[34158,34155,1.0,0.9812490646684334]
[110526,15971,1.0,0.44648702728973727]
[107905,104190,1.0,0.5542300161489029]
[39920,39914,1.0,0.9742173049970496]
[39920,39917,1.0,0.9337984539270271]
[57897,57891,1.0,0.42818915706193583]
[70690,70687,1.0,0.9952227536000962]
[25391,25385,1.0,0.9287553507230655]
[25391,25388,1.0,0.6431959967329292]
[38862,38859,1.0,0.9927742648919292]
[25394,25385,1.0,0.9898020053592568]
[25394,25391,1.0,0.8779594380076386]
[25394,25388,1.0,0.7652090686909331]
[70693,70687,1.0,0.9875364913677949]
[70693,70690,1.0,0.9875364913677949]
[39917,39914,1.0,0.9926278674655746]
[57894,57891,1.0,0.9913138419944877]
[25388,25385,1.0,0.7633473873172757]
[52075,52072,1.0,0.9929318100825512]
[52078,52072,1.0,0.9883652126324259]
[52078,52075,1.0,0.9775628102379768]
[13695,13689,1.0,0.9624960423924022]
[13695,13692,1.0,0.838879332474014]
[27536,24040,1.0,0.42558098606213984]
[27536,27533,1.0,0.9952227536000962]
[78845,78842,1.0,0.9939287085123063]
[13692,13689,1.0,0.9199995585928125]
[78848,78842,1.0,0.9914849799940357]
[78848,78845,1.0,0.9892532949947562]
[95062,95059,1.0,0.9593134506408403]
[35315,35312,1.0,0.9911457621988602]
[91303,91300,1.0,0.9753581567199264]
[91303,83183,1.0,0.6806518569519289]
[33452,10173,1.0,0.4048962646624648]
[83183,24892,1.0,0.4021312478501706]
[91306,91300,1.0,0.9941331399080218]
[91306,91303,1.0,0.971039522752592]
[121231,91306,1.0,0.42699924236722997]
[95065,95062,1.0,0.8230104047486465]
[95065,95059,1.0,0.9931104914234599]
[103735,103732,1.0,0.9952227536000962]
[103741,103735,1.0,0.9952227536000962]
[103741,103732,1.0,0.9952227536000962]
[103744,103735,1.0,0.9796185877099388]
[103744,103741,1.0,0.9796185877099388]
[103744,103732,1.0,0.9796185877099388]
[67200,12382,1.0,0.5312732409072465]
[45183,12382,1.0,0.40963157318858767]
[25160,12382,1.0,0.6034586618483683]
[124323,12382,1.0,0.7847343281478745]
[23822,12382,1.0,0.73765658284477]
[45022,12382,1.0,0.7580547327576945]
[36434,12382,1.0,0.411270494086259]
[67576,12382,1.0,0.7464687023302914]
[35728,12382,1.0,0.6088821906752709]
[114024,12382,1.0,0.5148398373111756]
[39046,12382,1.0,0.7602349471026323]
[58169,12382,1.0,0.8443869577042302]
[83628,63082,1.0,0.41957937255067873]
[17147,17144,1.0,0.8402841727586301]
[17147,17141,1.0,0.8431708758995523]
[132306,132300,1.0,0.8953759693264457]
[132306,132303,1.0,0.9798049987660586]
[132306,132297,1.0,0.9668254149539325]
[16104,16098,1.0,0.9941089636720927]
[16104,16101,1.0,0.9906668567708514]
[132300,132297,1.0,0.9290222530104959]
[46913,46907,1.0,0.8695664175755972]
[17144,17141,1.0,0.9908943244926873]
[105201,105198,1.0,0.9952227536000962]
[132303,132300,1.0,0.8927518983895119]
[132303,132297,1.0,0.9917038292066669]
[132309,132306,1.0,0.9776149815030309]
[132309,132300,1.0,0.9290222530104959]
[132309,132303,1.0,0.9946572280446236]
[132309,132297,1.0,0.9952227536000962]
[60843,60840,1.0,0.9854000237941047]
[127470,127464,1.0,0.9918818867765093]
[127470,127467,1.0,0.9824969297498102]
[16101,16098,1.0,0.9923884262093288]
[16110,16104,1.0,0.9789435739576512]
[16110,16098,1.0,0.9825303233354379]
[16110,16101,1.0,0.9831928619506304]
[16110,16107,1.0,0.9785306308770729]
[103309,79496,1.0,0.40258060504313675]
[103309,26857,1.0,0.4120353403708832]
[110884,90131,1.0,0.6071556493636937]
[46916,46913,1.0,0.673310646833506]
[46916,46907,1.0,0.9797038257729493]
[100441,100435,1.0,0.9701172726856055]
[100441,100438,1.0,0.9701172726856055]
[100438,100435,1.0,0.9952227536000962]
[17150,17147,1.0,0.8431708758995523]
[17150,17144,1.0,0.9908943244926873]
[17150,17141,1.0,0.9952227536000962]
[60846,60843,1.0,0.9840834080975224]
[60846,60840,1.0,0.9952227536000962]
[16107,16104,1.0,0.9915408198946684]
[16107,16098,1.0,0.9930958796241635]
[16107,16101,1.0,0.9891787415720419]
[17153,17147,1.0,0.7499431057132376]
[17153,17144,1.0,0.9802177187367176]
[17153,17150,1.0,0.9891233041798274]
[17153,17141,1.0,0.9891233041798274]
[60852,60843,1.0,0.8141636140805318]
[60852,60840,1.0,0.9031067582209277]
[60852,60846,1.0,0.9031067582209277]
[60852,60849,1.0,0.8929279881578628]
[127467,127464,1.0,0.9919130404558051]
[60849,60843,1.0,0.9797658836191642]
[60849,60840,1.0,0.9943950391570788]
[60849,60846,1.0,0.9943950391570788]
[90131,46925,1.0,0.5067289826015415]
[90131,79496,1.0,0.4048231812072315]
[90131,26857,1.0,0.7796787276206651]
[127476,127470,1.0,0.965452633616885]
[127476,127464,1.0,0.9746169947752034]
[127476,127467,1.0,0.9487966385748382]
[125076,125073,1.0,0.9930676807585843]
[97029,97026,1.0,0.8829204538623027]
[97029,97023,1.0,0.9424341519553368]
[97026,97023,1.0,0.9761259515485855]
[84661,84658,1.0,0.633009540444004]
[24267,24258,1.0,0.9769644498378282]
[24267,24264,1.0,0.5507110766143705]
[29546,23292,1.0,0.4503437163452429]
[27672,27669,1.0,0.9729587456463408]
[91260,29546,1.0,0.40115921954503936]
[111288,24267,1.0,0.5236766816234563]
[111288,29546,1.0,0.4002886369732408]
[71836,71833,1.0,0.9875478803503387]
[71836,23292,1.0,0.4242459328536824]
[110844,110841,1.0,0.8718485333740099]
[24264,24258,1.0,0.6721597260551234]
[81257,81248,1.0,0.9348585899356324]
[81257,81251,1.0,0.8766436186635858]
[81257,81254,1.0,0.9348585899356324]
[26266,13895,1.0,0.5540343665135645]
[12665,12662,1.0,0.9548329335496685]
[13895,3202,1.0,0.4791626625679854]
[13895,4034,1.0,0.7491544620593809]
[13895,13889,1.0,0.9952227536000962]
[13895,13892,1.0,0.9694787451094302]
[128832,13895,1.0,0.4285487449805581]
[106069,13895,1.0,0.44042314691545104]
[106069,106066,1.0,0.9925282939886803]
[106066,13895,1.0,0.44042314691545104]
[92374,13895,1.0,0.5570875868226174]
[78677,13895,1.0,0.5740347316428857]
[13892,13889,1.0,0.9694787451094302]
[81251,81248,1.0,0.9871612940720628]
[108112,13895,1.0,0.47823475911534613]
[81254,81248,1.0,0.9952227536000962]
[81254,81251,1.0,0.9871612940720628]
[69523,69517,1.0,0.9952227536000962]
[69523,69520,1.0,0.9930750981066655]
[69523,68522,1.0,0.630580054442989]
[69523,43034,1.0,0.4375353749046536]
[82899,68522,1.0,0.8044021589360159]
[82184,68522,1.0,0.4711567370323241]
[101781,68522,1.0,0.4870142841205013]
[69517,68522,1.0,0.630580054442989]
[68329,68326,1.0,0.965551623238472]
[32510,32507,1.0,0.4065875620494406]
[79074,68522,1.0,0.563881603385576]
[70534,68522,1.0,0.5198676633732315]
[108883,68522,1.0,0.635063651702795]
[104376,68522,1.0,0.5383817956164136]
[69526,69523,1.0,0.9729267846230467]
[69526,69517,1.0,0.9729267846230467]
[69526,69520,1.0,0.9629643829731287]
[69526,68522,1.0,0.6535495480616396]
[69520,69517,1.0,0.9930750981066655]
[69520,68522,1.0,0.630580054442989]
[113064,68522,1.0,0.41162539081913546]
[84606,84603,1.0,0.9929447031128371]
[68522,12396,1.0,0.4182711073628546]
[68522,23660,1.0,0.47760127836829963]
[68522,32507,1.0,0.5347978878853499]
[68522,42233,1.0,0.48949220066704685]
[68522,42583,1.0,0.6725606976848577]
[68522,43488,1.0,0.5922105738948573]
[68522,10374,1.0,0.48055280621915974]
[68522,48682,1.0,0.4416803998641317]
[68522,42336,1.0,0.4728359379721976]
[68522,38601,1.0,0.5418331953473471]
[68522,2547,1.0,0.5672830534967662]
[68522,39981,1.0,0.4025310781049803]
[68522,11676,1.0,0.5374014586418153]
[68522,68519,1.0,0.9942129708818666]
[68522,8272,1.0,0.4826225466047628]
[68522,43034,1.0,0.5772385197862554]
[68525,68522,1.0,0.9845944825453274]
[68525,68519,1.0,0.9624764227279238]
[84609,84606,1.0,0.9758228009576233]
[84609,84603,1.0,0.9933677579237732]
[128652,68522,1.0,0.4299730533756406]
[114429,68522,1.0,0.4446541093421497]
[120621,68522,1.0,0.5300736192864662]
[46479,40753,1.0,0.41409594246599196]
[126109,69523,1.0,0.4660082916835117]
[126109,68522,1.0,0.5873118610310901]
[91617,69523,1.0,0.5132564174580139]
[91617,48682,1.0,0.4504427252534607]
[91617,68522,1.0,0.5318431021256719]
[91617,91614,1.0,0.988934812387235]
[91614,69523,1.0,0.5137343020404096]
[91614,85192,1.0,0.42813505460870266]
[91614,48682,1.0,0.4483095399388389]
[91614,68522,1.0,0.5640866229621198]
[86570,64590,1.0,0.45382738448647714]
[44447,44441,1.0,0.994342093446844]
[44447,44444,1.0,0.9470846475363]
[44444,44441,1.0,0.9379909840486984]
[66439,66436,1.0,0.993833290446873]
[9794,4053,1.0,0.47862085268137666]
[23799,23796,1.0,0.9940141113486761]
[93067,93061,1.0,0.9952227536000962]
[93067,84236,1.0,0.5069277262206073]
[93067,93064,1.0,0.966892680105965]
[44090,44087,1.0,0.9952227536000962]
[67093,4053,1.0,0.4087916114426702]
[118978,43441,1.0,0.4048012126437622]
[84010,84007,1.0,0.9914729588753374]
[45162,43441,1.0,0.5837716893767635]
[45162,22241,1.0,0.44850434257945515]
[126351,126348,1.0,0.9952227536000962]
[126351,63030,1.0,0.5644677908163893]
[126351,63033,1.0,0.5644677908163893]
[126351,22241,1.0,0.495998123562013]
[69643,4053,1.0,0.6151560763099222]
[58474,4053,1.0,0.4196706746496546]
[93073,93067,1.0,0.9952227536000962]
[93073,93061,1.0,0.829967215339299]
[93073,93064,1.0,0.5488145688004991]
[56630,4053,1.0,0.5196604262411915]
[93076,93067,1.0,0.9927904021198166]
[93076,93061,1.0,0.9927904021198166]
[93076,93073,1.0,0.8029406287910388]
[93076,93064,1.0,0.9891367382988765]
[105886,4053,1.0,0.43696844180281735]
[93999,93996,1.0,0.9905564682541387]
[51316,51313,1.0,0.9440697194578024]
[118984,118978,1.0,0.99236012770395]
[118984,43441,1.0,0.40787444422604735]
[118984,118981,1.0,0.9919919710372761]
[36497,4053,1.0,0.45416926886449954]
[77418,63030,1.0,0.4127820624584378]
[77418,4053,1.0,0.7231450595284353]
[77418,4050,1.0,0.4335765919634786]
[77418,63033,1.0,0.4127820624584378]
[77418,22241,1.0,0.42873972026925844]
[23802,23799,1.0,0.976758049315815]
[23802,23796,1.0,0.986925116811151]
[41363,4053,1.0,0.44079249731576786]
[121008,111786,1.0,0.40248985674711135]
[37917,4053,1.0,0.7293436583047501]
[63030,45162,1.0,0.49658872135310467]
[63030,4053,1.0,0.794478861130693]
[63030,43441,1.0,0.5746033129862482]
[38633,4053,1.0,0.4658160492944752]
[93064,93061,1.0,0.9554017871787471]
[97147,4053,1.0,0.46492927986557425]
[44093,44090,1.0,0.9551497443188914]
[44093,44087,1.0,0.9551497443188914]
[4053,4050,1.0,0.9952227536000962]
[66213,4053,1.0,0.4257572982190644]
[44096,44090,1.0,0.938953526384664]
[44096,44087,1.0,0.5671433851556267]
[105579,37917,1.0,0.49248315241832025]
[105579,63030,1.0,0.4584902660617151]
[105579,4053,1.0,0.5556655505699634]
[105579,66213,1.0,0.6514430918659629]
[105579,96255,1.0,0.4193795145707859]
[105579,4093,1.0,0.45801684621897365]
[105579,23252,1.0,0.43571470163432907]
[105579,63033,1.0,0.4584902660617151]
[105579,22241,1.0,0.5865548492507966]
[96255,44090,1.0,0.42450346596687116]
[96255,4053,1.0,0.5978425847492789]
[96255,43441,1.0,0.4097824862546626]
[105237,44667,1.0,0.5433731530668681]
[105237,84236,1.0,0.48249836780240024]
[129075,129072,1.0,0.992554258292483]
[43441,22241,1.0,0.49345368274853385]
[107563,1214,1.0,0.4246648831114002]
[107563,41098,1.0,0.4604506994038742]
[107563,63030,1.0,0.45134375066869614]
[107563,54347,1.0,0.4732709095034343]
[107563,8178,1.0,0.8375614580518279]
[107563,63033,1.0,0.45134375066869614]
[118981,118978,1.0,0.9949785116292866]
[118981,43441,1.0,0.42107111859514046]
[8178,4053,1.0,0.45712274952006354]
[111786,89584,1.0,0.44066103560561953]
[111786,93067,1.0,0.44597352545349267]
[111786,57776,1.0,0.438659453545933]
[63033,45162,1.0,0.49658872135310467]
[63033,63030,1.0,0.9952227536000962]
[63033,4053,1.0,0.794478861130693]
[63033,43441,1.0,0.5746033129862482]
[22241,4053,1.0,0.7172584449068565]
[101661,4053,1.0,0.4785468202525187]
[17526,17520,1.0,0.5242255441869383]
[17526,17514,1.0,0.7104792979376459]
[17526,17517,1.0,0.5728251563354038]
[17526,17523,1.0,0.44490685498520655]
[51779,51773,1.0,0.9921471266607758]
[51779,51776,1.0,0.9921471266607758]
[17529,17520,1.0,0.9821721494348294]
[17529,17514,1.0,0.989859050224634]
[17529,17517,1.0,0.9845483309119796]
[17529,17523,1.0,0.9413298866334155]
[94821,94818,1.0,0.9673681309684957]
[115228,115225,1.0,0.9295231610202926]
[115228,115222,1.0,0.9635168236303268]
[91638,91635,1.0,0.9936734116065394]
[91638,1818,1.0,0.5124490273322642]
[66563,66560,1.0,0.9814487871843366]
[91635,1818,1.0,0.4624523490095235]
[66566,66563,1.0,0.9783741633871134]
[66566,66560,1.0,0.9925468645354409]
[94824,94821,1.0,0.9872021338195044]
[94824,94818,1.0,0.9271664365124733]
[94827,94821,1.0,0.9582157607549409]
[94827,94824,1.0,0.9091588325446287]
[94827,94818,1.0,0.9935194199958551]
[94830,94821,1.0,0.8962053960600322]
[94830,94824,1.0,0.806390481570157]
[94830,94818,1.0,0.9818208560471238]
[94830,94827,1.0,0.977051421581507]
[53377,53374,1.0,0.9931579754637436]
[51773,49327,1.0,0.4562938096700121]
[51773,13416,1.0,0.4205311708400842]
[51773,1818,1.0,0.44711282193125046]
[51773,46013,1.0,0.4023327068944986]
[88698,88695,1.0,0.9257218648713954]
[17520,17514,1.0,0.9891494974439293]
[17520,17517,1.0,0.9828566566720788]
[53380,53377,1.0,0.7469657782967292]
[53380,53374,1.0,0.7469657782967292]
[51776,49327,1.0,0.4562938096700121]
[51776,13416,1.0,0.4205311708400842]
[51776,1818,1.0,0.44711282193125046]
[51776,51773,1.0,0.9952227536000962]
[51776,46013,1.0,0.4023327068944986]
[115225,115222,1.0,0.9877726362494229]
[17517,17514,1.0,0.9917712626600567]
[17523,17520,1.0,0.8404368571511746]
[17523,17514,1.0,0.9309492006513411]
[17523,17517,1.0,0.8674246681215825]
[11860,11851,1.0,0.9820044142443753]
[11860,11857,1.0,0.9820044142443753]
[11860,11854,1.0,0.9397832979850127]
[91387,91384,1.0,0.993172515220938]
[11857,11851,1.0,0.9952227536000962]
[11857,11854,1.0,0.9927904021198166]
[91390,91387,1.0,0.974107768330634]
[91390,91384,1.0,0.9830525443005802]
[11854,11851,1.0,0.9778715273596276]
[131523,114637,1.0,0.48174699501864593]
[114637,33606,1.0,0.5846758681456561]
[114637,69206,1.0,0.594271115411464]
[114637,44411,1.0,0.4608557577303138]
[114637,105846,1.0,0.41255075413549364]
[114637,75929,1.0,0.5368550700419992]
[80629,78468,1.0,0.6110453327973735]
[24694,24691,1.0,0.7284844509049748]
[24697,24694,1.0,0.6129115210910617]
[24697,24691,1.0,0.9662288170620329]
[32707,32701,1.0,0.9559683660992329]
[32707,32704,1.0,0.9074983337558675]
[32704,32701,1.0,0.9757958192984313]
[6649,6646,1.0,0.9918426894149314]
[64111,64108,1.0,0.9875482013239689]
[84373,84370,1.0,0.8655200731081153]
[84373,84367,1.0,0.9846409844868761]
[84370,84367,1.0,0.945664704682507]
[76009,76006,1.0,0.9900243591141195]
[19077,19071,1.0,0.9931390903443387]
[19077,19074,1.0,0.9858336069484875]
[122112,19071,1.0,0.5377157987083043]
[122112,18652,1.0,0.49353056294249353]
[122112,54698,1.0,0.6602536683087847]
[122112,19080,1.0,0.5377157987083043]
[122112,15596,1.0,0.6219610733309123]
[122112,98505,1.0,0.4516384124013979]
[122112,19074,1.0,0.47231281512658346]
[65457,65454,1.0,0.9611414672964269]
[19080,19071,1.0,0.9929864502107044]
[19080,19077,1.0,0.9923414504017719]
[19080,19074,1.0,0.9858336069484875]
[15596,15593,1.0,0.9738856077301288]
[98505,84630,1.0,0.435923632900803]
[84630,18652,1.0,0.4132974008306403]
[84630,15596,1.0,0.44324072804599857]
[19074,19071,1.0,0.9830130754978162]
[65460,65457,1.0,0.9541660328952898]
[65460,65454,1.0,0.9941212186000911]
[125359,41452,1.0,0.4555228987226278]
[125793,41452,1.0,0.5115347308106047]
[82416,41452,1.0,0.5234057322128148]
[41455,41452,1.0,0.9659703089698347]
[41455,41449,1.0,0.9831549246444888]
[102720,41452,1.0,0.41581341289727924]
[41452,31537,1.0,0.4129082663539898]
[41452,41449,1.0,0.9819313166369297]
[67783,41452,1.0,0.413829389031769]
[67496,67490,1.0,0.9904150569477976]
[67496,67493,1.0,0.9904150569477976]
[67499,67490,1.0,0.8388620686949295]
[67499,67496,1.0,0.9739389696516111]
[67499,67493,1.0,0.8388620686949295]
[67502,67490,1.0,0.9571377167226599]
[67502,67496,1.0,0.9157363694916649]
[67502,67499,1.0,0.6324459546977422]
[67502,67493,1.0,0.8768998169736943]
[67493,67490,1.0,0.9829714173435662]
[81167,81164,1.0,0.6277460595166443]
[81170,81164,1.0,0.9952227536000962]
[81170,81167,1.0,0.43624296920070105]
[80630,80624,1.0,0.5318663811572706]
[130221,50446,1.0,0.45486016948504326]
[50446,29443,1.0,0.7886617228830967]
[50446,9115,1.0,0.7406553864658779]
[50446,47220,1.0,0.7817633260888828]
[50446,17885,1.0,0.7216946831744796]
[50446,12331,1.0,0.4212079142741048]
[50446,49353,1.0,0.8255788318966165]
[50446,40708,1.0,0.841137559409459]
[61359,50446,1.0,0.7468490740592014]
[93772,50446,1.0,0.4287034446244053]
[6215,6209,1.0,0.9939489093235349]
[6215,6212,1.0,0.9875965730280969]
[94157,94154,1.0,0.968890390464385]
[94157,94148,1.0,0.9914729588753374]
[94157,94151,1.0,0.9864608287311907]
[94154,94148,1.0,0.9805709215268852]
[94154,94151,1.0,0.9805709215268852]
[94154,35131,1.0,0.4441800371657216]
[17536,9584,1.0,0.4623934860753492]
[60751,60748,1.0,0.9952227536000962]
[6212,6209,1.0,0.9900592205763161]
[94151,94148,1.0,0.9856110644422683]
[70330,70327,1.0,0.7581298576350783]
[70333,70327,1.0,0.9927904021198166]
[70333,70330,1.0,0.7091170967113577]
[68122,49347,1.0,0.43409961057219826]
[68122,68119,1.0,0.9945081630075626]
[40275,40272,1.0,0.9583334558755653]
[97845,68122,1.0,0.43037603703741995]
[97845,68119,1.0,0.43377421267695904]
[97845,68125,1.0,0.44885292590269743]
[117058,117055,1.0,0.9940614722313001]
[117061,117055,1.0,0.9952227536000962]
[117061,117058,1.0,0.9940614722313001]
[5342,5339,1.0,0.9925282939886803]
[68119,49347,1.0,0.43409961057219826]
[68125,68122,1.0,0.9920984223305159]
[68125,49347,1.0,0.43662343935187425]
[68125,68119,1.0,0.9950492062368131]
[60027,60024,1.0,0.9842365892721153]
[127377,127374,1.0,0.9944330293841405]
[87548,87545,1.0,0.9944419907168713]
[87557,87548,1.0,0.9919921356587387]
[87557,87545,1.0,0.9930676807585843]
[87557,87551,1.0,0.9912679407452557]
[87557,87554,1.0,0.9816145962439445]
[129508,129505,1.0,0.9922444720626648]
[12468,12465,1.0,0.9952227536000962]
[87551,87548,1.0,0.992908698828297]
[87551,87545,1.0,0.9939115630013113]
[129511,129508,1.0,0.6529600902570917]
[129511,129505,1.0,0.729452265754689]
[87554,87548,1.0,0.985828477920381]
[87554,87545,1.0,0.9587186087774047]
[87554,87551,1.0,0.9496097490980673]
[32669,32666,1.0,0.9117581595482946]
[32669,32660,1.0,0.9848427630832773]
[97497,97494,1.0,0.9905564682541387]
[99504,99498,1.0,0.9762617629469402]
[32666,32660,1.0,0.9919736615153156]
[45628,45625,1.0,0.8887583736119443]
[32672,32669,1.0,0.9848427630832773]
[32672,32666,1.0,0.9871975936995795]
[32672,32660,1.0,0.9952227536000962]
[87861,22645,1.0,0.47583609267897936]
[121513,33300,1.0,0.5556966468896662]
[97884,49580,1.0,0.41501228895241815]
[89893,33300,1.0,0.5865683895932119]
[68251,49580,1.0,0.5447863048779014]
[49580,35447,1.0,0.6711899932206483]
[9618,9615,1.0,0.9900385220016177]
[1164,1158,1.0,0.9877812743869288]
[35447,33300,1.0,0.4390842013359008]
[33300,22645,1.0,0.45548880263791003]
[121690,22645,1.0,0.46270749068260203]
[121690,121687,1.0,0.9952227536000962]
[34509,28398,1.0,0.7008288972254438]
[121987,85690,1.0,0.40140565123038413]
[121987,100425,1.0,0.634807392711217]
[121987,6473,1.0,0.4504464494281981]
[121987,82455,1.0,0.6905924583819864]
[100431,100425,1.0,0.9560213098464198]
[100431,100422,1.0,0.9874882310208049]
[100431,100428,1.0,0.9874882310208049]
[120094,100425,1.0,0.4272235313445039]
[62594,62588,1.0,0.9871719023405281]
[62594,62591,1.0,0.8389429336777527]
[100425,3288,1.0,0.5064238576501738]
[100425,45188,1.0,0.5862544917519555]
[100425,58263,1.0,0.5386103680306497]
[100425,85690,1.0,0.408542294251861]
[100425,52142,1.0,0.42715892185447346]
[100425,100422,1.0,0.9929740182557368]
[100425,90035,1.0,0.4455121094108497]
[100425,88955,1.0,0.48806040542258555]
[100425,6473,1.0,0.4503901913873812]
[100425,40902,1.0,0.5827262034102607]
[100425,25644,1.0,0.525519115693794]
[100425,82455,1.0,0.561128193926751]
[100425,91457,1.0,0.42059176470693893]
[100425,5975,1.0,0.6391268179179059]
[100425,77686,1.0,0.6555467847607631]
[133029,100425,1.0,0.47595100830691994]
[133029,82455,1.0,0.487679541833714]
[133029,114858,1.0,0.520671898892449]
[133029,70115,1.0,0.5107110100185912]
[82455,58263,1.0,0.4674089497174632]
[82455,52142,1.0,0.42285236419039124]
[82455,5975,1.0,0.5429995120946012]
[86281,86278,1.0,0.953083201258851]
[86281,86275,1.0,0.9809014568072565]
[122542,121987,1.0,0.6263775013328904]
[122542,100425,1.0,0.49653256318101396]
[114858,52142,1.0,0.5033272663737065]
[114858,100425,1.0,0.6768547502682001]
[114858,5975,1.0,0.49765299558678383]
[86278,86275,1.0,0.986301512617109]
[62591,62588,1.0,0.9187787630148765]
[120294,100425,1.0,0.47853398253420154]
[100428,100425,1.0,0.9811231166430423]
[100428,100422,1.0,0.9952227536000962]
[100428,82455,1.0,0.5778813411458009]
[119029,100425,1.0,0.5891076963934071]
[61228,51346,1.0,0.4358016730986482]
[125862,89429,1.0,0.5935016590253365]
[83299,83296,1.0,0.9741091870565856]
[82283,82280,1.0,0.9859369605433117]
[35053,35050,1.0,0.9929243387519429]
[85372,85369,1.0,0.9878842781982904]
[108543,108537,1.0,0.9952227536000962]
[108543,24823,1.0,0.4160754950350962]
[108543,108540,1.0,0.8188348267349161]
[85375,11730,1.0,0.4278835925428915]
[85375,85372,1.0,0.9817377590331868]
[85375,85369,1.0,0.983067111976959]
[82286,82283,1.0,0.49453403097245857]
[58658,58649,1.0,0.9745913298569896]
[58658,58655,1.0,0.8469063917017475]
[58658,58652,1.0,0.9124371140615142]
[58655,58649,1.0,0.9846938742640309]
[58655,58652,1.0,0.8432656841816086]
[58652,58649,1.0,0.944777623942481]
[4741,4735,1.0,0.9952227536000962]
[4741,4738,1.0,0.9924234816517693]
[4738,4735,1.0,0.9924234816517693]
[58661,58649,1.0,0.7594270167966489]
[58661,58658,1.0,0.6951511430249829]
[58661,58655,1.0,0.4314806741294846]
[58661,58652,1.0,0.5581739842769295]
