[126304,126301,1.0,0.9916781522479475]
[126304,75795,1.0,0.526386340459612]
[126304,107602,1.0,0.4945107579767772]
[12679,12676,1.0,0.9927742648919292]
[12688,12679,1.0,0.9927742648919292]
[12688,12685,1.0,0.9871772845011926]
[12688,12682,1.0,0.979387673755466]
[12688,12676,1.0,0.9952227536000962]
[126301,75795,1.0,0.5941738371265572]
[126301,107602,1.0,0.4945107579767772]
[12685,12679,1.0,0.9809033555072073]
[12685,12682,1.0,0.9686474361511805]
[12685,12676,1.0,0.9867854851297579]
[12682,12679,1.0,0.6874653231343687]
[12682,12676,1.0,0.7381911630016085]
[44317,44314,1.0,0.9263200691945636]
[44317,44311,1.0,0.9126277179119732]
[75795,23320,1.0,0.5648779982432787]
[75795,58333,1.0,0.4512450606296767]
[75795,58330,1.0,0.4032373463550772]
[107602,12688,1.0,0.4923720513121904]
[107602,12685,1.0,0.40360883679072634]
[127102,126304,1.0,0.4246949115455679]
[127102,12688,1.0,0.4175767589174673]
[127102,126301,1.0,0.4274804846563956]
[127102,23320,1.0,0.44585215859656213]
[127102,110361,1.0,0.5638115311932989]
[127102,44314,1.0,0.5099334917645755]
[110361,75795,1.0,0.5163895835222446]
[58333,58330,1.0,0.9755660200985435]
[44314,44311,1.0,0.9921136341340895]
[65861,65858,1.0,0.989950053515779]
[128473,12688,1.0,0.46001918484038906]
[109296,109287,1.0,0.9952227536000962]
[109296,109293,1.0,0.9903225318416143]
[109296,109284,1.0,0.9952227536000962]
[109296,109290,1.0,0.9904152444271529]
[109287,109284,1.0,0.9952227536000962]
[38279,38267,1.0,0.9813318721797538]
[38279,38270,1.0,0.9550565434993606]
[38279,38273,1.0,0.803512514291269]
[38270,38267,1.0,0.9782697179442209]
[109293,109287,1.0,0.9945658729539499]
[109293,109284,1.0,0.9945658729539499]
[109293,109290,1.0,0.9927606241838725]
[109290,109287,1.0,0.9941364230410167]
[109290,109284,1.0,0.9941364230410167]
[38273,38267,1.0,0.9259724745489762]
[38273,38270,1.0,0.7956939003704444]
[48863,27890,1.0,0.4233564664292505]
[69747,69741,1.0,0.9807283403975978]
[69747,69744,1.0,0.9361202349337896]
[27633,27624,1.0,0.9900592205763161]
[27633,27627,1.0,0.8835036585626903]
[27627,27624,1.0,0.9295371968484347]
[69744,69741,1.0,0.9793190537180682]
[28219,16605,1.0,0.44271881374266975]
[120204,16605,1.0,0.5718531054994439]
[70070,70067,1.0,0.9670840906913521]
[44647,44644,1.0,0.9854009260014921]
[44647,44641,1.0,0.9841677140783701]
[113712,113709,1.0,0.9900592205763161]
[44644,44641,1.0,0.9930676807585843]
[96129,96126,1.0,0.9914756223331858]
[91270,91267,1.0,0.9737652293427363]
[91276,91270,1.0,0.9517184916780443]
[91276,91273,1.0,0.9810473840029742]
[91276,91267,1.0,0.9882094482810354]
[38178,38175,1.0,0.9899899668414485]
[91273,91270,1.0,0.9381129270471861]
[91273,91267,1.0,0.9867784182961624]
[35349,35346,1.0,0.9911720893702088]
[35352,35349,1.0,0.9621917366396632]
[35352,35346,1.0,0.9765458868100763]
[58159,58156,1.0,0.9913719155278211]
[58159,58153,1.0,0.9952227536000962]
[128583,58156,1.0,0.40886143013422616]
[128583,58153,1.0,0.4229402443917968]
[68657,58156,1.0,0.5221657419241077]
[68657,58153,1.0,0.5382751019981041]
[58156,13846,1.0,0.4233778678962994]
[58156,10624,1.0,0.4295538861079597]
[58156,34053,1.0,0.4317284670557517]
[58156,13720,1.0,0.5084484630469631]
[58156,10260,1.0,0.6232739010166154]
[58156,58153,1.0,0.9946149626479851]
[62297,58159,1.0,0.46046562324299667]
[62297,58156,1.0,0.43425525249407615]
[62297,58153,1.0,0.46046562324299667]
[89388,58156,1.0,0.4778230038782047]
[89388,58153,1.0,0.4899080056161373]
[58153,13846,1.0,0.427727995986845]
[58153,10624,1.0,0.43406577001095537]
[58153,34053,1.0,0.4480061137586139]
[58153,13720,1.0,0.512158012289827]
[58153,10260,1.0,0.6248715712678137]
[88468,88462,1.0,0.8715488817235908]
[113869,9746,1.0,0.414291955043376]
[8677,3515,1.0,0.43986899361725285]
[61583,61580,1.0,0.9946572280446236]
[16541,16535,1.0,0.9902415465427553]
[16541,16538,1.0,0.9925468645354409]
[3189,3183,1.0,0.9859816848900101]
[3189,3180,1.0,0.9884923456349645]
[3189,3186,1.0,0.987906534992844]
[3183,3180,1.0,0.9926278674655746]
[16538,16535,1.0,0.9952227536000962]
[3186,3183,1.0,0.9922053829581191]
[3186,3180,1.0,0.9949181171750051]
[41568,41562,1.0,0.9770399446117833]
[68877,34952,1.0,0.6587227699469262]
[78575,68877,1.0,0.4112691180550225]
[112321,103152,1.0,0.5477032276607308]
[112321,87485,1.0,0.405159550525888]
[112321,76995,1.0,0.5606247760374479]
[104262,75442,1.0,0.5177744998133607]
[104265,75442,1.0,0.5177744998133607]
[104265,104262,1.0,0.9783032542068444]
[129528,129525,1.0,0.9952227536000962]
[112477,81258,1.0,0.44395242434974486]
[112477,69369,1.0,0.4107372450505984]
[112477,112471,1.0,0.9742566020061058]
[112477,63979,1.0,0.4184315431599301]
[112477,74790,1.0,0.6510862953471127]
[112477,112474,1.0,0.8783837223013795]
[112477,74796,1.0,0.5989921099568318]
[112477,96243,1.0,0.43337561511443035]
[112477,74793,1.0,0.6510862953471127]
[112477,112468,1.0,0.9797608061294161]
[112477,9972,1.0,0.49706020152046976]
[131818,112477,1.0,0.4478768051570176]
[93009,93006,1.0,0.9456979788162949]
[132280,55426,1.0,0.4026731433350878]
[132280,15202,1.0,0.45457533439512215]
[132280,73926,1.0,0.5173470547252417]
[132280,15205,1.0,0.5512402071086159]
[112471,112468,1.0,0.9668177379848264]
[131824,112477,1.0,0.4240412840070576]
[131824,131818,1.0,0.9942129708818666]
[131824,131821,1.0,0.9942129708818666]
[86623,81258,1.0,0.6656026012637514]
[86623,9972,1.0,0.4236580583446831]
[86623,6455,1.0,0.49894546439088866]
[8253,8250,1.0,0.9801212425906584]
[131821,112477,1.0,0.4478768051570176]
[131821,131818,1.0,0.9952227536000962]
[73926,64399,1.0,0.40364998564823334]
[73926,13857,1.0,0.4839213432167873]
[131827,112477,1.0,0.5200599577753603]
[131827,131818,1.0,0.9952227536000962]
[131827,131824,1.0,0.9942129708818666]
[131827,131821,1.0,0.9952227536000962]
[112474,112471,1.0,0.849181949440061]
[112474,112468,1.0,0.9209901098673113]
[74796,74790,1.0,0.9746375159212924]
[74796,74793,1.0,0.9242111656716372]
[74793,74790,1.0,0.9808640992259944]
[86816,86813,1.0,0.992032811459589]
[105475,105469,1.0,0.9952227536000962]
[98818,98815,1.0,0.9905564682541387]
[120787,112477,1.0,0.5107993902605344]
[120787,120784,1.0,0.908418238253626]
[15205,15202,1.0,0.9788816296138521]
[55582,34972,1.0,0.4822532328057188]
[112480,112477,1.0,0.9797608061294161]
[112480,112471,1.0,0.9469660036556249]
[112480,112474,1.0,0.7470710105999034]
[112480,112468,1.0,0.9649958767285841]
[98815,86623,1.0,0.416977036535431]
[8256,8250,1.0,0.9948031445632672]
[8256,8253,1.0,0.9786748078200729]
[55878,55875,1.0,0.9940396568789889]
[55884,55878,1.0,0.9883919032904714]
[55884,55881,1.0,0.9892472898460123]
[55884,55875,1.0,0.9905564682541387]
[55881,55878,1.0,0.9898866878887125]
[55881,55875,1.0,0.9904844431418558]
[15413,15410,1.0,0.9756204019919881]
[15413,9586,1.0,0.41238926371242174]
[121542,9586,1.0,0.6279550335413947]
[69395,38465,1.0,0.46705382786039396]
[81548,69395,1.0,0.40220070205935393]
[96882,96876,1.0,0.9047190335056872]
[96882,96879,1.0,0.9444302630106569]
[96879,60065,1.0,0.49807779656032825]
[96879,96876,1.0,0.9952227536000962]
[50101,38465,1.0,0.40868713106655863]
[38465,27021,1.0,0.5303407565725864]
[114246,106246,1.0,0.46646432965398765]
[69862,69859,1.0,0.9914057818675445]
[69862,38465,1.0,0.4618491241513717]
[75104,75101,1.0,0.9929231496054209]
[92152,92143,1.0,0.9823637122999408]
[92152,92146,1.0,0.9364140593779765]
[92152,92149,1.0,0.9704461714072276]
[88149,88140,1.0,0.9946572280446236]
[88149,88143,1.0,0.9184716777024625]
[88149,88146,1.0,0.946645641010256]
[92146,92143,1.0,0.9627802642595191]
[88143,88140,1.0,0.967334080790333]
[88146,88140,1.0,0.9740932961560346]
[88146,88143,1.0,0.8084611600498678]
[92149,92143,1.0,0.9947262821994]
[92149,92146,1.0,0.9599787381638669]
[29919,29913,1.0,0.9920352835649638]
[54228,54225,1.0,0.9866349653737911]
[54228,54222,1.0,0.9866349653737911]
[90335,12661,1.0,0.4965053546134993]
[9223,9220,1.0,0.9828745242192207]
[54225,54222,1.0,0.9952227536000962]
[47400,47391,1.0,0.9678931473294259]
[47400,47397,1.0,0.9491301066227769]
[9226,9223,1.0,0.9828745242192207]
[9226,9220,1.0,0.9952227536000962]
[29922,29919,1.0,0.9914729588753374]
[29922,29913,1.0,0.9914729588753374]
[47394,47391,1.0,0.6279928285576084]
[47397,47391,1.0,0.9861487311076174]
[47397,47394,1.0,0.46748965516338664]
[92068,84788,1.0,0.46595692079151013]
[56395,56392,1.0,0.9811859999907528]
[56398,56395,1.0,0.5260911282472813]
[56398,56392,1.0,0.5982485803788393]
[84788,75546,1.0,0.5064742554960534]
[54287,54284,1.0,0.9767835241036401]
[2989,2986,1.0,0.9952227536000962]
[56401,56395,1.0,0.9517196863866232]
[56401,56398,1.0,0.5362271970467224]
[56401,56392,1.0,0.9863610643829779]
[94052,13676,1.0,0.5199340813855768]
[54290,54287,1.0,0.9886711270711864]
[54290,54284,1.0,0.9941597999439362]
[102780,78914,1.0,0.43470423071845404]
[122643,42703,1.0,0.7063846151747288]
[129826,42703,1.0,0.4231442679117773]
[63790,63787,1.0,0.985870891926574]
[19193,19190,1.0,0.9945081630075626]
[11630,11624,1.0,0.9608433315243274]
[11630,11627,1.0,0.9582656828444746]
[11633,11630,1.0,0.7913581220321215]
[11633,11624,1.0,0.6922193332670284]
[11633,11627,1.0,0.6922193332670284]
[15251,15245,1.0,0.9921319581968403]
[11627,11624,1.0,0.9872021338195044]
[49990,49981,1.0,0.9557263042037154]
[49990,49975,1.0,0.9581105386589459]
[49981,49975,1.0,0.9905564682541387]
[85763,85760,1.0,0.9503021684753515]
[63944,63938,1.0,0.9952227536000962]
[63944,63941,1.0,0.9899899668414485]
[63944,29399,1.0,0.507915254419142]
[63941,61299,1.0,0.44800827583769015]
[63941,54844,1.0,0.6069120617783812]
[63941,63938,1.0,0.9899899668414485]
[63941,29399,1.0,0.4500553241213328]
[79149,63941,1.0,0.5499718576027883]
[79149,29399,1.0,0.4012110091484747]
[88788,15485,1.0,0.4530206254649099]
[87403,27410,1.0,0.6128839856303199]
[27407,3432,1.0,0.6040331525240602]
[27410,27407,1.0,0.9952227536000962]
[27410,3432,1.0,0.6040331525240602]
[65791,65785,1.0,0.981659156018156]
[98776,98767,1.0,0.9930842888657256]
[98776,98773,1.0,0.9731850962906965]
[98773,98767,1.0,0.9684880193135512]
[72193,72190,1.0,0.9904472170702479]
[17308,17305,1.0,0.8915049737231189]
[17311,17308,1.0,0.8489054289905563]
[17311,17305,1.0,0.9896976780959446]
[72196,72190,1.0,0.8728605208356863]
[72196,72193,1.0,0.6660535061373283]
[17314,17308,1.0,0.8542466627206405]
[17314,17311,1.0,0.9627079340797989]
[17314,17305,1.0,0.9867593649390504]
[122323,90070,1.0,0.5623020906794975]
[71502,13093,1.0,0.46364987014536907]
[80805,80802,1.0,0.9850362502310818]
[39464,39461,1.0,0.9935444618545265]
[80808,80802,1.0,0.9783103394800394]
[80808,80805,1.0,0.964676556731704]
[86502,86496,1.0,0.9939115630013113]
[86502,86499,1.0,0.9808607607666738]
[91116,80808,1.0,0.49945076634313984]
[91116,91113,1.0,0.9940652748684415]
[91116,13093,1.0,0.6118395217574478]
[7346,7340,1.0,0.9415534995240694]
[103536,91116,1.0,0.5536725843431828]
[132867,91116,1.0,0.41185391068202726]
[7349,7346,1.0,0.7203914117286684]
[7349,7340,1.0,0.9427523223843916]
[86499,86496,1.0,0.9846119093782634]
[47521,13093,1.0,0.4130353213989566]
[41607,13093,1.0,0.5057813048931161]
[86505,86496,1.0,0.9888932338708769]
[86505,86502,1.0,0.9876637545447742]
[86505,86499,1.0,0.9667919162542546]
[7343,7340,1.0,0.5779183948270044]
[93457,65554,1.0,0.4548145560396806]
[66853,62432,1.0,0.40785068015339265]
[66853,45006,1.0,0.6230775407032869]
[66853,38924,1.0,0.621877234723533]
[66853,24567,1.0,0.41564318881026974]
[66853,18450,1.0,0.7578107264807322]
[66853,28562,1.0,0.4331436022426245]
[66853,6751,1.0,0.4669652838143479]
[66853,6760,1.0,0.4669652838143479]
[66853,34874,1.0,0.5927226585051067]
[82473,65554,1.0,0.4279615888558164]
[95505,65554,1.0,0.4630281354435981]
[125379,65554,1.0,0.4036956776922604]
[65554,53128,1.0,0.41084502017009594]
[65554,5704,1.0,0.45614820751346496]
[65554,17161,1.0,0.4552840423743917]
[65554,61643,1.0,0.5680253847546565]
[65554,60821,1.0,0.6068441206656168]
[65554,7856,1.0,0.5092542521373066]
[65554,47414,1.0,0.5910654669867031]
[65554,62004,1.0,0.47771467165091563]
[65554,57422,1.0,0.4816888456917642]
[65554,33780,1.0,0.43387089188542033]
[98248,98242,1.0,0.9933677579237732]
[69929,66853,1.0,0.5092425896648772]
[69929,24567,1.0,0.47875111641901036]
[126115,65486,1.0,0.46365748972434984]
[126115,126112,1.0,0.9952227536000962]
[103753,62432,1.0,0.4458083862295929]
[24567,18450,1.0,0.4061026506846353]
[24567,6751,1.0,0.41798813679120705]
[24567,6760,1.0,0.41798813679120705]
[120586,65554,1.0,0.4477519589543376]
[109036,65554,1.0,0.41644365325856825]
[145,142,1.0,0.994754850866769]
[110491,92841,1.0,0.40905562439925935]
[87081,17161,1.0,0.44351165744914456]
[87081,65554,1.0,0.4165753035402317]
[6760,6751,1.0,0.9933461520505972]
[76196,65554,1.0,0.4426333187757664]
[92841,26481,1.0,0.4151355780940789]
[92841,60821,1.0,0.6394366890479148]
[92841,87081,1.0,0.46365093293270154]
[148,145,1.0,0.9151058915202928]
[148,142,1.0,0.9435757433873435]
[122446,65554,1.0,0.4087305802860586]
[34874,24567,1.0,0.45472378033461797]
[91283,65554,1.0,0.4632970358136172]
[60163,54056,1.0,0.6838668125202726]
[79798,79786,1.0,0.9326910133139135]
[79798,79795,1.0,0.8818563314860427]
[79798,79792,1.0,0.8531915599578181]
[79795,79786,1.0,0.9810498760277087]
[79795,79792,1.0,0.9454282031566424]
[79792,79786,1.0,0.9833514052893394]
[76287,52952,1.0,0.6028786142633459]
[76287,67369,1.0,0.4313424487099959]
[90673,76287,1.0,0.4508118668017875]
[69622,69619,1.0,0.9845918753142383]
[113743,113740,1.0,0.5496591560698573]
[52952,20159,1.0,0.5485082958195255]
[95655,567,1.0,0.44693932057665436]
[84183,76287,1.0,0.44448163203009416]
[36943,16300,1.0,0.5269973645847527]
[36943,36940,1.0,0.9905564682541387]
[63075,2395,1.0,0.4137191777374628]
[121365,67369,1.0,0.40787978702597033]
[67369,19413,1.0,0.5545545093229335]
[90676,76287,1.0,0.4508118668017875]
[90676,90673,1.0,0.9835933092060454]
[100125,48872,1.0,0.45634878021438424]
[36946,36943,1.0,0.9897227409333246]
[36946,36940,1.0,0.9874422983289758]
[6200,6197,1.0,0.4938992444219279]
[6200,6191,1.0,0.9909196098134082]
[112251,112248,1.0,0.9104472997895204]
[59830,15639,1.0,0.4353310116218151]
[114825,61142,1.0,0.4491822477963986]
[114825,88479,1.0,0.4793303348317736]
[75067,6200,1.0,0.40626302564581057]
[75067,6197,1.0,0.46208266075862214]
[75067,6191,1.0,0.40693170486914537]
[122671,88479,1.0,0.7104882140384275]
[6197,6191,1.0,0.40911639970555436]
[6197,6194,1.0,0.9778619497731654]
[112254,112251,1.0,0.9243334408309306]
[112254,112248,1.0,0.9325089538880407]
[47671,47665,1.0,0.6669959500520602]
[47671,47668,1.0,0.6589928540721187]
[92256,92253,1.0,0.9918818867765093]
[47668,47665,1.0,0.9870688438227029]
[83509,7905,1.0,0.5108875074022989]
[106501,106498,1.0,0.8554818138072651]
[106501,106495,1.0,0.9937368886190622]
[106498,106495,1.0,0.9119288859791587]
[46531,46522,1.0,0.9924404302976614]
[46531,46528,1.0,0.9847182546846702]
[46531,46525,1.0,0.8895822804767134]
[110121,25818,1.0,0.6341214619557836]
[110121,110118,1.0,0.7906655407161184]
[1510,1507,1.0,0.9950881655021437]
[26515,18899,1.0,0.5099131418197135]
[1513,1510,1.0,0.9861469921203592]
[1513,1507,1.0,0.986484534810441]
[72347,72341,1.0,0.9273460586390877]
[72347,72344,1.0,0.764338133875685]
[110124,110121,1.0,0.7367605411969254]
[110124,25818,1.0,0.5108850706792777]
[110124,110118,1.0,0.9877726362494229]
[95437,95434,1.0,0.9678931473294259]
[72350,72347,1.0,0.7943928963686578]
[72350,72341,1.0,0.9812743090426027]
[72350,72344,1.0,0.9149079300735321]
[46528,46522,1.0,0.9900592205763161]
[46528,46525,1.0,0.8543981392879803]
[18896,18893,1.0,0.9821299876857688]
[110118,25818,1.0,0.5702467704225922]
[84309,37372,1.0,0.4836305097830223]
[77821,77818,1.0,0.9927904021198166]
[46525,46522,1.0,0.9242024048665106]
[72344,72341,1.0,0.9700105628864674]
[41246,1510,1.0,0.4255115384859172]
[41246,1513,1.0,0.41731555364305073]
[41246,1507,1.0,0.4270839132645644]
[18899,18896,1.0,0.9945081630075626]
[18899,18893,1.0,0.9952227536000962]
[41249,41246,1.0,0.9869989660806661]
[33170,33167,1.0,0.9734297874500148]
[108660,32300,1.0,0.4202051975336638]
[59066,4097,1.0,0.4083862605000384]
[105499,105493,1.0,0.985204335282191]
[105499,105496,1.0,0.9881450943713652]
[105496,105493,1.0,0.9929656098316996]
[74899,47893,1.0,0.4249261536992287]
[92109,74899,1.0,0.7680528258486775]
[84137,84131,1.0,0.9818371133717894]
[84137,84134,1.0,0.962708326183387]
[84134,84131,1.0,0.987700044645388]
[39137,39131,1.0,0.9341204556566658]
[39137,39134,1.0,0.8729963731601256]
[39134,39131,1.0,0.9872021338195044]
[41012,41009,1.0,0.9798403252207151]
[41024,41012,1.0,0.9944743997530586]
[41024,41009,1.0,0.9909998580833819]
[41024,41021,1.0,0.9899103018619527]
[41024,41015,1.0,0.9490393973837411]
[41024,41018,1.0,0.9909998580833819]
[90242,90236,1.0,0.9832932900980849]
[90242,90239,1.0,0.6814245161394112]
[41021,41012,1.0,0.9841207523786212]
[41021,41009,1.0,0.9945194946989725]
[41021,41015,1.0,0.5860059654444942]
[41021,41018,1.0,0.9919292242518116]
[32756,32753,1.0,0.9362141787049041]
[90239,90236,1.0,0.6293924024007413]
[41015,41012,1.0,0.6212680405201616]
[41015,41009,1.0,0.6494677529048819]
[41018,41012,1.0,0.9734906786849167]
[41018,41009,1.0,0.9914542461144128]
[41018,41015,1.0,0.5983434753125273]
[11611,11608,1.0,0.9922323843947127]
[59135,59132,1.0,0.9912365516097598]
[42951,36976,1.0,0.4519945051556079]
[63269,63266,1.0,0.9151439759963511]
[123561,123555,1.0,0.9777200912665029]
[123561,123558,1.0,0.9865044425258489]
[123561,36976,1.0,0.42120661773525603]
[123561,123552,1.0,0.9842410671886996]
[75596,75593,1.0,0.9720290379688956]
[123555,123552,1.0,0.9040737826264699]
[123558,123555,1.0,0.8201065035173681]
[123558,123552,1.0,0.9884976622176969]
[75599,75596,1.0,0.9472987263972898]
[75599,75593,1.0,0.9895050876632139]
[65692,65689,1.0,0.9825274677095762]
[65695,65692,1.0,0.9465233419005501]
[65695,65689,1.0,0.9766094961448738]
[90818,50075,1.0,0.608875177670863]
[52903,11665,1.0,0.5199395633037054]
[52903,50075,1.0,0.5945798433272996]
[52903,27836,1.0,0.4150007101479494]
[36809,36803,1.0,0.9766044035298963]
[36809,36806,1.0,0.9617389553470027]
[46591,46585,1.0,0.9704017381764326]
[46591,46582,1.0,0.9940396568789889]
[46591,46588,1.0,0.9940396568789889]
[62986,62983,1.0,0.9952227536000962]
[71706,71700,1.0,0.9952227536000962]
[46585,46582,1.0,0.9901883266511097]
[36806,36803,1.0,0.9911457621988602]
[44643,44637,1.0,0.989769623084599]
[44643,44640,1.0,0.9860845533578659]
[44640,44637,1.0,0.9933607062578763]
[46588,46585,1.0,0.9742272900746569]
[46588,46582,1.0,0.9952227536000962]
[69490,7166,1.0,0.4312216299886866]
[22765,3363,1.0,0.43847689310623716]
[114001,61805,1.0,0.4156548380966717]
[114001,82406,1.0,0.4282347142999021]
[88001,27843,1.0,0.4677237377831423]
[55504,47181,1.0,0.46097583685783]
[15744,5745,1.0,0.40078513736726085]
[27843,15744,1.0,0.5463335803300159]
[61805,27843,1.0,0.8123659342820551]
[61805,7166,1.0,0.4476493045008439]
[61805,27775,1.0,0.5084414555657029]
[61805,54602,1.0,0.45805923308796154]
[88007,88001,1.0,0.9786701492862386]
[88007,27843,1.0,0.44862694399345815]
[88007,88004,1.0,0.8223561122763468]
[20682,3363,1.0,0.4090708667625617]
[31027,15744,1.0,0.4778281724919878]
[27775,7166,1.0,0.4759657621998849]
[82403,82400,1.0,0.9850801523597209]
[82403,82397,1.0,0.99133259848331]
[22023,3363,1.0,0.48891662921119233]
[54602,15744,1.0,0.4122311620002245]
[88004,88001,1.0,0.9209901098673113]
[88004,27843,1.0,0.4677237377831423]
[65644,3363,1.0,0.5706478355784221]
[82400,82397,1.0,0.9933677579237732]
[72259,55504,1.0,0.5000343574211571]
[72259,3363,1.0,0.4056668224434642]
[93197,15744,1.0,0.42948242562536426]
[93197,82406,1.0,0.4964086659678404]
[47181,3363,1.0,0.6695554117037332]
[82406,7166,1.0,0.6171356580345077]
[82406,82403,1.0,0.99133259848331]
[82406,54602,1.0,0.46031418504405397]
[82406,82400,1.0,0.9952227536000962]
[82406,82397,1.0,0.9952227536000962]
[121041,11547,1.0,0.5245801927456751]
[121041,52258,1.0,0.6067769364861966]
[121041,90473,1.0,0.4720643015101524]
[121041,16079,1.0,0.41026106498435655]
[121041,43,1.0,0.42727341172854505]
[121041,92930,1.0,0.40712459935333667]
[121041,94076,1.0,0.5833843891097479]
[121041,83441,1.0,0.42277862529884547]
[121041,46708,1.0,0.5177607705340141]
[121041,121038,1.0,0.99133259848331]
[121041,20747,1.0,0.49317543052652923]
[121041,30637,1.0,0.518475925224514]
[121041,106873,1.0,0.44079227419865535]
[18166,18163,1.0,0.9909842946547169]
[85997,85991,1.0,0.9877812743869288]
[85997,85994,1.0,0.9845401970092281]
[85994,85991,1.0,0.993833290446873]
[94076,79946,1.0,0.40398234814587347]
[121038,79946,1.0,0.4207645530629516]
[121038,51855,1.0,0.44041887385375655]
[121038,30637,1.0,0.518475925224514]
[61809,61803,1.0,0.9844838139744972]
[61809,61806,1.0,0.40066529091332886]
[98101,62341,1.0,0.5334505780494894]
[98101,62338,1.0,0.5334505780494894]
[62341,62338,1.0,0.993833290446873]
[61812,61803,1.0,0.9885828429138224]
[61812,61809,1.0,0.9848935282987453]
[61812,61806,1.0,0.5234470966270318]
[61806,61803,1.0,0.6052564161134241]
[24646,24637,1.0,0.9741849208459191]
[24646,24643,1.0,0.9608693744027547]
[24646,24640,1.0,0.8901114933890514]
[121033,83367,1.0,0.4678492504055779]
[83367,83364,1.0,0.9621674635772247]
[83367,83358,1.0,0.9893293350290427]
[83367,83355,1.0,0.9906486878159225]
[83367,83361,1.0,0.841069198497626]
[81397,81391,1.0,0.99242120055853]
[83364,83358,1.0,0.8909234416678847]
[83364,83355,1.0,0.9005120334127371]
[83364,83361,1.0,0.42232076378431266]
[83358,83355,1.0,0.9945008681744109]
[85162,85159,1.0,0.9937353308824888]
[85165,85162,1.0,0.8363090623947793]
[85165,85159,1.0,0.8599890149581937]
[78798,78795,1.0,0.9952227536000962]
[24643,24637,1.0,0.9857047709963255]
[24643,24640,1.0,0.9178862792261764]
[24640,24637,1.0,0.9525521002547275]
[83361,83358,1.0,0.8363081809284277]
[83361,83355,1.0,0.8488187608809243]
[85168,85162,1.0,0.991295858210494]
[85168,85165,1.0,0.6066217117312479]
[85168,85159,1.0,0.990855388209931]
[100506,100503,1.0,0.9830615457577477]
[101269,78555,1.0,0.7616860030775007]
[100509,100506,1.0,0.9811801945757928]
[100509,100503,1.0,0.9877726362494229]
[100512,100506,1.0,0.9827125083093329]
[100512,100503,1.0,0.9890424628076515]
[100512,100509,1.0,0.975386444547059]
[88903,88900,1.0,0.5186831875061667]
[88906,88903,1.0,0.5800653569015969]
[88906,88900,1.0,0.9952227536000962]
[67622,26114,1.0,0.45677207324849767]
[17718,17715,1.0,0.9746496136024405]
[101848,101845,1.0,0.9824704513226953]
[106395,106386,1.0,0.9788533098921377]
[106395,106392,1.0,0.7828354054437267]
[106395,106389,1.0,0.9787569906786917]
[17724,17718,1.0,0.9456480885818391]
[17724,17715,1.0,0.9900096249183904]
[17724,17721,1.0,0.9900096249183904]
[106392,106386,1.0,0.896603570772725]
[106392,106389,1.0,0.8753246815864759]
[17721,17718,1.0,0.8806414738610591]
[17721,17715,1.0,0.980104042341092]
[106389,106386,1.0,0.9938647243311929]
[23053,23050,1.0,0.8226596038224036]
[73851,73848,1.0,0.9700105628864674]
[81386,39151,1.0,0.5375590255300065]
[73857,73851,1.0,0.9700105628864674]
[73857,73848,1.0,0.9952227536000962]
[18323,18320,1.0,0.993172515220938]
[18329,18320,1.0,0.985721398201996]
[18329,18323,1.0,0.9774324418156759]
[18329,18326,1.0,0.9689869225641448]
[18326,18320,1.0,0.9877726362494229]
[18326,18323,1.0,0.9731712609607434]
[73441,35428,1.0,0.4740556111901332]
[73441,35434,1.0,0.4740556111901332]
[73441,35437,1.0,0.4740556111901332]
[35434,35428,1.0,0.9952227536000962]
[35437,35428,1.0,0.9831019299821938]
[35437,35434,1.0,0.9831019299821938]
[66159,66156,1.0,0.9952227536000962]
[37236,37233,1.0,0.9841400060540285]
[37242,37236,1.0,0.9841400060540285]
[37242,37233,1.0,0.9952227536000962]
[125188,125185,1.0,0.9952227536000962]
[68058,28943,1.0,0.6032050987300036]
[68058,17467,1.0,0.7818660650566448]
[23395,23392,1.0,0.9906132249081452]
[44042,44033,1.0,0.9952227536000962]
[44042,23392,1.0,0.5451400263543709]
[44042,23395,1.0,0.5451400263543709]
[44042,23398,1.0,0.5451400263543709]
[44042,44039,1.0,0.9952227536000962]
[23398,23392,1.0,0.9802466355175774]
[23398,23395,1.0,0.9349063164939608]
[44039,44033,1.0,0.9934197647450789]
[88281,44042,1.0,0.40944685815278914]
[60393,24038,1.0,0.6411852105243678]
[60393,34095,1.0,0.6668560863511002]
[58771,58768,1.0,0.9867888561203807]
[72340,60756,1.0,0.42553787461646664]
[57020,24038,1.0,0.5031938249614424]
[57020,34095,1.0,0.7016777093765165]
[60756,60393,1.0,0.6723147811026884]
[60756,57020,1.0,0.40140008026759005]
[60756,26487,1.0,0.43527325700416974]
[127800,60393,1.0,0.4739629105657293]
[127800,65081,1.0,0.5199626809400919]
[100168,60393,1.0,0.4042989296122781]
[106939,60756,1.0,0.4301389683579949]
[106939,65081,1.0,0.44694568262646633]
[89327,60393,1.0,0.702562620594028]
[89327,57020,1.0,0.6929960592068624]
[89327,76528,1.0,0.42923772723703674]
[89327,34095,1.0,0.4914389984711099]
[89327,26487,1.0,0.4859946363079034]
[65081,60393,1.0,0.6439124718533191]
[114849,60393,1.0,0.7246268483356959]
[100177,100168,1.0,0.9852473946591458]
[100177,100171,1.0,0.637628587887339]
[100177,100174,1.0,0.9681691572830166]
[127911,127800,1.0,0.477983042791189]
[127911,65081,1.0,0.4692498736461339]
[127911,24038,1.0,0.5266415129088093]
[127911,34095,1.0,0.46148082799825785]
[112294,60756,1.0,0.6939586177036119]
[112294,6479,1.0,0.42463964530979903]
[112294,24038,1.0,0.7001632441971093]
[112294,34095,1.0,0.4898938960327391]
[100171,100168,1.0,0.5693591514535594]
[100174,60393,1.0,0.4042989296122781]
[100174,100168,1.0,0.9877726362494229]
[100174,100171,1.0,0.45809612541304445]
[26196,26190,1.0,0.9817303667881082]
[26196,26193,1.0,0.9827693666873271]
[34095,19161,1.0,0.43696172508046965]
[26193,26190,1.0,0.9922728384210173]
[78970,78964,1.0,0.8900788133140194]
[78970,78967,1.0,0.8900788133140194]
[47334,5066,1.0,0.4153246713019196]
[78967,78964,1.0,0.9952227536000962]
[99588,77192,1.0,0.46564274176029985]
[79229,77192,1.0,0.46921116892540227]
[54045,54042,1.0,0.9884790712462344]
[54045,54039,1.0,0.9931431369258802]
[77192,68805,1.0,0.46434205650073873]
[77192,50845,1.0,0.47959317040426264]
[77192,57254,1.0,0.8000838401472017]
[77192,33399,1.0,0.48468654854287535]
[77192,5252,1.0,0.5012181162573975]
[77192,71856,1.0,0.4109259999522997]
[77192,41266,1.0,0.4244915139860716]
[77192,74132,1.0,0.47319762108923963]
[77192,60626,1.0,0.48443869415410035]
[77192,64178,1.0,0.451299347801486]
[77192,36777,1.0,0.6115398968710601]
[77192,37162,1.0,0.7262681636783254]
[77192,11552,1.0,0.5703473981302631]
[100807,77192,1.0,0.4542483804906554]
[112669,77192,1.0,0.44789083214566416]
[116074,77192,1.0,0.6613882522646723]
[60348,60345,1.0,0.9894541934903669]
[120208,77192,1.0,0.4001117364740027]
[54042,54039,1.0,0.9878228694198509]
[121993,77192,1.0,0.560241472356908]
[77719,77192,1.0,0.411494232855155]
[103054,77192,1.0,0.5573655160571387]
[92320,55560,1.0,0.6121179259034444]
[107646,107643,1.0,0.9888112534224109]
[105889,55560,1.0,0.7373300458594105]
[89089,55560,1.0,0.49551216997146313]
[107649,107646,1.0,0.9850628302439922]
[107649,107643,1.0,0.9933550320030448]
[105195,68347,1.0,0.40307279915137295]
[105195,3600,1.0,0.5065532163250067]
[105195,75316,1.0,0.5238884702422439]
[105195,3591,1.0,0.4467476344146912]
[105195,3597,1.0,0.5140828409957231]
[105195,3588,1.0,0.5065532163250067]
[105195,3603,1.0,0.47107552364486743]
[89836,46853,1.0,0.4241708380283083]
[3600,3594,1.0,0.9790147547071952]
[3600,3591,1.0,0.9323022728761873]
[3600,3597,1.0,0.9841556854426016]
[3600,3588,1.0,0.9914866355274466]
[55551,54649,1.0,0.46462198968354]
[55551,55548,1.0,0.9736684289719201]
[123409,92320,1.0,0.5190695827180105]
[123409,24127,1.0,0.48325899562798874]
[123409,108582,1.0,0.5859826945255989]
[71351,49240,1.0,0.5450389221390424]
[3594,3591,1.0,0.9034354293118361]
[3594,3588,1.0,0.9877812743869288]
[106015,106012,1.0,0.9636390833402909]
[106015,106006,1.0,0.9916499934236177]
[93929,55560,1.0,0.4297003984215928]
[69335,69329,1.0,0.9952227536000962]
[107652,107646,1.0,0.9888112534224109]
[107652,107649,1.0,0.9933550320030448]
[107652,107643,1.0,0.9952227536000962]
[55554,55551,1.0,0.9752267223310281]
[55554,55548,1.0,0.993588241188578]
[65375,54649,1.0,0.580701264712669]
[97656,97647,1.0,0.9915964436623776]
[97656,97650,1.0,0.6801518435295537]
[97656,97653,1.0,0.9724126063313006]
[97650,97647,1.0,0.6122792425145341]
[75135,49240,1.0,0.4617705447424128]
[49240,9531,1.0,0.40072226143052264]
[64542,46853,1.0,0.4768552497894561]
[106012,106006,1.0,0.9934637941520884]
[75316,9531,1.0,0.6203760474436432]
[75316,54649,1.0,0.5515724504070956]
[75316,49240,1.0,0.9319650773359621]
[119977,55560,1.0,0.5022080105098335]
[39828,39825,1.0,0.9927904021198166]
[3591,3588,1.0,0.9509334415344708]
[55560,55551,1.0,0.9844246079788037]
[55560,55554,1.0,0.9949785116292866]
[55560,43517,1.0,0.6804830575025403]
[55560,24127,1.0,0.4318752584111714]
[55560,55557,1.0,0.9871430086068846]
[55560,55548,1.0,0.9949785116292866]
[97653,97647,1.0,0.9922323843947127]
[97653,97650,1.0,0.5903711719157225]
[3597,3594,1.0,0.9653415809823193]
[3597,3591,1.0,0.8996635871536504]
[3597,3588,1.0,0.9851760369239684]
[3603,3600,1.0,0.9738672281221351]
[3603,3594,1.0,0.9842932541021887]
[3603,3591,1.0,0.9465338802193458]
[3603,3597,1.0,0.9899769283588248]
[3603,3588,1.0,0.9937353308824888]
[55557,55551,1.0,0.9607255711846086]
[55557,55554,1.0,0.9399569837460826]
[55557,55548,1.0,0.9810882848312257]
[108582,69335,1.0,0.4609290234757833]
[108582,46853,1.0,0.40357806696933296]
[108582,55560,1.0,0.5597299058372373]
[92443,35497,1.0,0.41280059525106033]
[92443,13829,1.0,0.553380628728613]
[92443,5607,1.0,0.4633305474241582]
[23867,6840,1.0,0.46097610530090033]
[73707,73704,1.0,0.9749622899452428]
[73707,73698,1.0,0.99133259848331]
[73707,73701,1.0,0.9425911538745574]
[60492,23867,1.0,0.4556949621065228]
[60492,32458,1.0,0.550332260891859]
[73704,73698,1.0,0.9852211455315013]
[73704,73701,1.0,0.9185592614966014]
[73701,73698,1.0,0.9678931473294259]
[32458,23867,1.0,0.526425169475977]
[95181,92443,1.0,0.4647253891170315]
[51402,27790,1.0,0.4013240419490659]
[90777,170,1.0,0.44992312587131295]
[32128,32125,1.0,0.4096996952573024]
[32134,32128,1.0,0.4782396713644651]
[32134,32131,1.0,0.9946939993737459]
[32134,32125,1.0,0.9869771763538232]
[32131,32128,1.0,0.9499337813463502]
[32131,32125,1.0,0.9952227536000962]
[32140,32128,1.0,0.5106625562353017]
[32140,32134,1.0,0.9785676516647107]
[32140,32131,1.0,0.9942819304487751]
[32140,32137,1.0,0.9868182173208843]
[32140,32125,1.0,0.9942819304487751]
[32137,32128,1.0,0.49403233267018976]
[32137,32134,1.0,0.9782260642360192]
[32137,32131,1.0,0.9921953568820703]
[32137,32125,1.0,0.9921953568820703]
[83522,13881,1.0,0.5220839413485477]
[126063,122424,1.0,0.45778499562019526]
[126063,123475,1.0,0.4030922175172888]
[126063,124938,1.0,0.476283798365548]
[126063,95106,1.0,0.44030468431956443]
[103425,103422,1.0,0.94713218740619]
[103425,103419,1.0,0.9918426894149314]
[108777,70858,1.0,0.4845931841718258]
[56822,9899,1.0,0.5887914921450313]
[56822,24688,1.0,0.4217053890662096]
[94278,70858,1.0,0.41570874974164895]
[70858,24156,1.0,0.42908830756099675]
[103422,103419,1.0,0.9657070304049417]
[76039,76033,1.0,0.9859369605433117]
[76039,76036,1.0,0.9412291766319081]
[76036,8628,1.0,0.6135266647646789]
[76036,76033,1.0,0.9725583622999802]
[90918,90915,1.0,0.986711336873164]
[91567,3853,1.0,0.4610299095189851]
[71943,39737,1.0,0.5037602378364613]
[74170,74167,1.0,0.981919763325861]
[10442,10430,1.0,0.9254434408239037]
[10442,10439,1.0,0.9165966344200911]
[10442,10433,1.0,0.9254434408239037]
[10442,10436,1.0,0.5664826560430465]
[1317,1100,1.0,0.4008315668380128]
[74179,74170,1.0,0.9859208764167731]
[74179,74173,1.0,0.9723323146705142]
[74179,74167,1.0,0.9935292479653834]
[74179,74176,1.0,0.9670137388344179]
[75237,10445,1.0,0.42276665326394175]
[75237,39737,1.0,0.42682831801394844]
[76796,71943,1.0,0.6700916924466854]
[90354,76796,1.0,0.5039988777420542]
[74173,74170,1.0,0.9704481923927465]
[74173,74167,1.0,0.985335985057857]
[122287,122281,1.0,0.9594972906256252]
[122287,122284,1.0,0.9170501376308136]
[85726,71943,1.0,0.46853142430294353]
[10439,10430,1.0,0.9904844431418558]
[10439,10433,1.0,0.9904844431418558]
[10439,10436,1.0,0.6721087671461741]
[53975,10445,1.0,0.5387841166748583]
[53975,39737,1.0,0.4560476589048298]
[10433,10430,1.0,0.9952227536000962]
[95538,76796,1.0,0.6185423871690406]
[88258,10445,1.0,0.5797320645249647]
[88258,39737,1.0,0.45139493183912033]
[74182,74170,1.0,0.9905564682541387]
[74182,74179,1.0,0.9689105740599897]
[74182,74173,1.0,0.9726434706672861]
[74182,74167,1.0,0.9903788109815329]
[74182,74176,1.0,0.9721994084391002]
[10445,10430,1.0,0.9938004421635122]
[10445,10442,1.0,0.9413605832709494]
[10445,10439,1.0,0.9929043111207739]
[10445,10433,1.0,0.9938004421635122]
[10445,10436,1.0,0.9789289418418282]
[74176,74170,1.0,0.9513470790981005]
[74176,74173,1.0,0.9377488056573645]
[74176,74167,1.0,0.9739916326250329]
[39737,1317,1.0,0.43517055441848534]
[39737,10445,1.0,0.783776210831741]
[39737,10436,1.0,0.42845848161726247]
[122284,122281,1.0,0.9878322765641779]
[78590,71943,1.0,0.5310829285994738]
[64317,10445,1.0,0.500860269257897]
[64317,39737,1.0,0.4748544718965023]
[10436,10430,1.0,0.7570565095608742]
[10436,10433,1.0,0.7570565095608742]
[125328,125325,1.0,0.9929318100825512]
[113883,40955,1.0,0.42388283316444125]
[123301,116080,1.0,0.5581507222145423]
[50994,50985,1.0,0.9945081630075626]
[50994,50991,1.0,0.8937232503063693]
[50994,50988,1.0,0.9945081630075626]
[50994,50982,1.0,0.9945081630075626]
[46150,46147,1.0,0.9801311049210724]
[50985,50982,1.0,0.9952227536000962]
[121896,116080,1.0,0.6412328348989292]
[24442,24439,1.0,0.9909728179801929]
[46153,46150,1.0,0.933709290578219]
[46153,46147,1.0,0.9429136959827092]
[50991,50985,1.0,0.9022166096624645]
[50991,50988,1.0,0.9022166096624645]
[50991,50982,1.0,0.9022166096624645]
[51321,51318,1.0,0.9938740926424475]
[51321,51315,1.0,0.9875231802600911]
[26293,26287,1.0,0.8037539576928348]
[58183,46941,1.0,0.4163910936649987]
[50997,50994,1.0,0.9903202065818749]
[50997,50985,1.0,0.9939287085123063]
[50997,50991,1.0,0.8871570747116817]
[50997,50988,1.0,0.9939287085123063]
[50997,50982,1.0,0.9939287085123063]
[88039,88036,1.0,0.994205387626701]
[116080,71841,1.0,0.4790678275434987]
[116080,58183,1.0,0.6349519508413]
[116080,99174,1.0,0.5881075273529914]
[116080,27393,1.0,0.6208232030522555]
[116080,58437,1.0,0.5361373106847664]
[116080,28119,1.0,0.47449603754988434]
[116080,40955,1.0,0.7963254463116548]
[46944,46938,1.0,0.9909728179801929]
[46944,46941,1.0,0.9909728179801929]
[51318,51315,1.0,0.9812725439570921]
[50988,50985,1.0,0.9952227536000962]
[50988,50982,1.0,0.9952227536000962]
[46941,46938,1.0,0.9952227536000962]
[46941,40955,1.0,0.5841838432877489]
[26296,26287,1.0,0.698529824044434]
[114718,114715,1.0,0.9759351192764372]
[114721,114715,1.0,0.9952227536000962]
[114721,47984,1.0,0.46567257502311876]
[114721,114718,1.0,0.9759351192764372]
[58437,40955,1.0,0.4034486492285267]
[88042,88039,1.0,0.9898495559203979]
[88042,88036,1.0,0.9905496488699075]
[78043,78040,1.0,0.9930676807585843]
[16622,16616,1.0,0.9952227536000962]
[16622,16619,1.0,0.9758733086194387]
[10302,10299,1.0,0.9887498099942534]
[116305,116302,1.0,0.9695732473623759]
[16625,16622,1.0,0.9602125920856267]
[16625,16616,1.0,0.9602125920856267]
[16625,16619,1.0,0.9139284555461649]
[16619,16616,1.0,0.9713479221322324]
[116308,116302,1.0,0.9899899668414485]
[116308,116305,1.0,0.9894455024567369]
[116311,116302,1.0,0.9658832797406948]
[116311,116305,1.0,0.95073341821242]
[116311,116308,1.0,0.9719841868629038]
[8279,8267,1.0,0.9936769569813544]
[8279,8273,1.0,0.964295919817007]
[8279,8276,1.0,0.9849041182551149]
[8279,8270,1.0,0.9905297078980484]
[23265,2192,1.0,0.46069591209401156]
[8273,8267,1.0,0.9710448411814296]
[8273,8270,1.0,0.9596842321097796]
[8276,8267,1.0,0.9859369605433117]
[8276,8273,1.0,0.9357671938130663]
[8276,8270,1.0,0.9795134370271906]
[8270,8267,1.0,0.9927742648919292]
[14499,14493,1.0,0.9879364283037987]
[90285,90282,1.0,0.9653338385358099]
[111655,57495,1.0,0.4346216643580226]
[57495,18646,1.0,0.44326598465340555]
[24907,24904,1.0,0.9420752285120012]
[121086,20738,1.0,0.4851423751997247]
[121086,57495,1.0,0.6794114320034655]
[13272,6232,1.0,0.4429920451371662]
[63326,63323,1.0,0.9952227536000962]
[63326,63320,1.0,0.9952227536000962]
[90729,6232,1.0,0.441519710033433]
[63323,63320,1.0,0.9907453314477414]
[38809,6232,1.0,0.5925208451672859]
[68795,68792,1.0,0.9877726362494229]
[82017,25755,1.0,0.49387815913087224]
[32332,32326,1.0,0.9905564682541387]
[32332,32329,1.0,0.9795300663509046]
[80672,80666,1.0,0.9852615894605453]
[80672,80669,1.0,0.48177156464992166]
[132022,82017,1.0,0.43002046933906957]
[132022,132019,1.0,0.9884976622176969]
[80675,80672,1.0,0.9848422383161657]
[80675,80666,1.0,0.9925468645354409]
[80675,80669,1.0,0.4758113307973516]
[89746,82017,1.0,0.4692066129958387]
[32335,32332,1.0,0.9727252318569414]
[32335,32326,1.0,0.9853836450095023]
[32335,32329,1.0,0.9774101188867899]
[32329,32326,1.0,0.9893847347192519]
[80669,80666,1.0,0.4781736552582188]
[50265,50259,1.0,0.9843365121782671]
[50265,50250,1.0,0.9895661266482731]
[50265,50256,1.0,0.9895661266482731]
[50265,50253,1.0,0.9895661266482731]
[50265,50262,1.0,0.9920798712095941]
[50259,50250,1.0,0.9927904021198166]
[50259,50256,1.0,0.9927904021198166]
[50259,50253,1.0,0.9927904021198166]
[50256,50250,1.0,0.9952227536000962]
[50256,50253,1.0,0.9952227536000962]
[50253,50250,1.0,0.9952227536000962]
[111714,111711,1.0,0.9580013904248365]
[50262,50259,1.0,0.9831028905260433]
[50262,50250,1.0,0.9887021301624408]
[50262,50256,1.0,0.9887021301624408]
[50262,50253,1.0,0.9887021301624408]
[93085,81403,1.0,0.45908047288591863]
[93085,93082,1.0,0.990689747387221]
[90716,90713,1.0,0.9651247501174756]
[90716,90707,1.0,0.9952227536000962]
[90716,90710,1.0,0.9691928659641607]
[90713,90707,1.0,0.9651247501174756]
[90713,90710,1.0,0.9317095331838254]
[93088,93085,1.0,0.9742384179194672]
[93088,81403,1.0,0.4595176078738875]
[93088,93082,1.0,0.9916580143240381]
[89753,52001,1.0,0.4065518443984238]
[89753,52007,1.0,0.4065518443984238]
[52004,52001,1.0,0.9883199097054204]
[90710,90707,1.0,0.9691928659641607]
[52007,52001,1.0,0.9852473946591458]
[52007,52004,1.0,0.9883199097054204]
[93082,81403,1.0,0.4595176078738875]
[32687,32684,1.0,0.9859755185633129]
[32687,32681,1.0,0.9935292479653834]
[32687,32678,1.0,0.9952227536000962]
[32684,32681,1.0,0.9920409573062673]
[32684,32678,1.0,0.9788811496259902]
[32681,32678,1.0,0.9867221632291971]
[32690,32687,1.0,0.9860275067642875]
[32690,32684,1.0,0.9792007256422718]
[32690,32681,1.0,0.9815866669005313]
[32690,32678,1.0,0.9860275067642875]
[82610,82607,1.0,0.9914143179020716]
[82613,82610,1.0,0.9124287221607305]
[82613,82607,1.0,0.9571437356973709]
[60507,60504,1.0,0.9945555710182693]
[114648,114645,1.0,0.9716688638304206]
[114651,114648,1.0,0.9795290328982699]
[114651,114645,1.0,0.9935292479653834]
[88369,88366,1.0,0.9738843181682905]
[60510,60507,1.0,0.9771666826943145]
[60510,60504,1.0,0.9794601746252801]
[54320,54311,1.0,0.9769270309141556]
[54320,54314,1.0,0.8743204229597134]
[54314,54311,1.0,0.9671197093412723]
[124717,124714,1.0,0.9888804194190192]
[124723,124717,1.0,0.8592669441686848]
[124723,124720,1.0,0.889355170463826]
[124723,124714,1.0,0.9491657045207259]
[124720,124717,1.0,0.9763944699988766]
[124720,124714,1.0,0.9936650057467088]
[71753,54875,1.0,0.6390187421608869]
[71753,6887,1.0,0.4402139851684767]
[71753,54872,1.0,0.5238596262134337]
[71753,71750,1.0,0.9882382546821655]
[54875,54872,1.0,0.9929984661036967]
[72528,71753,1.0,0.4126926705765159]
[54872,33891,1.0,0.42127217816937956]
[71756,71753,1.0,0.9893210421623478]
[71756,71750,1.0,0.8980530791259554]
[54878,15528,1.0,0.4061326958167011]
[54878,54875,1.0,0.8953740665760483]
[54878,33891,1.0,0.4053277711946007]
[54878,54872,1.0,0.9512299393498285]
[20429,20426,1.0,0.986119461140585]
[85062,85059,1.0,0.9846031862490431]
[41136,41133,1.0,0.9952227536000962]
[20432,20429,1.0,0.9736280699909386]
[20432,20426,1.0,0.9780698409821958]
[63651,26722,1.0,0.4445685290402916]
[63651,26725,1.0,0.4570939855207599]
[63651,63648,1.0,0.9899973748421746]
[107748,26722,1.0,0.4234554818189178]
[107748,83619,1.0,0.460180972255245]
[107748,83613,1.0,0.4663108074186053]
[107748,26725,1.0,0.4259479378509682]
[107748,83610,1.0,0.4663108074186053]
[47639,31567,1.0,0.42251257190027586]
[47639,26725,1.0,0.4111187829216403]
[45303,26722,1.0,0.5473424943668583]
[45303,26725,1.0,0.4970060227078429]
[85032,26722,1.0,0.5126448926048176]
[85032,26725,1.0,0.5126448926048176]
[26838,26835,1.0,0.738527246174519]
[26838,26832,1.0,0.9900592205763161]
[77568,26722,1.0,0.5193831324949945]
[77568,26725,1.0,0.5448242113473545]
[26722,11323,1.0,0.5939892689644662]
[26722,1687,1.0,0.46119767928203276]
[26722,3130,1.0,0.5986031272659301]
[26722,21261,1.0,0.5300726620001162]
[26722,18406,1.0,0.4965861132889116]
[26722,19989,1.0,0.4061898485002355]
[26722,9092,1.0,0.6819606976062235]
[26722,9098,1.0,0.6819606976062235]
[26722,5325,1.0,0.44482209347739105]
[10282,10279,1.0,0.9940396568789889]
[10282,10276,1.0,0.9945081630075626]
[80006,80000,1.0,0.9840895975609228]
[59528,26725,1.0,0.4148838703048547]
[103821,78134,1.0,0.44220107871419123]
[103821,26722,1.0,0.6027972701360166]
[103821,90189,1.0,0.5885081271844376]
[103821,83619,1.0,0.6119417013506042]
[103821,83613,1.0,0.6553669941906226]
[103821,26725,1.0,0.5628804583775877]
[103821,83610,1.0,0.6553669941906226]
[62311,26722,1.0,0.7095066343594069]
[62311,26725,1.0,0.7095066343594069]
[126667,83619,1.0,0.5861648405267286]
[126667,83622,1.0,0.4097668181304218]
[126667,83613,1.0,0.6917017705048717]
[126667,83610,1.0,0.7007988603058877]
[67943,26722,1.0,0.546108670381804]
[67943,26725,1.0,0.5630593317792049]
[63875,26722,1.0,0.41901050344724494]
[63875,63872,1.0,0.9701419404951727]
[63875,26725,1.0,0.43121521092432474]
[126861,26722,1.0,0.4359018110794017]
[126861,26725,1.0,0.559609312298229]
[128662,26722,1.0,0.48029458660002766]
[128662,26725,1.0,0.41776694051525687]
[98173,26722,1.0,0.42405114160377483]
[98173,83619,1.0,0.4401150307903491]
[98173,83613,1.0,0.43217610188531375]
[98173,26725,1.0,0.46738802945665375]
[98173,83610,1.0,0.43217610188531375]
[115674,26722,1.0,0.4681397846986243]
[115674,83619,1.0,0.41077413929674744]
[115674,26725,1.0,0.45161381024666425]
[115674,70828,1.0,0.4471472358760904]
[63872,26722,1.0,0.403084950383599]
[63872,26725,1.0,0.41367512879187657]
[85055,83619,1.0,0.7065880265674881]
[85055,83622,1.0,0.44704386212542896]
[85055,83613,1.0,0.858974866356769]
[85055,83610,1.0,0.858974866356769]
[85055,83616,1.0,0.4408394584751931]
[10279,10276,1.0,0.9945081630075626]
[10279,5325,1.0,0.4062292919313135]
[36805,26725,1.0,0.42160424412861436]
[74498,26722,1.0,0.44546655703325405]
[74498,26725,1.0,0.4127353814312047]
[90189,26722,1.0,0.43333696437052344]
[90189,90186,1.0,0.9952227536000962]
[83619,39181,1.0,0.6748323743884509]
[83619,47639,1.0,0.40484304327186965]
[83619,59528,1.0,0.4429104907310663]
[83619,62311,1.0,0.5860263789530736]
[83619,63875,1.0,0.5464533312882605]
[83619,45785,1.0,0.4455351235801]
[83619,63872,1.0,0.5393012175798034]
[83619,31567,1.0,0.40430275914042557]
[83619,31748,1.0,0.5453201733806358]
[83619,67972,1.0,0.5340096199041344]
[83619,9092,1.0,0.6601219141513306]
[83619,24881,1.0,0.6319060229416805]
[83619,80059,1.0,0.5428921507613732]
[83619,38311,1.0,0.4243492484793856]
[83619,9098,1.0,0.49430953541345063]
[83619,60511,1.0,0.5395844253665701]
[83619,22738,1.0,0.6171462908992048]
[83619,83613,1.0,0.9688703061941862]
[83619,83610,1.0,0.9695805425647828]
[83619,45472,1.0,0.40060659604267085]
[83619,75016,1.0,0.42536565947444654]
[83619,83616,1.0,0.9695805425647828]
[83619,70828,1.0,0.5815254192896873]
[83619,18288,1.0,0.7034394092611707]
[43378,43375,1.0,0.9754831510493753]
[31567,11323,1.0,0.41381233700022835]
[31567,16434,1.0,0.42844504296338126]
[31748,26722,1.0,0.4643333361724647]
[31748,26725,1.0,0.46733340504315646]
[26835,26832,1.0,0.7013052729844461]
[63588,26722,1.0,0.41117684240315083]
[65086,26725,1.0,0.40988024348651925]
[99544,83619,1.0,0.7296437680630238]
[99544,83622,1.0,0.4791479608249482]
[99544,83613,1.0,0.8630272758572249]
[99544,83610,1.0,0.8630272758572249]
[99544,83616,1.0,0.41840021838265856]
[99544,70828,1.0,0.5822719548165178]
[43384,43375,1.0,0.9844582272388884]
[43384,43378,1.0,0.9479730414063002]
[43384,43381,1.0,0.9788819387414455]
[83622,83619,1.0,0.9279717452135736]
[83622,83613,1.0,0.976176955031866]
[83622,83610,1.0,0.9838492280704199]
[83622,83616,1.0,0.9838492280704199]
[80059,26722,1.0,0.4365555921513141]
[80059,26725,1.0,0.4598580761117515]
[38311,26722,1.0,0.42377175125142563]
[38311,26725,1.0,0.43550127910166536]
[9098,9092,1.0,0.9929312108564418]
[100647,26722,1.0,0.4761784941988513]
[100647,10279,1.0,0.4580130857613617]
[100647,26725,1.0,0.493286365505274]
[60511,26722,1.0,0.4348857716876468]
[43381,43375,1.0,0.9904487314658958]
[43381,43378,1.0,0.9578507733108994]
[45469,26722,1.0,0.41242207699124184]
[45469,26725,1.0,0.4258692241559516]
[36312,26722,1.0,0.4238248156607833]
[36312,26725,1.0,0.4360010259457059]
[90186,26722,1.0,0.43333696437052344]
[83613,39181,1.0,0.8235365014655543]
[83613,59528,1.0,0.482291950830472]
[83613,62311,1.0,0.6386122521430997]
[83613,63875,1.0,0.5297973951802019]
[83613,68064,1.0,0.4345744338594629]
[83613,34998,1.0,0.43624701725005194]
[83613,45785,1.0,0.46915111532918546]
[83613,63872,1.0,0.5647575486594532]
[83613,31748,1.0,0.5263054301257064]
[83613,67972,1.0,0.6589385102681901]
[83613,9092,1.0,0.6686967257990827]
[83613,24881,1.0,0.7490886781620387]
[83613,80059,1.0,0.5251898931107242]
[83613,9098,1.0,0.5049635528736927]
[83613,60511,1.0,0.6659346579411168]
[83613,32439,1.0,0.484388625203673]
[83613,22738,1.0,0.7418626058356963]
[83613,83610,1.0,0.9927904021198166]
[83613,75016,1.0,0.4623702085810424]
[83613,70828,1.0,0.7460879997725424]
[83613,18288,1.0,0.8501031164668739]
[115540,26722,1.0,0.4173335458413135]
[115540,31567,1.0,0.5446986147594316]
[99949,26722,1.0,0.41070781427887243]
[99949,26725,1.0,0.4134782308137142]
[26725,26722,1.0,0.9925468645354409]
[26725,11323,1.0,0.5828370450706635]
[26725,1687,1.0,0.5077644859021428]
[26725,3130,1.0,0.5925543217404645]
[26725,21261,1.0,0.5361579498059166]
[26725,18406,1.0,0.5109949811889972]
[26725,19989,1.0,0.4271255648307108]
[26725,9092,1.0,0.6951834058419729]
[26725,9098,1.0,0.6951834058419729]
[26725,5325,1.0,0.4447337439078553]
[26725,22738,1.0,0.4071238991967953]
[114307,83619,1.0,0.6495021409296906]
[114307,83613,1.0,0.7652000684460402]
[114307,83610,1.0,0.7652000684460402]
[123556,26722,1.0,0.4557172474874923]
[123556,83619,1.0,0.4606616895970127]
[123556,83613,1.0,0.4606616895970127]
[123556,83610,1.0,0.4606616895970127]
[10285,10282,1.0,0.9931558375613116]
[10285,10279,1.0,0.99236012770395]
[10285,10276,1.0,0.9952227536000962]
[83610,39181,1.0,0.81689691915151]
[83610,26838,1.0,0.426345326940428]
[83610,59528,1.0,0.482291950830472]
[83610,62311,1.0,0.6408724951773964]
[83610,63875,1.0,0.5297973951802019]
[83610,68064,1.0,0.4345744338594629]
[83610,45785,1.0,0.4455351235801]
[83610,63872,1.0,0.5393012175798034]
[83610,31748,1.0,0.5186075037584581]
[83610,67972,1.0,0.6589385102681901]
[83610,26832,1.0,0.426345326940428]
[83610,9092,1.0,0.6601219141513306]
[83610,24881,1.0,0.7490886781620387]
[83610,80059,1.0,0.5305946288150073]
[83610,38311,1.0,0.4055087272427441]
[83610,9098,1.0,0.49430953541345063]
[83610,60511,1.0,0.6659346579411168]
[83610,32439,1.0,0.484388625203673]
[83610,22738,1.0,0.7418626058356963]
[83610,75016,1.0,0.4623702085810424]
[83610,70828,1.0,0.7057533364247508]
[83610,18288,1.0,0.8481093310067589]
[63648,26722,1.0,0.44017088238107466]
[63648,26725,1.0,0.45265029202238355]
[117016,26722,1.0,0.43960954154665693]
[117016,26725,1.0,0.44983351075001776]
[100653,26722,1.0,0.4813576979279193]
[100653,100647,1.0,0.8225004886601144]
[100653,26725,1.0,0.49851749197439316]
[100653,100650,1.0,0.7109135299225984]
[127129,26722,1.0,0.5663917160276705]
[127129,83619,1.0,0.5941809477945046]
[127129,83622,1.0,0.5103524935623349]
[127129,83613,1.0,0.7208694180206393]
[127129,26725,1.0,0.5274661079041338]
[127129,83610,1.0,0.7208694180206393]
[127129,70828,1.0,0.4701927030783681]
[45472,45469,1.0,0.9797339300888868]
[45472,26725,1.0,0.40212211239321227]
[83616,63875,1.0,0.5297973951802019]
[83616,83613,1.0,0.9927904021198166]
[83616,83610,1.0,0.9952227536000962]
[83616,70828,1.0,0.7057533364247508]
[83616,18288,1.0,0.4034543372746651]
[100650,26722,1.0,0.4717969673470035]
[100650,10279,1.0,0.47066936920721464]
[100650,100647,1.0,0.986373027509734]
[100650,26725,1.0,0.48881792004436697]
[125784,26722,1.0,0.4437593053428855]
[125784,26725,1.0,0.42856051974578696]
[97611,26722,1.0,0.41022511058240363]
[97611,83619,1.0,0.41706881908260063]
[97611,83613,1.0,0.463612191197806]
[97611,26725,1.0,0.4115014901047656]
[97611,83610,1.0,0.463612191197806]
[70828,67972,1.0,0.47401549298649026]
[70828,24881,1.0,0.5456954277776104]
[70828,60511,1.0,0.4010572529035426]
[70828,22738,1.0,0.4881078082141418]
[70828,18288,1.0,0.48591005100589124]
[108895,108889,1.0,0.9842879504501727]
[108895,108892,1.0,0.7936541802743623]
[64819,64816,1.0,0.9325003876392827]
[64819,64810,1.0,0.9887897894349024]
[64816,64810,1.0,0.5079720041875415]
[64816,57210,1.0,0.4065090184410284]
[86722,64819,1.0,0.4144096610147149]
[86722,57210,1.0,0.47215539409619384]
[108892,108889,1.0,0.9133335296711741]
[86728,86719,1.0,0.9815008770441205]
[86725,57299,1.0,0.441603089088292]
[86725,86719,1.0,0.4923136861177556]
[127429,86728,1.0,0.5220603998007072]
[127429,86719,1.0,0.5468310668435348]
[127429,86725,1.0,0.4909374721913183]
[28320,28311,1.0,0.9904206127318856]
[28320,28317,1.0,0.9863704140543789]
[28323,28320,1.0,0.9610784987877614]
[28323,28311,1.0,0.9795479393180372]
[28323,28317,1.0,0.9723121485354019]
[28317,28311,1.0,0.9876723770742828]
[36162,36153,1.0,0.9762889490847687]
[36162,36159,1.0,0.9737422894816952]
[116157,68082,1.0,0.6304132175300405]
[118410,68082,1.0,0.4419922299192753]
[40249,40246,1.0,0.9837590283095027]
[36159,36153,1.0,0.9928534077896937]
[96301,68082,1.0,0.42515141267022966]
[36165,36153,1.0,0.9930641667401623]
[36165,36162,1.0,0.9721586370825192]
[36165,36159,1.0,0.9922259083269129]
[127240,68082,1.0,0.7645358303338227]
[92288,68082,1.0,0.5991158434255631]
[69516,68082,1.0,0.5309713674551473]
[68082,36153,1.0,0.5669768166039558]
[68082,36162,1.0,0.5669768166039558]
[68082,61503,1.0,0.42807833245151483]
[68082,36159,1.0,0.5323245510227391]
[68082,36165,1.0,0.5331966096599043]
[68082,30231,1.0,0.4319830273337222]
[68082,60036,1.0,0.6474225597828475]
[106615,106612,1.0,0.9877726362494229]
[50614,50611,1.0,0.9561897077432738]
[50614,50608,1.0,0.9612636894594491]
[93161,93155,1.0,0.9946149626479851]
[93161,93158,1.0,0.9061955405753118]
[125329,125323,1.0,0.8490574820009725]
[125329,125326,1.0,0.6766876604921518]
[118261,71068,1.0,0.5577507916123212]
[50620,50614,1.0,0.977818027533705]
[50620,50611,1.0,0.9826474225062207]
[50620,50608,1.0,0.9866490475304502]
[50620,50617,1.0,0.9637550205217716]
[50611,50608,1.0,0.9936282955531263]
[93158,93155,1.0,0.9497801124752163]
[62442,54944,1.0,0.5169576675284105]
[61946,50617,1.0,0.443385099094876]
[50623,50614,1.0,0.4827766698531872]
[50623,50620,1.0,0.6741791480293718]
[50623,50611,1.0,0.6777480551145237]
[50623,50608,1.0,0.7125443229084576]
[50623,50617,1.0,0.8663109463557117]
[61786,58250,1.0,0.7167125968023472]
[50617,50614,1.0,0.9473611254408478]
[50617,50611,1.0,0.9553607085503315]
[50617,50608,1.0,0.9637550205217716]
[85044,14451,1.0,0.43229033788956833]
[85044,58250,1.0,0.46074133650271315]
[125326,125323,1.0,0.9747025898395799]
[66337,46062,1.0,0.48919689390062115]
[41261,41258,1.0,0.9905564682541387]
[41264,41258,1.0,0.9899584658288191]
[41264,41261,1.0,0.9814478928568762]
[41267,41258,1.0,0.9774987222896994]
[41267,41261,1.0,0.9608894031007916]
[41267,41264,1.0,0.9469367969754113]
[41270,41258,1.0,0.7208363881809154]
[41270,41261,1.0,0.6518243187575657]
[41270,41264,1.0,0.7189373386424414]
[41270,41267,1.0,0.6027148360396412]
[41273,41258,1.0,0.9842751996238673]
[41273,41261,1.0,0.9717962384542441]
[41273,41264,1.0,0.9770174945925684]
[41273,41267,1.0,0.9521520418361678]
[41273,41270,1.0,0.7288776950977582]
[97428,76698,1.0,0.6127734081188777]
[90023,76698,1.0,0.6177951293890052]
[104898,76698,1.0,0.5756573034936201]
[76698,50099,1.0,0.5637908958701835]
[76698,69213,1.0,0.6714576219405851]
[76698,49430,1.0,0.537584815833653]
[76698,30172,1.0,0.7009679350819147]
[76698,35743,1.0,0.6804295052817392]
[76698,52610,1.0,0.6982299032680414]
[76698,52829,1.0,0.6202796395542692]
[76698,67937,1.0,0.6679488301455236]
[76698,37163,1.0,0.6461446119442387]
[76698,56175,1.0,0.7017407553945969]
[76698,63201,1.0,0.5737419748891357]
[76698,60867,1.0,0.6990414816436498]
[76698,36742,1.0,0.5326438930229205]
[76698,22490,1.0,0.42487583919627187]
[76698,17507,1.0,0.4900755577011023]
[76698,61392,1.0,0.594466840417446]
[76698,49433,1.0,0.5560306423820383]
[83318,49430,1.0,0.5390902015390358]
[83318,76698,1.0,0.6365399334197491]
[22490,17507,1.0,0.5000910851522138]
[120360,76698,1.0,0.5284097240169454]
[78885,49430,1.0,0.42625178376740347]
[78885,76698,1.0,0.5689675416303751]
[49433,49430,1.0,0.9395022135228654]
[113295,23642,1.0,0.4736361175552313]
[113295,2088,1.0,0.49407721369383845]
[113295,3703,1.0,0.42553456856701255]
[33529,33526,1.0,0.9662142963745507]
[33529,33523,1.0,0.9883166687738157]
[113728,113725,1.0,0.9861759869920019]
[33526,33523,1.0,0.983615033808325]
[78895,78892,1.0,0.9920667482337637]
[6066,6063,1.0,0.46780380533402965]
[6069,6066,1.0,0.6285512827861272]
[6069,6063,1.0,0.9209901098673113]
[83714,83711,1.0,0.9639727085868154]
[83717,83714,1.0,0.9490282966414542]
[83717,83711,1.0,0.9950198389614197]
[21996,21993,1.0,0.9719409881320201]
[11436,11433,1.0,0.6922407493484386]
[64942,64936,1.0,0.9919618387141543]
[64948,64942,1.0,0.9936646444904962]
[64948,64936,1.0,0.9939086797147483]
[64948,64945,1.0,0.9459257966695855]
[76141,50836,1.0,0.662456694853355]
[76141,5668,1.0,0.4049743987995048]
[76141,64948,1.0,0.5809126276337808]
[76141,76135,1.0,0.9818927092184082]
[76141,64936,1.0,0.5809126276337808]
[76141,76138,1.0,0.9502618857397461]
[76141,64945,1.0,0.5809126276337808]
[76138,76135,1.0,0.9771843889237672]
[64945,64942,1.0,0.9522714460657312]
[64945,64936,1.0,0.9551497443188914]
[33581,15870,1.0,0.44452772793764056]
[55121,55112,1.0,0.9775908876203881]
[55121,55109,1.0,0.9888281679816734]
[55121,55118,1.0,0.989321302709439]
[55112,55109,1.0,0.9899074872227256]
[123550,55121,1.0,0.4108278211232415]
[131218,15870,1.0,0.4855492690108489]
[131218,122494,1.0,0.4763832003096118]
[55118,55112,1.0,0.9779996046317836]
[55118,55109,1.0,0.9889228450837797]
[76479,76476,1.0,0.9480593017001444]
[76482,76479,1.0,0.9083573597379175]
[76482,76476,1.0,0.9933374860859453]
[4709,4706,1.0,0.9881675669660751]
[4712,4709,1.0,0.8332077893815072]
[4712,4706,1.0,0.9668580458255399]
[28276,28267,1.0,0.9678931473294259]
[78805,78802,1.0,0.9952227536000962]
[5920,5917,1.0,0.9753833409720424]
[19033,5917,1.0,0.41457592707458923]
[19033,5920,1.0,0.40135256761343696]
[19033,5923,1.0,0.41457592707458923]
[5923,5917,1.0,0.9952227536000962]
[5923,5920,1.0,0.9831629597903802]
[78808,78805,1.0,0.9891838893688735]
[78808,78802,1.0,0.9891838893688735]
[84518,19033,1.0,0.6494252027088498]
[84518,5923,1.0,0.5612833405300198]
[5926,5917,1.0,0.9946939993737459]
[5926,5920,1.0,0.9711259599534416]
[5926,5923,1.0,0.9946939993737459]
[82277,82274,1.0,0.9938647243311929]
[95073,11722,1.0,0.4435318847295066]
[95073,38391,1.0,0.40846041331802896]
[87045,67646,1.0,0.41925590533998003]
[18174,18171,1.0,0.9877726362494229]
[112146,40992,1.0,0.5596717705719052]
[121017,11722,1.0,0.45529085457579116]
[121017,121014,1.0,0.993958142263311]
[121017,44417,1.0,0.45692419762802583]
[121017,23554,1.0,0.4807037627540684]
[67646,67640,1.0,0.9150554118727573]
[38391,28277,1.0,0.4478950154530498]
[121014,11722,1.0,0.45529085457579116]
[121014,44417,1.0,0.4904408231810854]
[121014,23554,1.0,0.48876085339787806]
[126180,78394,1.0,0.41775174157540124]
[78394,559,1.0,0.48933863897760427]
[78394,50223,1.0,0.6106682548372441]
[107280,78394,1.0,0.664009398592937]
[107280,107271,1.0,0.9874810996651302]
[107280,107268,1.0,0.9943082333510062]
[107280,106968,1.0,0.4840638429039423]
[107280,107274,1.0,0.9900211078603383]
[107271,78394,1.0,0.6574873321933639]
[107271,107268,1.0,0.9809985183779206]
[107271,106968,1.0,0.42934332940396014]
[107268,78394,1.0,0.664009398592937]
[107268,106968,1.0,0.4840638429039423]
[107283,78394,1.0,0.664009398592937]
[107283,107280,1.0,0.9237281300122226]
[107283,107271,1.0,0.861512519312005]
[107283,107268,1.0,0.9326685157177156]
[107283,106968,1.0,0.4840638429039423]
[107283,107274,1.0,0.8874544425089512]
[95173,78394,1.0,0.7779442544326859]
[112447,78394,1.0,0.40568231048534914]
[112447,95173,1.0,0.4600082444745953]
[106968,50223,1.0,0.5030517711407859]
[106968,95173,1.0,0.45786196246267646]
[107274,78394,1.0,0.7760722673302884]
[107274,107271,1.0,0.9871483140499705]
[107274,107268,1.0,0.9938376651792957]
[107274,106968,1.0,0.5814728088410324]
[64146,64143,1.0,0.8680579943514399]
[71046,71043,1.0,0.9939115630013113]
[17747,17744,1.0,0.9811773334324225]
[17747,17741,1.0,0.9738500427406092]
[119355,119352,1.0,0.8463794458272964]
[119355,119349,1.0,0.9880796396480693]
[92556,92553,1.0,0.9738493550416057]
[92556,92550,1.0,0.9923958418221456]
[83027,83021,1.0,0.9257218648713954]
[83027,83024,1.0,0.8535060751672935]
[36545,36542,1.0,0.9875301311180601]
[92452,39791,1.0,0.47849988347521827]
[92553,92550,1.0,0.9862664485557137]
[114759,29766,1.0,0.4867401389793605]
[69244,29766,1.0,0.4009456246676954]
[83024,83021,1.0,0.9876036019344264]
[127389,71893,1.0,0.44735361014065017]
[127389,8981,1.0,0.5539399805182474]
[17750,17747,1.0,0.9744378289678174]
[17750,17744,1.0,0.9880343068434602]
[17750,17741,1.0,0.9922444720626648]
[5637,5631,1.0,0.9713042145700961]
[5637,5634,1.0,0.9656659049952404]
[29766,8981,1.0,0.40494850061500914]
[17744,17741,1.0,0.9925428412731825]
[92562,92556,1.0,0.9880476040609542]
[92562,92553,1.0,0.9738493550416057]
[92562,92550,1.0,0.9923958418221456]
[92562,92559,1.0,0.9891872394045084]
[5634,5631,1.0,0.9940396568789889]
[92565,92556,1.0,0.9848752010428857]
[92565,92553,1.0,0.9666547652105114]
[92565,92550,1.0,0.9902548312638412]
[92565,92562,1.0,0.9848752010428857]
[92565,92559,1.0,0.9902548312638412]
[64149,64146,1.0,0.5325141016605802]
[64149,64143,1.0,0.9828317479814926]
[119352,119349,1.0,0.9309048895753155]
[119358,119355,1.0,0.912285733245156]
[119358,119352,1.0,0.8653283607557918]
[119358,119349,1.0,0.9547903233440266]
[72554,12069,1.0,0.4811701238000214]
[92559,92556,1.0,0.9625263198030898]
[92559,92553,1.0,0.9313084365827106]
[92559,92550,1.0,0.9747754117558416]
[113043,92452,1.0,0.4319531838041822]
[113193,336,1.0,0.5204301111887454]
[113193,72023,1.0,0.42719929243880916]
[113193,93268,1.0,0.5399679829995936]
[93268,93265,1.0,0.9949181171750051]
[29969,29966,1.0,0.9918818867765093]
[49029,49023,1.0,0.9952227536000962]
[49029,49026,1.0,0.9841064987447622]
[38080,38074,1.0,0.9541577824207881]
[38080,38065,1.0,0.9930676807585843]
[38080,38071,1.0,0.9357624538285811]
[38080,38077,1.0,0.9873446709809387]
[38074,38065,1.0,0.954837662322366]
[38074,38071,1.0,0.8822060601118912]
[49032,49029,1.0,0.9919031889112758]
[49032,49023,1.0,0.9919031889112758]
[49032,49026,1.0,0.9744148152674382]
[38071,38065,1.0,0.9904534372060638]
[49038,49029,1.0,0.9952227536000962]
[49038,49032,1.0,0.9919031889112758]
[49038,49023,1.0,0.8411746015686459]
[49038,49026,1.0,0.691126696181982]
[38077,38074,1.0,0.9027870831232219]
[38077,38065,1.0,0.9912170041065137]
[38077,38071,1.0,0.9194108772190535]
[49026,49023,1.0,0.9660486175534535]
[31078,13739,1.0,0.5326067242953734]
[92136,88193,1.0,0.43545964144141147]
[128907,82075,1.0,0.47725030011886405]
[128907,71237,1.0,0.43576219899687635]
[128907,124305,1.0,0.5570272220589658]
[128907,88193,1.0,0.4833241684474114]
[128907,31070,1.0,0.5164110128777355]
[42644,42641,1.0,0.5620305486475455]
[88193,85841,1.0,0.40146615818653053]
[37356,37353,1.0,0.9859369605433117]
[124311,124305,1.0,0.9746783264227582]
[124311,124308,1.0,0.9726633369269428]
[124308,124305,1.0,0.9837233177140655]
[37359,37356,1.0,0.9859369605433117]
[37359,37353,1.0,0.9952227536000962]
[42647,42644,1.0,0.5566547771820779]
[42647,42641,1.0,0.9952227536000962]
[79535,13739,1.0,0.4589376951298054]
[10651,10645,1.0,0.9923138789423898]
[10651,10648,1.0,0.988119411407836]
[10657,10651,1.0,0.9860237642831319]
[10657,10654,1.0,0.9860237642831319]
[10657,10645,1.0,0.9911766753272732]
[10657,10648,1.0,0.9789945337153297]
[10654,10651,1.0,0.9952227536000962]
[10654,10645,1.0,0.9923138789423898]
[10654,10648,1.0,0.988119411407836]
[105010,10847,1.0,0.49694993180638514]
[105010,67823,1.0,0.45095262478046766]
[130758,30830,1.0,0.49338868634429967]
[130758,14998,1.0,0.4284776409686901]
[119241,119238,1.0,0.8942000473262544]
[80759,10847,1.0,0.5203170925590163]
[80759,55277,1.0,0.416657415052627]
[67823,14998,1.0,0.46304314727485224]
[14998,12985,1.0,0.4111245148186447]
[10648,10645,1.0,0.9938647243311929]
[106306,105010,1.0,0.48451459049994855]
[55277,14998,1.0,0.48604306812464626]
[102711,35265,1.0,0.426088295662998]
[59392,59386,1.0,0.9804153029480317]
[55320,55317,1.0,0.9429593049476569]
[59398,59392,1.0,0.9625824810474447]
[59398,59386,1.0,0.9882094482810354]
[35294,35291,1.0,0.9909728179801929]
[82635,82632,1.0,0.9822550510785185]
[82635,82629,1.0,0.967192187789375]
[82635,82626,1.0,0.9952227536000962]
[16173,16170,1.0,0.9915109344753413]
[97315,82635,1.0,0.4121416061022943]
[97315,97306,1.0,0.9952227536000962]
[97315,82629,1.0,0.42365930270676655]
[82632,82629,1.0,0.9455333133204122]
[82632,82626,1.0,0.9782322337906317]
[35297,35294,1.0,0.9940839655226941]
[35297,35291,1.0,0.9943888104013706]
[82629,82626,1.0,0.967192187789375]
[124827,66456,1.0,0.4446724959554631]
[119125,20010,1.0,0.5273866397483903]
[123471,119125,1.0,0.7543315289180615]
[123471,66456,1.0,0.4100862172111471]
[123471,110061,1.0,0.6211141060792743]
[123471,56506,1.0,0.4502606316839452]
[110064,110058,1.0,0.9878322765641779]
[110064,110061,1.0,0.9952227536000962]
[82489,82486,1.0,0.9871332456197973]
[82495,82486,1.0,0.9650320666160039]
[82495,82489,1.0,0.9232719646624631]
[82495,82492,1.0,0.9315989967045392]
[60530,60524,1.0,0.9906628238178072]
[60530,60527,1.0,0.9883123143990699]
[76412,76409,1.0,0.9857742595781223]
[60527,60524,1.0,0.9939453078520322]
[76418,76412,1.0,0.9547869962790136]
[76418,76409,1.0,0.9952227536000962]
[110061,20010,1.0,0.4650884906541911]
[110061,110058,1.0,0.9952227536000962]
[82492,82486,1.0,0.9902570385699506]
[82492,82489,1.0,0.9756645150316977]
[56506,51434,1.0,0.4553998512620534]
[56506,20010,1.0,0.49495032093433605]
[55664,20010,1.0,0.4647841875052363]
[13916,13913,1.0,0.9847093468054996]
[81063,81057,1.0,0.9701586101616368]
[81063,81060,1.0,0.9658940151023685]
[89318,81063,1.0,0.4416198845566527]
[89318,81057,1.0,0.4039913549345327]
[93208,93202,1.0,0.9941373313217248]
[93208,93205,1.0,0.9924179336086179]
[38171,38168,1.0,0.9921471266607758]
[81060,81057,1.0,0.9917078563273782]
[30539,30536,1.0,0.9952227536000962]
[88083,38171,1.0,0.46407982331237085]
[88083,38168,1.0,0.4871560490416551]
[93205,93202,1.0,0.9938289672647332]
[79178,71887,1.0,0.6550467662215499]
[79178,55204,1.0,0.4360297261741092]
[79178,66068,1.0,0.706742848240934]
[92069,89318,1.0,0.6971042044890494]
[124164,89318,1.0,0.4115753650239463]
[30542,30536,1.0,0.992547856977486]
[30542,30539,1.0,0.992547856977486]
[100185,79178,1.0,0.42043944717769105]
[100185,66068,1.0,0.855285786802678]
[121444,79178,1.0,0.5508101032766156]
[121444,100185,1.0,0.41742340816577284]
[99384,30650,1.0,0.41200088938919527]
[48575,48572,1.0,0.9876948296355775]
[21692,21683,1.0,0.8259892981667586]
[21692,21686,1.0,0.7996853553862994]
[80786,52898,1.0,0.5152831048181178]
[21689,21683,1.0,0.7082031509856247]
[21689,21686,1.0,0.7364973096506244]
[57587,48575,1.0,0.47302131227751404]
[57587,48572,1.0,0.46039912444227826]
[101863,18617,1.0,0.4643495656548344]
[21686,21683,1.0,0.989769623084599]
[130438,30650,1.0,0.4272497395706986]
[103174,52898,1.0,0.4926684422722745]
[12954,12948,1.0,0.9946572280446236]
[12954,12951,1.0,0.9946572280446236]
[92940,92934,1.0,0.9880063631781889]
[92940,92937,1.0,0.8430930844500978]
[12951,12948,1.0,0.9952227536000962]
[92937,92934,1.0,0.9181260331892016]
[16832,16829,1.0,0.5431034295635482]
[55130,52913,1.0,0.5189179924413956]
[14518,14515,1.0,0.9667914861552904]
[14518,14512,1.0,0.9711256797238931]
[14515,14512,1.0,0.9942819304487751]
[126574,126571,1.0,0.9796129226626369]
[126577,126574,1.0,0.9875173179404491]
[126577,126571,1.0,0.9940055085566161]
[91068,91065,1.0,0.9884659305607626]
[122688,46635,1.0,0.6033452698758792]
[122688,20291,1.0,0.5103252157748424]
[51174,36203,1.0,0.4083254927455702]
[115204,46635,1.0,0.417003291199865]
[115204,22903,1.0,0.467175030441719]
[36203,29284,1.0,0.5407165546789677]
[36203,28623,1.0,0.41898160682745483]
[93109,93106,1.0,0.9825339486276568]
[12499,12496,1.0,0.9914218932439751]
[46635,20464,1.0,0.4410969145703127]
[46635,31213,1.0,0.5367522485830879]
[31656,31647,1.0,0.9935814219499451]
[31656,31650,1.0,0.9510791449578953]
[115096,40390,1.0,0.6364118735126403]
[115096,36203,1.0,0.655930687908821]
[115096,51798,1.0,0.4051778394035571]
[115096,21304,1.0,0.5988482058831571]
[31213,31210,1.0,0.987708587924094]
[93714,40390,1.0,0.5289181737965658]
[93714,36203,1.0,0.4322414486647078]
[93714,87695,1.0,0.5567741646233612]
[93714,93708,1.0,0.9952227536000962]
[93714,51798,1.0,0.533279663638206]
[93714,93711,1.0,0.9943082333510062]
[93714,43227,1.0,0.5113554043633979]
[2060,2057,1.0,0.9927904021198166]
[31662,31656,1.0,0.9348302313270025]
[31662,31647,1.0,0.9487682286834668]
[31662,31650,1.0,0.7630903907365701]
[31662,31659,1.0,0.9322063354506893]
[120255,120249,1.0,0.9877726362494229]
[120255,120252,1.0,0.9640127739341561]
[2063,2057,1.0,0.6501442471067068]
[2063,2060,1.0,0.6122155585803665]
[120252,120249,1.0,0.9854979061394058]
[93115,93109,1.0,0.9878636272915089]
[93115,93106,1.0,0.9926561392683285]
[93115,93112,1.0,0.9036427144662008]
[58417,51586,1.0,0.4225377214959627]
[31650,31647,1.0,0.9614081013602511]
[93711,93708,1.0,0.9943082333510062]
[31659,31656,1.0,0.9774221940169567]
[31659,31647,1.0,0.9827877089598924]
[31659,31650,1.0,0.8944005983697219]
[51586,40390,1.0,0.5453244936971341]
[51586,36203,1.0,0.5198334765666092]
[51586,21304,1.0,0.5674064193381382]
[110446,51798,1.0,0.4110945988043082]
[77149,77143,1.0,0.9905564682541387]
[77149,77146,1.0,0.9659402344107508]
[115207,115204,1.0,0.9616357834455054]
[115207,22903,1.0,0.4953035493181288]
[93112,93109,1.0,0.9420490973365752]
[93112,93106,1.0,0.9300645229428159]
[77146,77143,1.0,0.9864329714632974]
[120258,120249,1.0,0.9647989762530081]
[120258,120255,1.0,0.9285798607121926]
[120258,120252,1.0,0.9066522760421806]
[84013,66113,1.0,0.4827391520422561]
[41392,41389,1.0,0.9670301277686368]
[41401,41392,1.0,0.9262899295869064]
[41401,41398,1.0,0.9807659782104682]
[41401,41395,1.0,0.950829244080011]
[41401,41389,1.0,0.9877726362494229]
[41398,41392,1.0,0.9504823258676954]
[41398,41395,1.0,0.9758384124593251]
[41398,41389,1.0,0.9918484705620987]
[116970,116967,1.0,0.9860623032211019]
[41395,41392,1.0,0.889314347544889]
[41395,41389,1.0,0.9758384124593251]
[110965,66107,1.0,0.6248596828625443]
[110965,80348,1.0,0.41086588530583373]
[110965,53419,1.0,0.4057499109800891]
[81206,53419,1.0,0.5633139509460693]
[132924,66107,1.0,0.5685107066831274]
[116973,116967,1.0,0.9884187600305065]
[116973,116970,1.0,0.9844429739981301]
[41404,41392,1.0,0.8271939442055767]
[41404,41401,1.0,0.9135371927379038]
[41404,41398,1.0,0.9531182147042909]
[41404,41395,1.0,0.9563737018209444]
[41404,41389,1.0,0.9531182147042909]
[80348,51245,1.0,0.42771483205333305]
[80348,66113,1.0,0.5590028410494637]
[53419,12947,1.0,0.40281989533626933]
[66113,66110,1.0,0.9725189157894552]
[66113,51245,1.0,0.47641237444599105]
[90616,90610,1.0,0.9849157805652713]
[90616,90613,1.0,0.5569295407808721]
[103534,12614,1.0,0.5597668201568543]
[90619,90616,1.0,0.825824362297419]
[90619,90610,1.0,0.8762684396806607]
[29859,25710,1.0,0.4220677644242462]
[90622,90616,1.0,0.9878084041204032]
[90622,90619,1.0,0.7780077331527353]
[90622,90610,1.0,0.9931905064527496]
[90622,90613,1.0,0.6019415329091735]
[67137,67134,1.0,0.8008709055907969]
[34694,34688,1.0,0.9853184375310928]
[109005,76930,1.0,0.5139365969050699]
[5486,5483,1.0,0.9737548622088102]
[65344,12614,1.0,0.48385246473366983]
[65344,46832,1.0,0.4020901883766365]
[63350,12614,1.0,0.538599738614299]
[90613,90610,1.0,0.6557528887521099]
[60720,36746,1.0,0.42505539089029215]
[36746,17954,1.0,0.615172850768321]
[119473,36746,1.0,0.5406628612208527]
[106819,36746,1.0,0.4752877203240095]
[80810,80804,1.0,0.9199122634115162]
[80810,80807,1.0,0.9036178484061433]
[80807,80804,1.0,0.9911457621988602]
[66489,36746,1.0,0.44705509202085914]
