[105690,105684,1.0,0.9900850340350941]
[8091,8088,1.0,0.9792958512247115]
[25114,596,1.0,0.4729675823523593]
[64963,64960,1.0,0.9783160490622781]
[64966,64960,1.0,0.9362118624077107]
[64966,64963,1.0,0.9133392614749954]
[124932,25114,1.0,0.6840201953560233]
[124932,92330,1.0,0.47583494931049974]
[100329,61079,1.0,0.4348368190920941]
[100329,100323,1.0,0.9952227536000962]
[100329,11056,1.0,0.4246794813952078]
[61287,36468,1.0,0.5443060153964961]
[61287,25114,1.0,0.6321685108969449]
[73664,61287,1.0,0.5587922992108744]
[92330,80583,1.0,0.4296561179975072]
[80583,25114,1.0,0.5496570854774114]
[77406,77400,1.0,0.9600648053937961]
[9470,4882,1.0,0.48204901249345494]
[73672,4882,1.0,0.5919975680259839]
[69301,27558,1.0,0.457930920775671]
[34266,9835,1.0,0.44797927882577504]
[34266,9838,1.0,0.42457420675780183]
[9838,9835,1.0,0.972838857325248]
[62155,62149,1.0,0.9899369491532495]
[62155,62152,1.0,0.9616107935665502]
[62152,62149,1.0,0.9905540198276944]
[12146,12140,1.0,0.9833037846061902]
[12146,12143,1.0,0.9833037846061902]
[80380,80377,1.0,0.9929318100825512]
[131988,131985,1.0,0.9641353434579346]
[80383,80380,1.0,0.8989546155274312]
[80383,80377,1.0,0.9659299698990234]
[26952,26949,1.0,0.9935198621989149]
[12143,12140,1.0,0.9952227536000962]
[131994,131985,1.0,0.9900592205763161]
[131994,131988,1.0,0.9261982895275832]
[54879,54876,1.0,0.9916251695597528]
[31407,21026,1.0,0.60170614288638]
[31407,31331,1.0,0.42848332134779593]
[58647,24853,1.0,0.41521105607191544]
[58647,58641,1.0,0.9859935649057379]
[58650,58647,1.0,0.9314697999938206]
[58650,24853,1.0,0.41521105607191544]
[58650,58641,1.0,0.9833499466203377]
[24853,9288,1.0,0.5210515906838122]
[28334,28331,1.0,0.6925163416260585]
[132004,31407,1.0,0.4173379014696307]
[132004,29133,1.0,0.4949654761025479]
[132004,73714,1.0,0.4403762913400487]
[132004,66521,1.0,0.4388936479057448]
[132004,103677,1.0,0.47140418165725756]
[58641,24853,1.0,0.41521105607191544]
[100806,24853,1.0,0.5755436356584813]
[115707,29133,1.0,0.5005947124037089]
[115707,73714,1.0,0.5616683412781782]
[115707,66521,1.0,0.5362485180406331]
[67448,67445,1.0,0.9911926915833558]
[88145,88142,1.0,0.9656871949159955]
[44844,44841,1.0,0.9815657800483173]
[106750,18909,1.0,0.45056194659267496]
[25646,25643,1.0,0.9922444720626648]
[75481,75475,1.0,0.5413258038675122]
[33046,33043,1.0,0.987700044645388]
[99453,18909,1.0,0.5347453016393969]
[49002,18909,1.0,0.5902190136719855]
[88148,88145,1.0,0.9573729449188416]
[88148,88142,1.0,0.9287194256018175]
[129658,19894,1.0,0.5031603479382618]
[91747,10174,1.0,0.5140259179897735]
[64950,18909,1.0,0.43860840149817465]
[33049,33043,1.0,0.9842163337817847]
[33049,33046,1.0,0.9627328893525855]
[121111,18909,1.0,0.5417682929257782]
[33052,33043,1.0,0.9901918127542898]
[33052,33046,1.0,0.9760630187966087]
[33052,33049,1.0,0.9743293298906276]
[25649,25643,1.0,0.9922323843947127]
[25649,25646,1.0,0.9875482013239689]
[44850,44844,1.0,0.8292662225846809]
[44850,44841,1.0,0.9581528237560161]
[19894,114,1.0,0.47406962072632713]
[39311,12760,1.0,0.6073618229314907]
[39311,12757,1.0,0.6073618229314907]
[39311,12763,1.0,0.6059081299788476]
[12760,12757,1.0,0.9952227536000962]
[12760,10476,1.0,0.5216065319600851]
[59363,12760,1.0,0.534384546768373]
[12763,12760,1.0,0.9940027024276952]
[12763,12757,1.0,0.9940027024276952]
[41509,41506,1.0,0.8716197154275916]
[41509,41497,1.0,0.9814778242936026]
[41509,41503,1.0,0.8946580906534152]
[41509,41500,1.0,0.9295150369663198]
[7783,7780,1.0,0.9896658084527736]
[7783,7777,1.0,0.9919897335370477]
[41506,41497,1.0,0.9390938923354666]
[41506,41503,1.0,0.8065210749365866]
[41506,41500,1.0,0.8060993793284251]
[41503,41497,1.0,0.9466534775516253]
[41503,27818,1.0,0.6320190849364259]
[41503,41500,1.0,0.83653878606405]
[7780,7777,1.0,0.9934415995002976]
[78786,78780,1.0,0.9952227536000962]
[78786,78783,1.0,0.9924287928103918]
[78783,78780,1.0,0.9890712452746875]
[41500,41497,1.0,0.9782011945496366]
[41500,27818,1.0,0.5658306366347918]
[93687,41503,1.0,0.4364534836115571]
[7786,7783,1.0,0.8926183261993169]
[7786,7780,1.0,0.9053205353496863]
[7786,7777,1.0,0.9229124543084113]
[89918,89915,1.0,0.9874882310208049]
[42431,42428,1.0,0.9670627578073946]
[42431,42425,1.0,0.9670627578073946]
[100023,81268,1.0,0.590992530578779]
[42428,42425,1.0,0.9929318100825512]
[89317,81268,1.0,0.5524315175733114]
[89317,63172,1.0,0.43185975260657083]
[67834,67831,1.0,0.9924234816517693]
[67840,67831,1.0,0.9952227536000962]
[67840,67834,1.0,0.9924234816517693]
[81268,12579,1.0,0.40693853173037775]
[42434,42431,1.0,0.8909750054732939]
[42434,42428,1.0,0.9022770769780137]
[42434,42425,1.0,0.9611178040363408]
[46743,46737,1.0,0.9926497924738933]
[46743,9067,1.0,0.40421804938102196]
[46743,46740,1.0,0.9921327697425778]
[100777,46737,1.0,0.4281710241141917]
[100777,46743,1.0,0.42724600009902686]
[100777,46740,1.0,0.4019885894264894]
[62308,62305,1.0,0.9899899668414485]
[80892,46737,1.0,0.5590632110589177]
[80892,46743,1.0,0.53386635265937]
[80892,46740,1.0,0.542353426824637]
[46740,46737,1.0,0.9904337421865785]
[46740,9067,1.0,0.40961867558461545]
[12816,12813,1.0,0.9890424628076515]
[26897,26894,1.0,0.8231883886591315]
[85188,85185,1.0,0.9755626874993847]
[5207,5204,1.0,0.9942129708818666]
[19703,3953,1.0,0.5064241671607118]
[104724,9557,1.0,0.4663431448524312]
[104724,104721,1.0,0.9180234465743112]
[35834,32200,1.0,0.5182065896085569]
[19706,19703,1.0,0.9952227536000962]
[19706,3953,1.0,0.5064241671607118]
[93615,93606,1.0,0.9878322765641779]
[93615,93609,1.0,0.9878322765641779]
[92240,25852,1.0,0.5037023427376504]
[5429,5426,1.0,0.9702543362346435]
[28306,19703,1.0,0.4747174639854851]
[28306,19706,1.0,0.4747174639854851]
[124669,124666,1.0,0.953753024897603]
[93609,93606,1.0,0.9952227536000962]
[104721,9557,1.0,0.6911008404740914]
[25852,2115,1.0,0.6155824980583783]
[25852,15889,1.0,0.4078555961523538]
[25852,5426,1.0,0.41032482782981844]
[104727,104724,1.0,0.9180234465743112]
[104727,9557,1.0,0.6911008404740914]
[104727,104721,1.0,0.9911457621988602]
[41552,41546,1.0,0.9859369605433117]
[121551,90749,1.0,0.44064532811419094]
[121551,84558,1.0,0.5104340341435697]
[121551,25852,1.0,0.6385736141753184]
[109663,19703,1.0,0.5464224804935993]
[109663,19706,1.0,0.5464224804935993]
[118380,35834,1.0,0.4615369555841541]
[586,583,1.0,0.9895588436932962]
[589,583,1.0,0.9895380811434342]
[589,586,1.0,0.9895380811434342]
[46698,46695,1.0,0.9943305873712188]
[88113,88110,1.0,0.9921524973943059]
[72121,72118,1.0,0.9952227536000962]
[118435,20369,1.0,0.4554370498405598]
[118435,72121,1.0,0.5264046240841924]
[118435,32733,1.0,0.4806715533669958]
[118435,72118,1.0,0.5264046240841924]
[1788,1785,1.0,0.9517564204647415]
[1788,1782,1.0,0.992137104143598]
[51441,18301,1.0,0.5698172500134235]
[18301,3992,1.0,0.4923261068991697]
[78373,18301,1.0,0.4962355466103572]
[78373,7793,1.0,0.4483573887488492]
[78373,39997,1.0,0.44489159311914733]
[80632,18301,1.0,0.4052627552978572]
[92454,78373,1.0,0.42171034661858087]
[1785,1782,1.0,0.9676943428806629]
[84300,18301,1.0,0.4769422841116044]
[113905,113902,1.0,0.9873541765106135]
[50844,50838,1.0,0.9929336667039048]
[113911,113905,1.0,0.9569333536797784]
[113911,113908,1.0,0.8092297863213536]
[113911,113902,1.0,0.9622187616156144]
[113908,113905,1.0,0.8541522152375537]
[113908,113902,1.0,0.9043366086701123]
[52733,18301,1.0,0.4071588166974633]
[124708,18301,1.0,0.4943028430420815]
[39997,5630,1.0,0.5576027760355633]
[46911,18301,1.0,0.5120973627554654]
[33929,33926,1.0,0.9952227536000962]
[33935,33929,1.0,0.9952227536000962]
[33935,33926,1.0,0.9842365892721153]
[43089,43083,1.0,0.9884961129423554]
[112789,112786,1.0,0.9854482705971164]
[28506,28503,1.0,0.9629406750471411]
[28506,28500,1.0,0.9935699985935565]
[122593,87235,1.0,0.46505356144350224]
[122593,2284,1.0,0.41981876477878055]
[81184,43232,1.0,0.47318988877862705]
[81184,76973,1.0,0.42640360071571853]
[81184,60678,1.0,0.5470653466719314]
[81184,41461,1.0,0.42100656692366545]
[60221,60218,1.0,0.9952227536000962]
[93005,93002,1.0,0.9285166550062889]
[93005,92999,1.0,0.9718122141744526]
[112347,81184,1.0,0.5659586361693584]
[112347,81187,1.0,0.5357231135823061]
[85986,81184,1.0,0.46186257461986835]
[85986,81187,1.0,0.44272422389179406]
[60224,60218,1.0,0.9949181171750051]
[60224,60221,1.0,0.9949181171750051]
[93002,92999,1.0,0.9799316410337271]
[127939,127933,1.0,0.9824244778783092]
[127939,127936,1.0,0.9561433561896593]
[28503,28500,1.0,0.9704728586415335]
[99123,81184,1.0,0.44386610089237943]
[99123,81187,1.0,0.438069164631437]
[121215,77897,1.0,0.4319135820563547]
[121215,105205,1.0,0.5639386704741111]
[81187,43232,1.0,0.45987570912640635]
[81187,81184,1.0,0.9913719155278211]
[81187,76973,1.0,0.4146263702275459]
[81187,60678,1.0,0.5276305213854128]
[81187,41461,1.0,0.4128561619702057]
[90198,81184,1.0,0.43329888785384774]
[90198,81187,1.0,0.4318532893911167]
[28509,28506,1.0,0.9886605075077094]
[28509,28503,1.0,0.9703612616745284]
[28509,28500,1.0,0.9942322398449379]
[87612,39951,1.0,0.4346891027041991]
[112453,81184,1.0,0.5132071027606822]
[112453,81187,1.0,0.5035985034247621]
[91486,43232,1.0,0.42784507308500885]
[91486,60221,1.0,0.478179376371632]
[91486,76973,1.0,0.45384085305185734]
[91486,90198,1.0,0.4045514886142106]
[91486,41461,1.0,0.4164565186999745]
[127936,127933,1.0,0.986561341032257]
[86472,86469,1.0,0.9938467974931987]
[86472,86466,1.0,0.9754834930132598]
[86469,86466,1.0,0.970043288779541]
[102825,102819,1.0,0.9938745906529297]
[102825,102822,1.0,0.9935065494381488]
[2070,2061,1.0,0.9908816929606714]
[66999,66993,1.0,0.9897719112929796]
[66999,66996,1.0,0.9935047841791984]
[24072,24069,1.0,0.9892819917996648]
[86475,86472,1.0,0.9401333814731613]
[86475,86469,1.0,0.9276261738740968]
[86475,86466,1.0,0.9848891157746257]
[66996,66993,1.0,0.9863698095145021]
[102822,102819,1.0,0.9949181171750051]
[64766,9167,1.0,0.4041779639749202]
[126880,62613,1.0,0.453223990971625]
[126880,62610,1.0,0.4793559070642526]
[126880,62616,1.0,0.4793559070642526]
[126880,57465,1.0,0.7475131785085772]
[46001,13049,1.0,0.4548259186726127]
[22589,22586,1.0,0.8146200111403907]
[22589,22583,1.0,0.9904277818523912]
[92757,92751,1.0,0.9913719155278211]
[92757,92754,1.0,0.9592847514152124]
[57987,57981,1.0,0.9930409068020026]
[57987,57984,1.0,0.9482587752988338]
[56332,21985,1.0,0.4076865396567947]
[56332,49569,1.0,0.48382026218453894]
[57373,57370,1.0,0.9544312208620599]
[57376,57373,1.0,0.9553943477960757]
[57376,57370,1.0,0.9919060516731314]
[71997,71994,1.0,0.9838141555239713]
[71997,71991,1.0,0.9877726362494229]
[22586,22583,1.0,0.8789663634060086]
[57984,57981,1.0,0.9649131676239978]
[62613,62610,1.0,0.9275280472096974]
[62613,49569,1.0,0.5031124142752631]
[84625,13049,1.0,0.4537972908918841]
[62616,62613,1.0,0.9016099696598983]
[62616,62610,1.0,0.8864159894192933]
[71994,71991,1.0,0.9930409068020026]
[22592,22589,1.0,0.9668060689694576]
[22592,22586,1.0,0.6944505471908903]
[22592,22583,1.0,0.9702566869348644]
[57465,13049,1.0,0.5407623447378915]
[57465,31783,1.0,0.5658865825474998]
[57465,49569,1.0,0.47656981007924204]
[125098,49863,1.0,0.4959206879755962]
[69179,69176,1.0,0.9882985907634523]
[92754,92751,1.0,0.9674015325198062]
[69182,69179,1.0,0.6047366185100412]
[69182,69176,1.0,0.7094221410015205]
[34261,34258,1.0,0.9856643585680709]
[108877,108874,1.0,0.9942819304487751]
[108880,108874,1.0,0.984893172649142]
[108880,108877,1.0,0.9822749495210077]
[44370,39725,1.0,0.4050087044418492]
[54318,54312,1.0,0.984450181166849]
[54318,54315,1.0,0.9499414030284322]
[115489,115486,1.0,0.9869694980651142]
[54315,54312,1.0,0.9869504958906093]
[76587,6178,1.0,0.5065665282318679]
[76587,6184,1.0,0.4998111412529614]
[76587,6190,1.0,0.5322606094079182]
[15323,15320,1.0,0.9952227536000962]
[6181,6178,1.0,0.8568494792835815]
[6193,6178,1.0,0.9784453381712592]
[6193,6181,1.0,0.6717782235994301]
[6193,6184,1.0,0.9735063065116972]
[6193,6190,1.0,0.9571948132748638]
[115492,115489,1.0,0.9787271840742998]
[115492,115486,1.0,0.9838923227701962]
[6184,6178,1.0,0.9936155179084726]
[6184,6181,1.0,0.8300471442447728]
[51687,51684,1.0,0.9430527965103809]
[6190,6178,1.0,0.9902570385699506]
[6190,6181,1.0,0.7864270012391884]
[6190,6184,1.0,0.9788877704311488]
[74311,74308,1.0,0.9756204019919881]
[86906,13002,1.0,0.46806900532389306]
[102309,102306,1.0,0.7014799757833862]
[102309,102303,1.0,0.9925468645354409]
[102306,102303,1.0,0.8129965584793629]
[63797,63791,1.0,0.9748756049889057]
[36930,10903,1.0,0.4416427507705134]
[36930,36927,1.0,0.9919839916101322]
[22140,10903,1.0,0.42760084309798335]
[26584,10903,1.0,0.4359251715670942]
[26584,26581,1.0,0.9925468645354409]
[86036,22140,1.0,0.5184303358282215]
[86036,34728,1.0,0.5449584700866252]
[86036,4407,1.0,0.5219480440248607]
[63718,26584,1.0,0.4054136730914516]
[63718,10903,1.0,0.4140243916157553]
[10903,4407,1.0,0.41252765174961237]
[56227,56224,1.0,0.4769370037579705]
[41567,41564,1.0,0.9933607062578763]
[63594,22140,1.0,0.4388831489617159]
[63594,26584,1.0,0.4035577455975521]
[63594,26581,1.0,0.4483516058089524]
[68248,68245,1.0,0.9859937898411654]
[26581,10903,1.0,0.42898850699647784]
[98868,26584,1.0,0.5063121380761801]
[98868,26581,1.0,0.45316353952417565]
[36933,36930,1.0,0.9946939993737459]
[36933,26584,1.0,0.5322269522163359]
[36933,36927,1.0,0.9952227536000962]
[36933,4407,1.0,0.5654405517043078]
[36933,26581,1.0,0.45182567833207016]
[37805,10462,1.0,0.45735454454068397]
[36322,18718,1.0,0.4055665856281268]
[4349,4346,1.0,0.9952227536000962]
[52471,52468,1.0,0.9938804711395797]
[76110,11526,1.0,0.5918020327224062]
[48774,48771,1.0,0.9859249683663421]
[119256,119253,1.0,0.9423627605950988]
[119259,119256,1.0,0.8920148171922408]
[119259,119253,1.0,0.988432004402846]
[67452,67449,1.0,0.9658030312339354]
[94884,94881,1.0,0.9918426894149314]
[13496,13490,1.0,0.9952227536000962]
[111757,111754,1.0,0.9909251903137]
[111763,111757,1.0,0.5215266984927435]
[111763,111754,1.0,0.6301058762472195]
[111766,111757,1.0,0.6479435940359153]
[111766,111754,1.0,0.748259808219018]
[4337,4331,1.0,0.9871343773401215]
[64164,64155,1.0,0.990392005742469]
[64164,64158,1.0,0.9416805160604442]
[61627,28024,1.0,0.41365659768606816]
[61627,36480,1.0,0.4900213059121592]
[64158,64155,1.0,0.9654980824032692]
[34991,34988,1.0,0.9873880934517817]
[65921,28024,1.0,0.42427507087726335]
[65921,36480,1.0,0.46001910007903185]
[54516,54513,1.0,0.9779859150014836]
[89745,113,1.0,0.5184471525903093]
[54519,54513,1.0,0.9323283793179978]
[54519,54516,1.0,0.8867544141161223]
[78934,51221,1.0,0.6840689619316123]
[9377,9374,1.0,0.9638488178207999]
[112686,112683,1.0,0.9938289672647332]
[51221,51218,1.0,0.9934637941520884]
[51227,51218,1.0,0.9742694871812523]
[51227,51221,1.0,0.921038859930206]
[51227,51224,1.0,0.4661379640364665]
[78937,78934,1.0,0.9925500138987969]
[78937,51221,1.0,0.6780674122111483]
[112689,112686,1.0,0.9843827654206755]
[112689,112683,1.0,0.9877726362494229]
[93287,51221,1.0,0.4280634616518652]
[9380,9377,1.0,0.9934847894123641]
[9380,9374,1.0,0.9547453494934107]
[78943,78934,1.0,0.9554412836313065]
[78943,51221,1.0,0.6840689619316123]
[78943,78937,1.0,0.9349927011126347]
[78943,78940,1.0,0.9349927011126347]
[78940,78934,1.0,0.9925500138987969]
[78940,51221,1.0,0.6260718211373834]
[78940,78937,1.0,0.988544300357362]
[73263,73260,1.0,0.8858589891785079]
[51230,51218,1.0,0.9907964802833418]
[51230,51221,1.0,0.9696827682052657]
[51230,51227,1.0,0.9551959243039494]
[51230,51224,1.0,0.4684557741696113]
[9383,9377,1.0,0.9605459797904881]
[9383,9374,1.0,0.9946149626479851]
[9383,9380,1.0,0.9499484196717437]
[75949,75943,1.0,0.9918756543936526]
[75949,75946,1.0,0.971308611853669]
[51224,51218,1.0,0.6567281193372255]
[51224,51221,1.0,0.8511617959208921]
[75946,75943,1.0,0.9942252932052374]
[80604,80598,1.0,0.9896628372255446]
[80607,80604,1.0,0.9710931808413583]
[80607,80598,1.0,0.9832476123988318]
[89194,89188,1.0,0.9552458961809962]
[89194,89191,1.0,0.9926297125923712]
[89194,89185,1.0,0.9821829532530344]
[67821,67815,1.0,0.9295703623827266]
[89188,89185,1.0,0.9850107703569781]
[89191,89188,1.0,0.9672911649038392]
[89191,89185,1.0,0.9880468071892065]
[12033,12030,1.0,0.9952227536000962]
[12033,12027,1.0,0.9952227536000962]
[131646,131643,1.0,0.9945194946989725]
[32685,20152,1.0,0.4069956442736126]
[131649,131646,1.0,0.7816666303333177]
[131649,131643,1.0,0.7827011855563173]
[60382,60379,1.0,0.9494666040917243]
[12030,12027,1.0,0.9952227536000962]
[131652,131646,1.0,0.9860092827512229]
[131652,131649,1.0,0.7595114376293257]
[131652,131643,1.0,0.9926278674655746]
[60385,60379,1.0,0.9913719155278211]
[60385,60382,1.0,0.9207659261841057]
[71932,71923,1.0,0.9070211231685509]
[71932,71929,1.0,0.6518504676535034]
[71929,71923,1.0,0.9713585435205847]
[121042,121036,1.0,0.7792772531924566]
[121042,121039,1.0,0.7792772531924566]
[121039,121036,1.0,0.9952227536000962]
[6860,6854,1.0,0.9435757433873435]
[6860,6851,1.0,0.9435757433873435]
[6860,6857,1.0,0.9435757433873435]
[54939,54936,1.0,0.9952227536000962]
[6854,6851,1.0,0.9877726362494229]
[17566,17563,1.0,0.9583115736412033]
[17566,17560,1.0,0.9742012686308292]
[17563,17560,1.0,0.9946572280446236]
[10139,10133,1.0,0.9844625186241991]
[10139,10136,1.0,0.9281887745938547]
[22892,22889,1.0,0.8878266190932966]
[6857,6854,1.0,0.9877726362494229]
[6857,6851,1.0,0.9877726362494229]
[10136,10133,1.0,0.9695973395609723]
[105559,54936,1.0,0.4380982155347687]
[105559,54939,1.0,0.4380982155347687]
[97444,59733,1.0,0.7315426376174662]
[61297,14916,1.0,0.4054856540234666]
[110953,4028,1.0,0.4948692361123118]
[28448,28442,1.0,0.9718105180910823]
[28448,28445,1.0,0.8065357945049318]
[117334,117331,1.0,0.9491042554466996]
[117334,117328,1.0,0.9877726362494229]
[117331,117328,1.0,0.9842463203912916]
[93374,14916,1.0,0.5154440011521066]
[93374,45195,1.0,0.4397212969457577]
[106249,14916,1.0,0.5660670863052492]
[106249,45195,1.0,0.5469460183830779]
[106249,50015,1.0,0.46911722786835697]
[11305,11296,1.0,0.9905564682541387]
[11305,11302,1.0,0.9899064464918398]
[11545,11542,1.0,0.9862741343975706]
[11545,11539,1.0,0.9740855265690808]
[11545,11536,1.0,0.9888157204855375]
[10990,10987,1.0,0.9647062489675425]
[11542,11539,1.0,0.9855261649178704]
[11542,11536,1.0,0.9940505964275935]
[49765,49762,1.0,0.9907324591998782]
[49765,4028,1.0,0.4092530331297708]
[112473,101742,1.0,0.44030439686252526]
[65841,45195,1.0,0.4305848237605045]
[65841,50015,1.0,0.4319585362359309]
[59771,50015,1.0,0.5123349603305026]
[125178,4028,1.0,0.6635821651417767]
[11539,11536,1.0,0.9881761805738833]
[117525,4028,1.0,0.45822385362417684]
[113700,28448,1.0,0.40704765727220754]
[45195,14916,1.0,0.5038002623854]
[117337,117334,1.0,0.9127985769815273]
[117337,117331,1.0,0.8700651276468461]
[117337,117328,1.0,0.9291549731837377]
[105027,14916,1.0,0.43983214715529134]
[105027,45195,1.0,0.44456949935493856]
[46359,45195,1.0,0.5616733439198245]
[49771,49765,1.0,0.9820580479095231]
[49771,49762,1.0,0.9928797513486445]
[49771,49768,1.0,0.9920006596743716]
[60955,4028,1.0,0.4248473841027529]
[49768,49765,1.0,0.9785473337621257]
[49768,49762,1.0,0.9856459833497901]
[11302,11296,1.0,0.9949160536753251]
[28454,28448,1.0,0.6986584099996335]
[28454,28442,1.0,0.735076165058596]
[28454,28451,1.0,0.6718549609112571]
[101742,49765,1.0,0.46705257134492545]
[101742,29139,1.0,0.4219728381422639]
[101742,14870,1.0,0.44166619156385206]
[101742,16506,1.0,0.4356430700761808]
[99228,14916,1.0,0.45687773151226135]
[99228,45195,1.0,0.4630623389293581]
[28457,28448,1.0,0.9047863408833897]
[28457,28454,1.0,0.7011999104170572]
[28457,28442,1.0,0.9938289672647332]
[28457,28445,1.0,0.8357651861930822]
[28457,28451,1.0,0.974964601475238]
[16506,4028,1.0,0.4356313036436423]
[28445,28442,1.0,0.9484776449609484]
[113703,28448,1.0,0.40704765727220754]
[113703,113700,1.0,0.9952227536000962]
[50015,45195,1.0,0.7208857712614045]
[50015,46359,1.0,0.49192619377415886]
[50015,29838,1.0,0.5250103014834725]
[65198,4028,1.0,0.456450068430294]
[28451,28448,1.0,0.8991316151926981]
[28451,28442,1.0,0.9932537467430427]
[28451,28445,1.0,0.8176769037182925]
[22213,22210,1.0,0.9822778125347954]
[22216,22210,1.0,0.9941331399080218]
[22216,22213,1.0,0.9913795926740815]
[123336,581,1.0,0.40860414842899706]
[120600,581,1.0,0.5012898967519933]
[132337,87094,1.0,0.4883924669395188]
[42910,581,1.0,0.4629126917363227]
[58363,581,1.0,0.40329659148487984]
[87094,581,1.0,0.46218149675626174]
[87094,59441,1.0,0.4113030874263352]
[87094,83003,1.0,0.4028683436767419]
[7301,581,1.0,0.4282337587298531]
[44899,581,1.0,0.5394449276660274]
[83281,581,1.0,0.6906967470919297]
[112780,581,1.0,0.4400770084374688]
[88794,581,1.0,0.4167691772612529]
[88797,581,1.0,0.40909775610450433]
[88797,88794,1.0,0.9935047841791984]
[90418,87094,1.0,0.5250905704459077]
[90418,581,1.0,0.5127509229838115]
[90418,83003,1.0,0.43737458742532065]
[97254,581,1.0,0.40940001383374053]
[59441,581,1.0,0.41079496949176497]
[83003,581,1.0,0.42259969068039627]
[88800,581,1.0,0.4167691772612529]
[88800,88794,1.0,0.993172515220938]
[88800,88797,1.0,0.9908021877596574]
[57905,57902,1.0,0.9638926424370773]
[59325,3384,1.0,0.5306536489176609]
[109344,57905,1.0,0.44367956390300733]
[109344,87676,1.0,0.45302448417017566]
[109344,39667,1.0,0.5639469608891498]
[109344,39670,1.0,0.5639469608891498]
[109344,3384,1.0,0.41486804073479766]
[40591,3384,1.0,0.6940559657258535]
[39670,39667,1.0,0.9818497963517954]
[33425,33422,1.0,0.9512764329640003]
[33428,33425,1.0,0.8790147831903747]
[33428,33422,1.0,0.9765657794900905]
[22053,22050,1.0,0.9952227536000962]
[33434,33425,1.0,0.9593587838074691]
[33434,33422,1.0,0.9869485200005181]
[33434,33428,1.0,0.9441890383084184]
[33434,33431,1.0,0.9374295113158819]
[129628,3384,1.0,0.49030973233927705]
[33431,33425,1.0,0.8756761868814275]
[33431,33422,1.0,0.9363625129534686]
[33431,33428,1.0,0.8076247768319077]
[71254,33853,1.0,0.46726798033226796]
[71254,35483,1.0,0.4062718704329014]
[71254,5889,1.0,0.5749287673969709]
[71254,282,1.0,0.4947478691464188]
[33853,33850,1.0,0.9841174611062842]
[33853,33847,1.0,0.9841174611062842]
[33850,33847,1.0,0.9952227536000962]
[71228,71225,1.0,0.9926278674655746]
[71231,71228,1.0,0.8821386052108934]
[71231,71225,1.0,0.9611038897081189]
[55954,47847,1.0,0.45322128928133054]
[55954,12908,1.0,0.5871663422715995]
[103338,71254,1.0,0.4032490596487449]
[103338,12908,1.0,0.4059086072331826]
[40077,40074,1.0,0.9795348464407937]
[16122,16116,1.0,0.971884918731895]
[16122,16119,1.0,0.9723522390017736]
[19185,19182,1.0,0.9598633678348216]
[19185,19179,1.0,0.9740010196870666]
[19182,19179,1.0,0.9920757573321467]
[16125,16122,1.0,0.9649800485728091]
[16125,16116,1.0,0.9911166774796125]
[16125,16119,1.0,0.989499866181863]
[16119,16116,1.0,0.9916286884947381]
[40080,40077,1.0,0.9445971186690041]
[40080,40074,1.0,0.957253622714402]
[91596,16122,1.0,0.4040115788263103]
[91596,62339,1.0,0.45669647435989996]
[82512,82500,1.0,0.9911954682750598]
[82512,82506,1.0,0.9743663799188476]
[82506,82500,1.0,0.9568828461167338]
[13668,2528,1.0,0.401503520463246]
[21834,13223,1.0,0.5114425676733123]
[21834,21831,1.0,0.958854627855846]
[21834,21828,1.0,0.9905564682541387]
[33742,33739,1.0,0.9937057145923404]
[73321,73315,1.0,0.9880021388251271]
[73321,73312,1.0,0.9938804711395797]
[73321,73318,1.0,0.9781772412813855]
[115659,115656,1.0,0.9946743864336534]
[65525,65522,1.0,0.9820710732243343]
[43245,21834,1.0,0.49625358881589243]
[102363,2528,1.0,0.40109767585554473]
[121597,2528,1.0,0.44413307490737153]
[80081,27289,1.0,0.4084125376504388]
[80081,80078,1.0,0.9948237371826054]
[61100,2528,1.0,0.4158192413569233]
[53777,27289,1.0,0.5147321284022323]
[33745,33739,1.0,0.5895584706239289]
[33745,33742,1.0,0.4844341570882511]
[51997,51994,1.0,0.9927543544888627]
[65528,65525,1.0,0.9557520449580812]
[65528,65522,1.0,0.9867138121596928]
[93516,21834,1.0,0.5554581129404202]
[93516,93513,1.0,0.9675347111317407]
[52003,51997,1.0,0.990808328246706]
[52003,52000,1.0,0.6781024207274267]
[52003,51994,1.0,0.993887640046459]
[44451,21834,1.0,0.7054308239586036]
[44451,9751,1.0,0.46877325882561843]
[44451,13223,1.0,0.4800283833984169]
[44451,43245,1.0,0.4037340085608045]
[44451,17694,1.0,0.4967051827241412]
[44451,44448,1.0,0.988421098306559]
[90487,2528,1.0,0.5212181774061992]
[2525,2522,1.0,0.9654645856089994]
[41189,41186,1.0,0.9933550320030448]
[110571,2528,1.0,0.4347127456736982]
[93513,21834,1.0,0.6409496828523282]
[93513,2528,1.0,0.41850761180414847]
[73315,73312,1.0,0.990515878461667]
[94989,9751,1.0,0.41101081750251683]
[94989,2528,1.0,0.5568709579740803]
[121737,9751,1.0,0.4787992973848669]
[121737,2528,1.0,0.6143883381378425]
[3282,2528,1.0,0.4175382787584605]
[24307,2528,1.0,0.41184428579116317]
[29541,21834,1.0,0.5196380532051753]
[29541,9751,1.0,0.45056505350539217]
[29541,3282,1.0,0.4508807952643498]
[29541,2528,1.0,0.5265216451975309]
[21831,21828,1.0,0.6810382884542282]
[44454,21834,1.0,0.47253490686193317]
[44454,44451,1.0,0.9873369624325196]
[44454,44448,1.0,0.9913999706710128]
[122508,44451,1.0,0.4630638512529448]
[78103,44451,1.0,0.4340813441730808]
[3522,2528,1.0,0.4052855369929326]
[85112,80081,1.0,0.40998227311321905]
[100855,80081,1.0,0.6295866461906956]
[115662,115659,1.0,0.9525066647971246]
[115662,115656,1.0,0.9732904710968926]
[93522,21834,1.0,0.550507320315203]
[93522,93516,1.0,0.9753225454846669]
[93522,93513,1.0,0.9761089870075881]
[101334,2528,1.0,0.45047247225405884]
[65534,65525,1.0,0.7433827969630261]
[65534,65522,1.0,0.8938987521026268]
[65534,65528,1.0,0.8403830150160054]
[9514,2528,1.0,0.43116895130577276]
[33751,33739,1.0,0.9346305892323084]
[33751,33742,1.0,0.9263720486971089]
[33751,33748,1.0,0.8996840516250819]
[52000,51997,1.0,0.644743227319377]
[52000,51994,1.0,0.7112134338747326]
[2528,2522,1.0,0.9102509960318567]
[2528,2525,1.0,0.9799140256047939]
[73318,73315,1.0,0.9682596323851725]
[73318,73312,1.0,0.9823618622976097]
[90463,2528,1.0,0.48588620638868707]
[44448,21834,1.0,0.47253490686193317]
[33748,33739,1.0,0.9920745190983706]
[33748,33742,1.0,0.9909606257456199]
[33748,33745,1.0,0.5895269723785836]
[87295,44451,1.0,0.6703940540315794]
[101304,101301,1.0,0.9816001976106641]
[101304,101298,1.0,0.9858007224893045]
[101310,101304,1.0,0.9858007224893045]
[101310,101301,1.0,0.9936012444662671]
[101310,101307,1.0,0.9614976359453645]
[101310,101298,1.0,0.993833290446873]
[101301,101298,1.0,0.9950492062368131]
[101307,101304,1.0,0.9748609965442304]
[101307,101301,1.0,0.9773784043589244]
[101307,101298,1.0,0.9781115449714732]
[49787,49781,1.0,0.9047800730819138]
[49787,49784,1.0,0.951457767238773]
[34057,12436,1.0,0.7069606050838846]
[104418,12436,1.0,0.4387837695652676]
[104418,34057,1.0,0.42104343104996805]
[49784,49781,1.0,0.9444076133029737]
[127326,69567,1.0,0.45247378186207454]
[82998,50738,1.0,0.4200450850270121]
[112921,43583,1.0,0.5575026116121697]
[72821,44229,1.0,0.4591185378908206]
[72821,45222,1.0,0.4176641933686788]
[72821,35876,1.0,0.4983364099356225]
[26468,19168,1.0,0.5140993166724421]
[61723,43583,1.0,0.47498214521973303]
[51678,51675,1.0,0.9195622926531185]
[67119,43583,1.0,0.4709830917936726]
[33902,33899,1.0,0.9888152390801975]
[35876,29031,1.0,0.4284869093384975]
[51681,51675,1.0,0.9850301254159021]
[51681,51678,1.0,0.8169249333323371]
[44341,44335,1.0,0.9800243529901598]
[44341,44338,1.0,0.9285894641358132]
[44344,44335,1.0,0.9665765121237831]
[44344,44341,1.0,0.9913719155278211]
[44344,44338,1.0,0.8907029461609217]
[44338,44335,1.0,0.9929191138361242]
[51867,2804,1.0,0.7004963591119089]
[51867,2807,1.0,0.43275897269614694]
[34068,2807,1.0,0.47858551518502684]
[2807,2804,1.0,0.9952227536000962]
[48967,2804,1.0,0.45167490512672975]
[48967,2807,1.0,0.7704822193793897]
[113103,100753,1.0,0.44087394290357695]
[113103,51184,1.0,0.5597109830683069]
[20851,2804,1.0,0.6116859902591635]
[70599,70596,1.0,0.9910451995554023]
[98286,2807,1.0,0.5423521555024716]
[79888,2807,1.0,0.5255439232276428]
[51181,51178,1.0,0.9864456465215152]
[75714,2807,1.0,0.5400675306535409]
[51184,51181,1.0,0.9836082186485948]
[51184,51178,1.0,0.9952227536000962]
[63637,2804,1.0,0.4376759316181373]
[63637,2807,1.0,0.7619951749749946]
[86024,2807,1.0,0.454622386470937]
[107064,2807,1.0,0.48130906311147287]
[78527,2807,1.0,0.43856976988066826]
[100341,100338,1.0,0.974751754490528]
[80077,80074,1.0,0.9901422142795266]
[29388,29385,1.0,0.9702181010237211]
[80083,80077,1.0,0.8617326007333651]
[80083,80074,1.0,0.8798415938128628]
[88643,69629,1.0,0.5469981177671532]
[119787,119784,1.0,0.9952227536000962]
[119787,119775,1.0,0.9952227536000962]
[119787,119778,1.0,0.9865508490000692]
[119784,119775,1.0,0.993172515220938]
[119784,119778,1.0,0.9815140535386516]
[119778,119775,1.0,0.9865508490000692]
[7960,7957,1.0,0.985243465659606]
[7960,7951,1.0,0.985243465659606]
[71570,71567,1.0,0.9888824737220943]
[71573,71570,1.0,0.8176185782708244]
[71573,71567,1.0,0.8486337534295582]
[78126,49325,1.0,0.41314292897995014]
[125547,71570,1.0,0.5287486693884135]
[125547,64801,1.0,0.41335774602945347]
[125547,71573,1.0,0.5505729330860916]
[125547,71567,1.0,0.5389006021952635]
[126345,126342,1.0,0.9918426894149314]
[7957,7951,1.0,0.9952227536000962]
[21775,21769,1.0,0.4826120193289231]
[21775,21772,1.0,0.7149086610947349]
[21772,21769,1.0,0.9209901098673113]
[11910,11907,1.0,0.8905275655223033]
[11916,11910,1.0,0.8114923982412963]
[11916,11913,1.0,0.9720650067938975]
[11916,11907,1.0,0.9893878532247007]
[92501,92489,1.0,0.9945658731879131]
[92501,92492,1.0,0.9945658731879131]
[92501,92495,1.0,0.7759767178059203]
[92501,92498,1.0,0.9945658731879131]
[11919,11910,1.0,0.8435306607599417]
[11919,11916,1.0,0.9740043566361704]
[11919,11913,1.0,0.9635463984551099]
[11919,11907,1.0,0.9856495696866847]
[11913,11910,1.0,0.9017643299314378]
[11913,11907,1.0,0.9905615333622498]
[92492,92489,1.0,0.9952227536000962]
[70623,70620,1.0,0.9887846056231936]
[70623,70617,1.0,0.9950492062368131]
[70620,70617,1.0,0.9891356835907431]
[92495,92489,1.0,0.8339731572007315]
[92495,92492,1.0,0.8339731572007315]
[92498,92489,1.0,0.9952227536000962]
[92498,92492,1.0,0.9952227536000962]
[92498,92495,1.0,0.6729824580160422]
[125004,114778,1.0,0.4120552259070448]
[19568,19565,1.0,0.9941113773414735]
[19571,19568,1.0,0.9671386838032832]
[19571,19565,1.0,0.9859494356372956]
[111922,21754,1.0,0.5143560747741299]
[23735,23732,1.0,0.99040326848731]
[8925,8922,1.0,0.9647990326607264]
[8928,8925,1.0,0.8617420034259073]
[8928,8922,1.0,0.9655574707659812]
[128185,74737,1.0,0.5335573981391776]
[107344,8928,1.0,0.43061798612140434]
[107344,83963,1.0,0.43235761650833465]
[107344,8922,1.0,0.41656105407860633]
[107344,107341,1.0,0.7872156180198612]
[107344,107338,1.0,0.7857669336946278]
[107344,8931,1.0,0.41293191307483584]
[107344,8934,1.0,0.424109252778603]
[107344,31672,1.0,0.5067761413479864]
[107347,8928,1.0,0.4388384269236572]
[107347,107344,1.0,0.8040893061888855]
[107347,8922,1.0,0.4245846826241679]
[107347,107341,1.0,0.9944393446098015]
[107347,79376,1.0,0.46656108500824567]
[107347,107338,1.0,0.9952227536000962]
[107347,74737,1.0,0.5070454467736724]
[107347,8931,1.0,0.42093532051924026]
[107347,31672,1.0,0.597270894934512]
[90532,74737,1.0,0.8062403249489714]
[90532,31672,1.0,0.4043062836298265]
[16090,16087,1.0,0.9833950324216724]
[76298,74737,1.0,0.47488331633550174]
[114225,74737,1.0,0.4881225162858768]
[107341,8928,1.0,0.4255487675034524]
[107341,8922,1.0,0.41158408717647055]
[107341,79376,1.0,0.4513281387567909]
[107341,107338,1.0,0.9910149508065733]
[107341,74737,1.0,0.49385074960811953]
[107341,8931,1.0,0.4079194674389635]
[107341,8934,1.0,0.41909759218523407]
[107341,31672,1.0,0.4489435026795284]
[131410,560,1.0,0.405884368588146]
[131410,107344,1.0,0.4223050859745208]
[131410,107347,1.0,0.4288589286654679]
[131410,107341,1.0,0.4270225862248521]
[131410,107338,1.0,0.4288589286654679]
[131410,74737,1.0,0.4387869305839282]
[79376,74737,1.0,0.5115708941986453]
[79376,79370,1.0,0.9869485200005181]
[79376,79373,1.0,0.9812327891086472]
[107338,8928,1.0,0.4388384269236572]
[107338,8922,1.0,0.4245846826241679]
[107338,79376,1.0,0.46656108500824567]
[107338,74737,1.0,0.5070454467736724]
[107338,8931,1.0,0.42093532051924026]
[107338,31672,1.0,0.597270894934512]
[107350,107344,1.0,0.8179735143089275]
[107350,107347,1.0,0.9829021982306907]
[107350,107341,1.0,0.980273731437051]
[107350,107338,1.0,0.9829021982306907]
[107350,74737,1.0,0.48142339343370855]
[116614,74737,1.0,0.5413243952614163]
[74737,8928,1.0,0.4669604868985094]
[74737,62471,1.0,0.4611873798542985]
[74737,16090,1.0,0.8630874344613721]
[74737,557,1.0,0.46743301085317945]
[74737,8922,1.0,0.4923161758543565]
[74737,16087,1.0,0.9077461887627848]
[74737,52254,1.0,0.41972907292325007]
[74737,29445,1.0,0.5102583681282264]
[74737,25109,1.0,0.46123498898195003]
[74737,8931,1.0,0.537526886335919]
[74737,62783,1.0,0.5583673945935523]
[74737,51390,1.0,0.4009586436360592]
[74737,8934,1.0,0.4499486086637449]
[74737,31672,1.0,0.9036593241747689]
[74737,39030,1.0,0.4419669404152661]
[74737,25112,1.0,0.46123498898195003]
[74737,563,1.0,0.4545885664015382]
[74737,32192,1.0,0.42280858680537625]
[8931,8925,1.0,0.9770394328992321]
[8931,8928,1.0,0.9567130713339097]
[8931,8922,1.0,0.9930676807585843]
[79891,74737,1.0,0.5344862613571962]
[79370,74737,1.0,0.5526330144841719]
[8934,8925,1.0,0.9566467782767268]
[8934,8928,1.0,0.9518983106967381]
[8934,8922,1.0,0.9889636562728955]
[8934,8931,1.0,0.9898586373665068]
[120750,74737,1.0,0.46831068676653104]
[25112,25109,1.0,0.9930480125173221]
[79373,74737,1.0,0.5285318731186541]
[79373,79370,1.0,0.9927904021198166]
[563,557,1.0,0.9846506041681993]
[82025,38343,1.0,0.6080923343007736]
[89685,89676,1.0,0.7255339441908757]
[89685,89679,1.0,0.6227870493834353]
[89685,89673,1.0,0.8001867878638279]
[89685,89682,1.0,0.5517107489878116]
[84194,38343,1.0,0.5424319823560194]
[89676,89673,1.0,0.974408497184817]
[38343,25536,1.0,0.41828962375553175]
[38343,7264,1.0,0.4993418632743147]
[89679,89676,1.0,0.9272244626035175]
[89679,89673,1.0,0.9844101181098982]
[111625,38343,1.0,0.6136618908663677]
[87553,80353,1.0,0.570019784518317]
[89682,89676,1.0,0.9903515113586637]
[89682,89679,1.0,0.8976552682249858]
[89682,89673,1.0,0.9611231527054439]
[41641,41632,1.0,0.9952227536000962]
[41641,41635,1.0,0.9591292701647975]
[41647,41641,1.0,0.9759444515155775]
[41647,41644,1.0,0.9154502270133357]
[41647,41632,1.0,0.9759444515155775]
[41647,41635,1.0,0.8711558738316603]
[41644,41641,1.0,0.9778776002679783]
[41644,41632,1.0,0.9778776002679783]
[41644,41635,1.0,0.9063162497968675]
[41635,41632,1.0,0.9591292701647975]
[116647,116641,1.0,0.9883199097054204]
[116647,28347,1.0,0.5951431269823556]
[131974,131971,1.0,0.9635835647476553]
[116641,28347,1.0,0.5298860521612382]
[131977,131974,1.0,0.49596885954633446]
[131977,131971,1.0,0.7681094181038741]
[28347,28344,1.0,0.9952227536000962]
[58203,58188,1.0,0.9946798251709988]
[58203,58194,1.0,0.9915141189299805]
[58203,58191,1.0,0.9794817807904654]
[58203,58200,1.0,0.9929166361856034]
[58203,58197,1.0,0.9823009797106521]
[131980,131974,1.0,0.8868336266472778]
[131980,131977,1.0,0.8174460715130829]
[131980,131971,1.0,0.9847531816803392]
[58194,58188,1.0,0.9945081630075626]
[58194,58191,1.0,0.9788877288064057]
[58191,58188,1.0,0.989769623084599]
[58200,58188,1.0,0.9840130830510198]
[58200,58194,1.0,0.9756509038935783]
[58200,58191,1.0,0.943501770989718]
[58200,58197,1.0,0.9541279986046172]
[58197,58188,1.0,0.983923168336467]
[58197,58194,1.0,0.975891532993809]
[58197,58191,1.0,0.9479875652006671]
[116650,116647,1.0,0.9883199097054204]
[116650,116641,1.0,0.9952227536000962]
[116650,28347,1.0,0.5298860521612382]
[119049,42014,1.0,0.46259849619401644]
[93272,93269,1.0,0.9931870487935867]
[119544,119541,1.0,0.9802331217682932]
[49644,4603,1.0,0.42678601691644835]
[132492,4603,1.0,0.49823054937263755]
[33237,4603,1.0,0.4264058720301325]
[87592,87589,1.0,0.9784551979136781]
[87592,87586,1.0,0.9859154203402282]
[87589,87586,1.0,0.9925468645354409]
[39509,39506,1.0,0.9843204961310321]
[25450,9170,1.0,0.4318367880722822]
[39823,9170,1.0,0.465096607827999]
[106048,106039,1.0,0.7511330763888607]
[106048,106045,1.0,0.6170299187453179]
[106048,106042,1.0,0.4252103878709953]
[99562,99559,1.0,0.9952227536000962]
[49565,45061,1.0,0.5361263229989309]
[106051,106039,1.0,0.9875886101820517]
[106051,106048,1.0,0.6849556970566941]
[106051,106045,1.0,0.9655885516361028]
[106051,106042,1.0,0.9272268223031986]
[106045,106039,1.0,0.9868174482557233]
[106045,106042,1.0,0.9095187818195103]
[99565,99559,1.0,0.9891700284774299]
[99565,99562,1.0,0.9891700284774299]
[106042,106039,1.0,0.9471648530166532]
[82047,49565,1.0,0.44532144848115934]
[87891,8892,1.0,0.4443317594528177]
[82134,9170,1.0,0.572645057524626]
[63679,9170,1.0,0.44659291329922357]
[47544,47541,1.0,0.9647503181272192]
[47547,47544,1.0,0.9585419066932738]
[47547,47541,1.0,0.9692646862905546]
[38165,38156,1.0,0.9527854475797548]
[38165,38153,1.0,0.9527854475797548]
[38165,38162,1.0,0.9512713994142058]
[61424,61415,1.0,0.9872021338195044]
[61424,61421,1.0,0.9717616584487577]
[61421,61415,1.0,0.9877726362494229]
[38156,38153,1.0,0.9918818867765093]
[38162,38156,1.0,0.9859408886706401]
[38162,38153,1.0,0.9913888614093485]
[78421,78418,1.0,0.9889469435919268]
[49977,44160,1.0,0.6816824751786065]
[13397,13391,1.0,0.9952227536000962]
[15989,15983,1.0,0.9923619150894543]
[15989,15986,1.0,0.9194067810454104]
[15986,15983,1.0,0.9435757433873435]
[82031,20758,1.0,0.42780081689205074]
[77729,20758,1.0,0.5800509608231894]
[82037,82031,1.0,0.9905564682541387]
[82037,20758,1.0,0.42780081689205074]
[82040,82031,1.0,0.9952227536000962]
[82040,82037,1.0,0.9905564682541387]
[82040,20758,1.0,0.42780081689205074]
[41496,20758,1.0,0.5599911826857458]
[29381,29378,1.0,0.9636038852061665]
[13630,13624,1.0,0.9878322765641779]
[71951,71948,1.0,0.9926046289315003]
[67960,67954,1.0,0.8707092910469795]
[7120,7117,1.0,0.9922241080961267]
[28866,28857,1.0,0.990515878461667]
[102910,102904,1.0,0.4250936416087472]
[102907,102904,1.0,0.834202426540216]
[130605,130602,1.0,0.981659156018156]
[20303,20300,1.0,0.9952227536000962]
[60670,60667,1.0,0.9918426894149314]
[20306,20303,1.0,0.9952227536000962]
[20306,20300,1.0,0.9952227536000962]
[60673,60670,1.0,0.9908456002683191]
[60673,60667,1.0,0.9918818867765093]
[55853,55847,1.0,0.9856399419501634]
[55853,48707,1.0,0.4330040812317897]
[55853,55850,1.0,0.9846124233178344]
[55853,55844,1.0,0.9934567839627333]
[55847,48707,1.0,0.4371449176421695]
[55847,55844,1.0,0.9933677579237732]
[48707,18292,1.0,0.45491199858374165]
[55850,55847,1.0,0.9753780147767229]
[55850,48707,1.0,0.4371449176421695]
[55850,55844,1.0,0.9884976622176969]
[118422,118419,1.0,0.988897077734841]
[118422,118413,1.0,0.9916641745369342]
[118419,118413,1.0,0.9832932900980849]
[19153,19147,1.0,0.5258322417015246]
[55844,48707,1.0,0.4371449176421695]
[103036,103033,1.0,0.9939830075153218]
[103039,103033,1.0,0.9881761805738833]
[103039,103036,1.0,0.985388919243423]
[113742,2780,1.0,0.5439186512918233]
[113742,93337,1.0,0.47420870920436786]
[93337,58106,1.0,0.41732537497051553]
[114493,19231,1.0,0.5681554467905755]
[114493,2780,1.0,0.5320045220265219]
[114493,93337,1.0,0.5038624520942345]
[55638,55632,1.0,0.9822235721389796]
[55638,4117,1.0,0.41223268855603984]
[55638,55629,1.0,0.9841672886579516]
[55638,55635,1.0,0.9715676051434148]
[55632,4117,1.0,0.41223268855603984]
[55632,55629,1.0,0.9945537781878135]
[111204,7202,1.0,0.5239408568467515]
[83914,83911,1.0,0.9894251201093697]
[74773,12202,1.0,0.42628425017613514]
[55629,4117,1.0,0.41223268855603984]
[55635,55632,1.0,0.9892519439880866]
[55635,55629,1.0,0.9905723612653728]
[7202,7196,1.0,0.9877726362494229]
[7202,7199,1.0,0.9821296437217932]
[102292,74773,1.0,0.43788717447696307]
[102292,74782,1.0,0.46310406206720606]
[102292,74779,1.0,0.4928906383994108]
[83917,83911,1.0,0.9091489579877781]
[83917,83914,1.0,0.7623987748999063]
[132345,4117,1.0,0.40042855911205105]
[123954,74773,1.0,0.7391803895678142]
[123954,74776,1.0,0.6028394218194939]
[123954,74782,1.0,0.7868590754116097]
[123954,74779,1.0,0.6330986518961405]
[74776,74773,1.0,0.9874882310208049]
[74776,12202,1.0,0.42628425017613514]
[7205,7202,1.0,0.9727545809227738]
[7205,7196,1.0,0.9789970027261038]
[7205,7199,1.0,0.9464428272986962]
[79016,79010,1.0,0.9918791614851058]
[74782,74773,1.0,0.9326685157177156]
[74782,74776,1.0,0.8563311606108562]
[74782,74779,1.0,0.8748583164117189]
[102310,7600,1.0,0.49688679580584083]
[7600,7202,1.0,0.408359463117763]
[74779,74773,1.0,0.9925468645354409]
[74779,74776,1.0,0.981144185946991]
[7199,7196,1.0,0.9860099695435408]
[132370,4117,1.0,0.43635358806024627]
[46233,46230,1.0,0.9852321772301638]
[55641,55638,1.0,0.6761971929386875]
[55641,55632,1.0,0.647953393043639]
[55641,55629,1.0,0.647953393043639]
[55641,55635,1.0,0.5442720805139719]
[33626,33623,1.0,0.9048916002236758]
[130621,57109,1.0,0.5165064727691974]
[104013,57109,1.0,0.5478378241795112]
[99639,57109,1.0,0.4405823987554919]
[57109,8817,1.0,0.4593630056347345]
[57109,56233,1.0,0.7399508308745278]
[57109,31272,1.0,0.5269999714538901]
[57109,9114,1.0,0.41497057302334717]
[57109,8906,1.0,0.46200673777197143]
[62343,29236,1.0,0.4065114816401972]
[84228,84222,1.0,0.9952227536000962]
[84228,84225,1.0,0.9820319464622543]
[84225,84222,1.0,0.9768525116824152]
[4111,4108,1.0,0.9458990581465784]
[4111,4105,1.0,0.9594559904591164]
[90227,90221,1.0,0.9929984661036967]
[4108,4105,1.0,0.9761084330106209]
[28556,28423,1.0,0.42994784032386024]
[46689,46686,1.0,0.9909937918753007]
[82877,46689,1.0,0.8345971915647461]
[82877,65394,1.0,0.42204741853127165]
[104367,59779,1.0,0.41254905024592914]
[107751,46689,1.0,0.4231949732306723]
[107751,82877,1.0,0.8295221396305822]
[107751,46686,1.0,0.45036738444563573]
[49459,32890,1.0,0.4116185303178327]
[116733,49459,1.0,0.5166772506271465]
[116733,91017,1.0,0.6733960836912718]
[116733,116727,1.0,0.9952227536000962]
[128142,49459,1.0,0.4333225997269612]
[128142,116733,1.0,0.5105282084175886]
[116739,116733,1.0,0.9730761941835339]
[116739,116736,1.0,0.9168145833039829]
[116739,116727,1.0,0.9272203473580111]
[132183,116733,1.0,0.4837079343311046]
[116736,116733,1.0,0.9905564682541387]
[116736,116727,1.0,0.9807595816843538]
[131331,49459,1.0,0.4444815599456589]
[9986,9983,1.0,0.983510604379231]
[3877,3871,1.0,0.9930409068020026]
[3877,3874,1.0,0.9930409068020026]
[88134,28504,1.0,0.45530821226424006]
[86508,17090,1.0,0.41144789207246535]
[3874,3871,1.0,0.9952227536000962]
[9992,9986,1.0,0.9633207441154837]
[9992,9983,1.0,0.9836729757704801]
[31096,31093,1.0,0.9241524906331494]
[31096,31090,1.0,0.9675468974177538]
[68093,68090,1.0,0.9952227536000962]
[31093,31090,1.0,0.9786988573285098]
[126529,35681,1.0,0.4733035369570559]
[88826,88823,1.0,0.9699281506207625]
[110718,110715,1.0,0.9952227536000962]
[32511,32508,1.0,0.9930842888657256]
[110721,110715,1.0,0.9654722252692439]
[110721,110718,1.0,0.9654722252692439]
[112533,112527,1.0,0.9858502364474564]
[5275,5272,1.0,0.915101049004342]
[5275,5269,1.0,0.622830646700472]
[5275,5266,1.0,0.9785076034750722]
[71820,71814,1.0,0.981659156018156]
[71820,71817,1.0,0.981659156018156]
[46719,46707,1.0,0.9059507366980296]
[46719,46716,1.0,0.9015408057776396]
[46719,46710,1.0,0.682442901152633]
[46719,46713,1.0,0.8192010600427646]
[28439,8580,1.0,0.4521457797673183]
[76831,71817,1.0,0.41415282945265025]
[5272,5269,1.0,0.8502054799641021]
[5272,5266,1.0,0.9676943428806629]
[71817,71814,1.0,0.9952227536000962]
[5269,5266,1.0,0.8486288551303689]
[46716,46707,1.0,0.9916136505532891]
[46716,46710,1.0,0.951857920786719]
[46716,46713,1.0,0.9789633748450416]
[46710,46707,1.0,0.9879921469481711]
[46713,46707,1.0,0.9839246098546027]
[46713,46710,1.0,0.9704574047557535]
[71823,71820,1.0,0.9760136688087946]
[71823,71814,1.0,0.9927904021198166]
[71823,71817,1.0,0.9927904021198166]
[46722,46719,1.0,0.8100561972655863]
[46722,46707,1.0,0.9883610970775708]
[46722,46716,1.0,0.9869427131302636]
[46722,46710,1.0,0.9688991446052486]
[46722,46713,1.0,0.9719899747058859]
[80648,76297,1.0,0.4232530824863492]
[80648,44379,1.0,0.40236989862722566]
[91852,80648,1.0,0.451375636870227]
[86234,86231,1.0,0.9918818867765093]
[28791,28788,1.0,0.977654719923328]
[122478,122475,1.0,0.9839798817966323]
[94413,94410,1.0,0.9663904546518538]
[63119,63116,1.0,0.9943950391570788]
[63119,63113,1.0,0.9943950391570788]
[108603,108600,1.0,0.994353858565919]
[54149,54146,1.0,0.9906019522316885]
[63116,63113,1.0,0.9952227536000962]
[17936,17933,1.0,0.9609094959841339]
[98229,98226,1.0,0.9926680456172919]
[17939,17936,1.0,0.9461812539999227]
[17939,17933,1.0,0.9930361982503579]
[98232,98226,1.0,0.9952227536000962]
[98232,98229,1.0,0.9895977645477224]
[16324,16318,1.0,0.9918818867765093]
[16324,16321,1.0,0.9918818867765093]
[16321,16318,1.0,0.9952227536000962]
[82556,82550,1.0,0.9708545617836909]
[82559,82556,1.0,0.9403254251039939]
[82559,82550,1.0,0.9859209487683233]
[23427,23418,1.0,0.9592121706618724]
[23427,23424,1.0,0.9376335642671257]
[82101,44378,1.0,0.43506915024232734]
[112297,44378,1.0,0.45400853633715993]
[66749,44378,1.0,0.574851905439143]
[66749,66746,1.0,0.9895661266482731]
[88694,88685,1.0,0.9785139452651714]
[88694,88682,1.0,0.9796957237528636]
[88694,88688,1.0,0.9443171546432008]
[88694,88691,1.0,0.9677272143750165]
[44378,23427,1.0,0.5612208081902725]
[44378,39477,1.0,0.5789506657810911]
[44378,10772,1.0,0.4224814251215246]
[44378,17567,1.0,0.6480494484956874]
[44378,38674,1.0,0.4277703346410344]
[44378,43967,1.0,0.7334968107830449]
[44378,23418,1.0,0.5896624054578845]
[44378,23424,1.0,0.5896624054578845]
[44378,34455,1.0,0.5944834327120603]
[86969,59272,1.0,0.5932060952078884]
[86969,80436,1.0,0.49566939586698205]
[123840,44378,1.0,0.5336929783408481]
[126369,44378,1.0,0.5010138939482749]
[51214,44378,1.0,0.5013945451107196]
[81771,81765,1.0,0.9187787630148765]
[81771,81768,1.0,0.8580265292547414]
[66746,44378,1.0,0.5955438272677142]
[72424,44378,1.0,0.5020566545070054]
[23424,23418,1.0,0.9883652126324259]
[104044,104041,1.0,0.9769276959049423]
[85736,44378,1.0,0.4402744466438956]
[104047,44378,1.0,0.4283927806038469]
[104047,104044,1.0,0.9908738417142389]
[104047,104041,1.0,0.9697909473388993]
[88685,72911,1.0,0.40737386312409796]
[88685,86969,1.0,0.6613653692033451]
[88685,88682,1.0,0.9929318100825512]
[126372,44378,1.0,0.6011941290763375]
[126372,126369,1.0,0.9922241080961267]
[68952,38674,1.0,0.45357752065154205]
[124195,44378,1.0,0.5751180431614483]
[76515,44378,1.0,0.5558124410876172]
[81768,81765,1.0,0.9892991778195864]
[88688,88685,1.0,0.9805156037665647]
[88688,88682,1.0,0.9927266858670324]
[88691,88685,1.0,0.9786337755706209]
[88691,88682,1.0,0.9918818867765093]
[88691,88688,1.0,0.9762410207466389]
[102441,44378,1.0,0.44933016184049335]
[52477,44378,1.0,0.43058289437970576]
[104050,104044,1.0,0.9779257418471432]
[104050,104047,1.0,0.956332402033931]
[104050,104041,1.0,0.9303367254734058]
[89855,44378,1.0,0.48769860407148696]
[101370,101364,1.0,0.9929864502107044]
[101370,101367,1.0,0.9870682896242855]
[97348,97342,1.0,0.9918818867765093]
[108823,108817,1.0,0.9187787630148765]
[108823,69558,1.0,0.44111271533880914]
[48102,22717,1.0,0.4043155561007605]
[69796,69790,1.0,0.9877812743869288]
[69796,69793,1.0,0.9794935168801252]
[44732,44729,1.0,0.9846116835288562]
[68241,22717,1.0,0.43965272204538713]
[97351,97348,1.0,0.9681430544267197]
[97351,97342,1.0,0.9728250268415334]
[69793,69790,1.0,0.9916928888813668]
[101367,101364,1.0,0.991759367061051]
[37126,37117,1.0,0.9720887043069312]
[37126,37120,1.0,0.9593124092817941]
[54682,10396,1.0,0.44545487549155127]
[8755,8752,1.0,0.9909251903137]
[56778,56775,1.0,0.9853300846766916]
[56778,56772,1.0,0.9655701490314816]
[109797,102993,1.0,0.4581853587908703]
[49604,49601,1.0,0.9503752660393254]
[109027,109024,1.0,0.9650977367296729]
[37120,37117,1.0,0.9925468645354409]
[56775,56772,1.0,0.9905564682541387]
[102993,64524,1.0,0.48272514197841493]
[102993,12297,1.0,0.6919888314425144]
[102993,10396,1.0,0.45710271219925364]
[102993,56778,1.0,0.4709428816831583]
[102993,37397,1.0,0.43126776588145227]
[102993,87716,1.0,0.44335967064834564]
[102993,16603,1.0,0.4047380814569025]
[102993,14813,1.0,0.4731382635829128]
[102993,49601,1.0,0.43136960169065347]
[102993,49278,1.0,0.5838597945473751]
[102993,49604,1.0,0.44689496920062977]
[102993,84840,1.0,0.5634849204179695]
[102993,61700,1.0,0.4472630326745817]
[102993,19236,1.0,0.4750288108540093]
[102993,31766,1.0,0.5440591240183401]
[102993,56775,1.0,0.4842060152479818]
[102993,49607,1.0,0.43136960169065347]
[102993,64504,1.0,0.4367349381185864]
[102993,56772,1.0,0.4842060152479818]
[102993,10496,1.0,0.48989265202714877]
[105651,102993,1.0,0.4609351870799295]
[49607,49601,1.0,0.9922323843947127]
[49607,49604,1.0,0.9287913584796589]
[99142,99139,1.0,0.9952227536000962]
