[86875,86872,1.0,0.9952227536000962]
[86875,46384,1.0,0.5421455327281707]
[58920,58914,1.0,0.9862664485557137]
[58920,58911,1.0,0.8953778615509214]
[58920,58908,1.0,0.9316825951002812]
[58920,58917,1.0,0.9316825951002812]
[65735,56355,1.0,0.6214363333388361]
[65735,58923,1.0,0.49835659866108056]
[58914,58911,1.0,0.9445488367038021]
[58914,58908,1.0,0.9681541558447736]
[58914,20115,1.0,0.5788188462181383]
[92157,92154,1.0,0.9941986443928]
[80847,80838,1.0,0.9952227536000962]
[80847,41101,1.0,0.4365250660651767]
[80847,80841,1.0,0.9952227536000962]
[73676,73670,1.0,0.9942135992436998]
[80841,80838,1.0,0.9917073859627048]
[80841,58914,1.0,0.5331736834094373]
[80841,58911,1.0,0.4187023705201921]
[80841,56355,1.0,0.5635817240076998]
[80841,58908,1.0,0.4187023705201921]
[80841,58917,1.0,0.4187023705201921]
[80841,35420,1.0,0.7470284654641361]
[80841,58923,1.0,0.7112078690445149]
[91898,58914,1.0,0.6828358055794681]
[91898,58911,1.0,0.5525975505066386]
[91898,58908,1.0,0.542843264287187]
[91898,58917,1.0,0.542843264287187]
[91898,58923,1.0,0.6118709097513586]
[93707,56355,1.0,0.5863486390377431]
[58911,58908,1.0,0.9912184848284086]
[58911,20115,1.0,0.43266331697793226]
[61420,5349,1.0,0.49486583147512847]
[75933,75930,1.0,0.9908313571709778]
[66766,66760,1.0,0.9877480689440908]
[66766,66763,1.0,0.9847033809881659]
[56355,38088,1.0,0.4995290587116519]
[56355,56349,1.0,0.9952227536000962]
[56355,49207,1.0,0.5705807170640027]
[56355,56352,1.0,0.9803595555380775]
[58908,20115,1.0,0.4552155562152916]
[58917,58914,1.0,0.9681541558447736]
[58917,58911,1.0,0.9912184848284086]
[58917,58908,1.0,0.9952227536000962]
[58917,20115,1.0,0.4552155562152916]
[56352,56349,1.0,0.9803595555380775]
[1728,1719,1.0,0.9784386477860773]
[1728,1725,1.0,0.9629682778185633]
[1728,1722,1.0,0.9899644713231588]
[66763,66760,1.0,0.9806631336236957]
[91790,91787,1.0,0.9816002919930183]
[1725,1719,1.0,0.9883204184391347]
[1725,1722,1.0,0.9782621208432616]
[92160,92157,1.0,0.5962365852846485]
[92160,92154,1.0,0.7960787543499065]
[91135,56355,1.0,0.449957006916761]
[15948,15945,1.0,0.9902913432757028]
[75936,75933,1.0,0.9894417673652266]
[75936,75930,1.0,0.9944660782509854]
[91793,91787,1.0,0.9952227536000962]
[91793,91790,1.0,0.9474865379981043]
[58923,58920,1.0,0.9663148595713534]
[58923,58914,1.0,0.9908706246641223]
[58923,58911,1.0,0.9097846052891432]
[58923,58908,1.0,0.9455482865550059]
[58923,58917,1.0,0.9455482865550059]
[58923,20115,1.0,0.48001787946995134]
[1722,1719,1.0,0.9763973412946264]
[69144,61420,1.0,0.5267571387795479]
[69144,20535,1.0,0.6864529684524039]
[41966,41963,1.0,0.9078717920922564]
[41966,41960,1.0,0.9800071583280378]
[41966,41957,1.0,0.9824876640829361]
[41963,41960,1.0,0.9789838524891985]
[41963,41957,1.0,0.9880172241700679]
[41960,41957,1.0,0.994754850866769]
[82505,35290,1.0,0.5394738425192169]
[111928,111925,1.0,0.9934967559731906]
[35244,35232,1.0,0.9803475713443768]
[35244,35238,1.0,0.973104713145607]
[123376,123373,1.0,0.9952227536000962]
[123376,72465,1.0,0.6287104974757592]
[123376,111928,1.0,0.45878680641233693]
[123376,111931,1.0,0.46184715496356693]
[123376,111925,1.0,0.46163545861335464]
[35238,35232,1.0,0.9899074872227256]
[37809,37806,1.0,0.9941872170531219]
[74510,40617,1.0,0.6915484977137251]
[74513,74510,1.0,0.9718846746546111]
[74513,40617,1.0,0.6885912315384648]
[44885,40617,1.0,0.4293855013218597]
[23997,23994,1.0,0.9952227536000962]
[19986,19983,1.0,0.9868451309766241]
[84341,40617,1.0,0.4433426782793427]
[37815,37809,1.0,0.9794700464679542]
[37815,37806,1.0,0.9802496075127517]
[37815,37812,1.0,0.9666076032783948]
[102123,102120,1.0,0.9952227536000962]
[102126,102120,1.0,0.9871441492462297]
[102126,102123,1.0,0.9871441492462297]
[102126,52825,1.0,0.4217691802773039]
[36353,36350,1.0,0.9927904021198166]
[37812,37809,1.0,0.9935545987572835]
[37812,37806,1.0,0.9946939993737459]
[95676,40617,1.0,0.6161021913011674]
[64283,40617,1.0,0.5560289393660538]
[96052,40617,1.0,0.4877570318683685]
[36356,36350,1.0,0.9952227536000962]
[36356,36353,1.0,0.9927904021198166]
[40617,7476,1.0,0.5778846083262944]
[58448,40617,1.0,0.40126703780686873]
[23136,23133,1.0,0.9530304954559154]
[23136,23127,1.0,0.9874882310208049]
[23133,23127,1.0,0.979564982487805]
[54855,42451,1.0,0.4998885148256881]
[58165,58162,1.0,0.994342093446844]
[5334,5331,1.0,0.9909251903137]
[24022,24019,1.0,0.9855506076184849]
[72294,39557,1.0,0.41001155194347666]
[87306,45904,1.0,0.45002326219888994]
[21120,21117,1.0,0.9888884827820411]
[127545,99804,1.0,0.5882131010415728]
[127545,39557,1.0,0.8378008897105079]
[127545,68555,1.0,0.419110522868768]
[127545,87306,1.0,0.6655851228839601]
[127545,2293,1.0,0.45593481266677033]
[127545,105724,1.0,0.7005078330960479]
[127545,67634,1.0,0.6798618663271453]
[127545,25625,1.0,0.5480241392501732]
[102831,102828,1.0,0.7747117080820561]
[15538,15535,1.0,0.9952227536000962]
[105724,72294,1.0,0.4069659448415251]
[105724,85801,1.0,0.5069215026158698]
[67634,47073,1.0,0.4564837327641096]
[110589,81342,1.0,0.44147510285272323]
[97929,62958,1.0,0.43668524513517903]
[97929,76839,1.0,0.5503139725186166]
[97929,78692,1.0,0.4559515251782456]
[41234,41231,1.0,0.9852634487476806]
[113550,97929,1.0,0.8816466992271963]
[113550,62958,1.0,0.4684749766959067]
[41237,41234,1.0,0.9281000925010277]
[41237,41231,1.0,0.9952227536000962]
[100164,100161,1.0,0.4774457811762179]
[81342,42585,1.0,0.4544037716833067]
[2606,2603,1.0,0.9868407925312263]
[78692,23776,1.0,0.44116188854383864]
[78692,75853,1.0,0.4627103600855895]
[99294,87448,1.0,0.49236799538792764]
[119515,45355,1.0,0.4749347620284631]
[119515,119509,1.0,0.9914616433965499]
[119515,119512,1.0,0.7623329341571982]
[28982,28976,1.0,0.9952227536000962]
[28982,2747,1.0,0.6734367470666068]
[28982,28138,1.0,0.53340163143246]
[28982,28979,1.0,0.9877726362494229]
[103798,28982,1.0,0.450419579757987]
[119518,119515,1.0,0.9856732770176547]
[119518,45355,1.0,0.47152707023989676]
[119518,119509,1.0,0.9891356835907431]
[119518,119512,1.0,0.7810101894332143]
[90207,59579,1.0,0.4810044026929684]
[29164,29161,1.0,0.9678041059642595]
[28988,28982,1.0,0.9952227536000962]
[28988,28976,1.0,0.9935292479653834]
[28988,28979,1.0,0.9841520012882965]
[59579,28982,1.0,0.9046149546020728]
[59579,28976,1.0,0.5690476299610983]
[59579,28988,1.0,0.5590501804904772]
[59579,45355,1.0,0.48697891508955327]
[59579,25127,1.0,0.4473771777866049]
[59579,28979,1.0,0.5690476299610983]
[94119,28982,1.0,0.7527712691702613]
[94119,28976,1.0,0.7527712691702613]
[94119,28988,1.0,0.7527712691702613]
[94119,59579,1.0,0.8228808555553765]
[94119,2747,1.0,0.5621354866558702]
[94119,86285,1.0,0.5166178088102847]
[94119,28979,1.0,0.7527712691702613]
[119509,45355,1.0,0.47152707023989676]
[86285,28982,1.0,0.5397804741118056]
[86285,25127,1.0,0.4024023941590502]
[119512,45355,1.0,0.5022536437318499]
[119512,119509,1.0,0.8030480475236869]
[28979,28976,1.0,0.9877726362494229]
[92210,35149,1.0,0.4775111634373799]
[84443,35149,1.0,0.534838970671921]
[43217,43214,1.0,0.9678931473294259]
[43223,43217,1.0,0.9375043395801896]
[43223,43214,1.0,0.9892819917996648]
[125481,59736,1.0,0.4427069692118884]
[125481,35149,1.0,0.4594679879589715]
[125481,125478,1.0,0.9923706895305975]
[125481,115201,1.0,0.45364210731501864]
[6379,6376,1.0,0.9921471266607758]
[6382,6379,1.0,0.9879710321420588]
[6382,6376,1.0,0.989211639029355]
[125484,125478,1.0,0.9626897487620354]
[125484,125481,1.0,0.9350204376493828]
[74588,25797,1.0,0.40070094929769295]
[26792,26786,1.0,0.9945658731879131]
[26792,26789,1.0,0.9812764926235877]
[26789,26786,1.0,0.9578066775357591]
[129976,129973,1.0,0.9916928888813668]
[71448,71445,1.0,0.99242120055853]
[129979,129976,1.0,0.9916928888813668]
[129979,129973,1.0,0.9952227536000962]
[41937,41934,1.0,0.4283203568812072]
[105561,91191,1.0,0.4611176626171187]
[105561,37205,1.0,0.4278258510049976]
[105561,76062,1.0,0.4413649913461114]
[41439,41433,1.0,0.9506164901447938]
[41439,41436,1.0,0.9374854905487273]
[41439,41430,1.0,0.9656300768664924]
[37208,37202,1.0,0.9881799796826366]
[37208,37196,1.0,0.9952227536000962]
[37208,37205,1.0,0.9912498675642931]
[37208,37199,1.0,0.9710859793893813]
[75443,75440,1.0,0.9828894889605556]
[106167,76060,1.0,0.5127964293492621]
[76057,76054,1.0,0.9691074150165602]
[37202,37196,1.0,0.9722388732799224]
[37202,37199,1.0,0.9495984263307076]
[75452,75443,1.0,0.8676237352381256]
[75452,75446,1.0,0.6150187322686756]
[75452,75440,1.0,0.9257218648713954]
[75452,37205,1.0,0.40247501673004743]
[75452,75449,1.0,0.6278263289468364]
[88874,37205,1.0,0.41458095918491944]
[41433,41430,1.0,0.9895977645477224]
[129982,91191,1.0,0.4221096322958249]
[41436,41433,1.0,0.9730406877416831]
[41436,41430,1.0,0.9818497963517954]
[76060,37208,1.0,0.4158317254337672]
[76060,75443,1.0,0.525528047493544]
[76060,76057,1.0,0.9894420841329872]
[76060,37196,1.0,0.4158317254337672]
[76060,75440,1.0,0.5342696528043235]
[76060,37205,1.0,0.7997481860415737]
[76060,76054,1.0,0.9905564682541387]
[76060,75449,1.0,0.4096158031216905]
[75446,75443,1.0,0.8868639724017147]
[75446,75440,1.0,0.944901677299672]
[91191,41439,1.0,0.6785573669311996]
[91191,88874,1.0,0.5092048137308312]
[91191,41433,1.0,0.4824397425844214]
[91191,41436,1.0,0.4444303796478177]
[91191,76060,1.0,0.48596793577918995]
[91191,41430,1.0,0.5441511600872804]
[91191,91188,1.0,0.9938289672647332]
[91191,15011,1.0,0.4330987211292492]
[75440,37205,1.0,0.40247501673004743]
[91194,41439,1.0,0.4464785447267368]
[91194,91191,1.0,0.9930641667401623]
[91194,91188,1.0,0.9930641667401623]
[37205,37202,1.0,0.9839292293801046]
[37205,37196,1.0,0.9934197647450789]
[37205,15011,1.0,0.5553640509128236]
[37205,37199,1.0,0.9621133012574492]
[76063,76057,1.0,0.9795926094962195]
[76063,76060,1.0,0.9905564682541387]
[76063,76054,1.0,0.9952227536000962]
[75449,75443,1.0,0.8932424725093063]
[75449,75446,1.0,0.9211984721485768]
[75449,75440,1.0,0.9536421311549598]
[75449,37205,1.0,0.400113292364392]
[87349,76060,1.0,0.4244383180246887]
[104953,91191,1.0,0.5063115299497649]
[104953,29193,1.0,0.4906745942613539]
[37199,37196,1.0,0.9710859793893813]
[28861,28858,1.0,0.9952227536000962]
[107499,83329,1.0,0.4300197441343991]
[2117,2114,1.0,0.994754850866769]
[16305,16302,1.0,0.8701164879419602]
[95328,49887,1.0,0.4099906782648697]
[44686,44683,1.0,0.993833290446873]
[123472,35068,1.0,0.7399803919229866]
[123472,118977,1.0,0.42888035018997567]
[123472,48003,1.0,0.6816489420968285]
[64090,35068,1.0,0.8039591389703724]
[35068,24473,1.0,0.75220167233007]
[35068,31792,1.0,0.7289936348160282]
[35068,22035,1.0,0.8263706467299168]
[118977,24473,1.0,0.4175825692386881]
[118977,64090,1.0,0.41108838662032265]
[118977,35068,1.0,0.6461910314040153]
[118977,48003,1.0,0.5640721990255247]
[118977,59794,1.0,0.594320986016002]
[118977,22035,1.0,0.6286174883666136]
[118977,53850,1.0,0.405759506106719]
[120123,120120,1.0,0.9722452373468933]
[48003,35068,1.0,0.8301683052720387]
[59794,45603,1.0,0.41030307978224817]
[59794,35068,1.0,0.8716327797717991]
[44692,44683,1.0,0.9856805041788486]
[44692,44686,1.0,0.9856805041788486]
[44692,44689,1.0,0.9686685686345531]
[53850,35068,1.0,0.7231027510810247]
[44689,44683,1.0,0.9890551062018309]
[44689,44686,1.0,0.9863471179663615]
[11233,11230,1.0,0.9952227536000962]
[11236,11230,1.0,0.9683562398610199]
[11236,11233,1.0,0.9683562398610199]
[48399,33090,1.0,0.7955589985303385]
[86385,86382,1.0,0.9933329061015617]
[77772,77769,1.0,0.9914756223331858]
[55962,55956,1.0,0.9511938203259149]
[83453,83450,1.0,0.9756791215165809]
[83456,83450,1.0,0.9138845407853848]
[83456,83453,1.0,0.7568938284866712]
[99360,33090,1.0,0.5768738073973048]
[10879,10873,1.0,0.9618155941173584]
[10879,10870,1.0,0.9886665185363015]
[10882,10879,1.0,0.960408160441335]
[10882,10873,1.0,0.9396682888416021]
[10882,10870,1.0,0.9854482705971164]
[3557,3554,1.0,0.9805888414378288]
[10873,10870,1.0,0.9639320131874846]
[49687,49684,1.0,0.9794992069455107]
[49687,49681,1.0,0.9794992069455107]
[49684,49681,1.0,0.9952227536000962]
[79304,79298,1.0,0.965549575392803]
[79304,79301,1.0,0.9030875794055624]
[79304,79295,1.0,0.9904437119631574]
[79298,79295,1.0,0.9814778242936026]
[79301,79298,1.0,0.8500327138478825]
[79301,79295,1.0,0.9474155695598718]
[31509,31506,1.0,0.9898539377779633]
[31512,31509,1.0,0.9775919863659341]
[31512,31506,1.0,0.9952227536000962]
[99784,99778,1.0,0.9567152180862928]
[100563,90208,1.0,0.5458204370597859]
[100563,76327,1.0,0.5450434790360716]
[100563,15367,1.0,0.4096167587611001]
[111045,111042,1.0,0.965635998453161]
[94845,94842,1.0,0.847330547976817]
[94842,76327,1.0,0.4275552445658095]
[88583,85013,1.0,0.4010482942473691]
[88583,7259,1.0,0.5544089037046733]
[88583,88580,1.0,0.9952227536000962]
[85013,76327,1.0,0.5638506204425954]
[85013,15367,1.0,0.4539704300721339]
[71236,71233,1.0,0.9623725484167311]
[71236,71230,1.0,0.982769761752433]
[71236,71227,1.0,0.9894384672917822]
[60677,60671,1.0,0.9935931584503201]
[60677,60668,1.0,0.9909196098134082]
[60677,60674,1.0,0.9570382631679512]
[71233,71230,1.0,0.9833620689436716]
[71233,71227,1.0,0.9899254570621002]
[71230,71227,1.0,0.9945658731879131]
[42849,42843,1.0,0.9952227536000962]
[42849,42846,1.0,0.9952227536000962]
[124248,100563,1.0,0.41222072240267593]
[124248,119976,1.0,0.5033641913548741]
[124248,7259,1.0,0.4310101046255104]
[14703,7259,1.0,0.5666527153398795]
[76327,29553,1.0,0.4608326009387601]
[76327,76318,1.0,0.9934775635560857]
[76327,1470,1.0,0.4400334835592646]
[76327,35311,1.0,0.40188256856295546]
[76327,7259,1.0,0.5878361916076371]
[76327,43498,1.0,0.4381465775831925]
[76327,76324,1.0,0.9934775635560857]
[119976,76318,1.0,0.611722375033445]
[119976,88583,1.0,0.5221247541518084]
[119976,90208,1.0,0.5432085416735744]
[119976,119973,1.0,0.9952227536000962]
[119976,76327,1.0,0.7756491437171367]
[119976,6507,1.0,0.45216650726754615]
[119976,15367,1.0,0.6633342222329331]
[119976,76324,1.0,0.6037563646523785]
[109816,76327,1.0,0.4245785471226167]
[113533,76327,1.0,0.47794064680352594]
[130422,130419,1.0,0.9917893389683523]
[94848,94845,1.0,0.7662874858498332]
[94848,94842,1.0,0.9904976079580784]
[94848,76327,1.0,0.42464303922754304]
[93453,88583,1.0,0.40676356781991796]
[65458,15367,1.0,0.5148400719338281]
[60671,60668,1.0,0.9922234894189341]
[42846,42843,1.0,0.9952227536000962]
[60674,60671,1.0,0.9728960377418907]
[60674,60668,1.0,0.9750711076172354]
[76324,76318,1.0,0.9924270503672469]
[131920,94842,1.0,0.4076927003477966]
[131920,76318,1.0,0.5198927491621466]
[131920,88583,1.0,0.48872258372727717]
[131920,85013,1.0,0.7550772117335249]
[131920,42203,1.0,0.41297107414312245]
[131920,76327,1.0,0.7832565268744435]
[131920,94848,1.0,0.4006866428180086]
[131920,15891,1.0,0.4137815779885361]
[131920,15367,1.0,0.4864141304883055]
[131920,76324,1.0,0.5120401422885327]
[93530,93527,1.0,0.9885015185435198]
[93533,93527,1.0,0.989130938950279]
[93533,93530,1.0,0.9843372169879268]
[19712,19709,1.0,0.9851970435019929]
[73594,73591,1.0,0.9614894258758204]
[119487,119484,1.0,0.967540379333285]
[73597,73594,1.0,0.926870691970724]
[73597,73591,1.0,0.9938647243311929]
[76232,9016,1.0,0.53873237263946]
[76232,67044,1.0,0.6716402483788738]
[76232,63515,1.0,0.5569165430724866]
[105594,105591,1.0,0.9930676807585843]
[95067,95064,1.0,0.9894162607412421]
[95067,95061,1.0,0.9894162607412421]
[95064,33800,1.0,0.44401262743528386]
[95064,95061,1.0,0.9952227536000962]
[95064,40885,1.0,0.48614902555161515]
[95064,26691,1.0,0.5066913974440594]
[98250,95064,1.0,0.4526183614742021]
[29736,1097,1.0,0.4924601601715708]
[83595,83583,1.0,0.9928752805612572]
[83595,83592,1.0,0.9743707995755696]
[83592,33262,1.0,0.7519830221876548]
[83592,83583,1.0,0.9789544112470316]
[83592,71501,1.0,0.4156551811070687]
[93593,93590,1.0,0.9946149626479851]
[67583,67577,1.0,0.6890876218840467]
[67583,67580,1.0,0.9926622623572741]
[67583,67574,1.0,0.9937807051809457]
[67577,67574,1.0,0.7624645163938611]
[43482,43479,1.0,0.9906877804538827]
[93470,93467,1.0,0.9596876637649687]
[93470,93464,1.0,0.9877416246986281]
[93467,93464,1.0,0.8810975032531864]
[89202,23389,1.0,0.6392142282145324]
[93473,93470,1.0,0.9888369631443156]
[93473,93467,1.0,0.8830412350890489]
[93473,93464,1.0,0.9946572280446236]
[93596,93593,1.0,0.9921471266607758]
[93596,93590,1.0,0.9952227536000962]
[67580,67577,1.0,0.718855142164788]
[67580,67574,1.0,0.994342093446844]
[130185,66807,1.0,0.4293856926071616]
[130185,112204,1.0,0.5571765293646616]
[112204,66807,1.0,0.5650956271627935]
[17706,17700,1.0,0.9915910902766779]
[19740,19737,1.0,0.9920494604868552]
[19743,19740,1.0,0.9878867879661555]
[19743,19737,1.0,0.9925844913966464]
[19746,19740,1.0,0.9555971390419197]
[19746,19737,1.0,0.9715039394672852]
[19746,19743,1.0,0.955270872227305]
[80757,80754,1.0,0.9952227536000962]
[80763,80757,1.0,0.9952227536000962]
[80763,80754,1.0,0.9952227536000962]
[80763,80760,1.0,0.9914729588753374]
[80760,80757,1.0,0.9945081630075626]
[80760,80754,1.0,0.9945081630075626]
[112263,89521,1.0,0.539176642910305]
[112263,35703,1.0,0.602750372529052]
[112263,106255,1.0,0.47126524506259726]
[112263,67115,1.0,0.5145110081075179]
[112263,35700,1.0,0.5418521839127187]
[89521,35703,1.0,0.5293187493218486]
[89521,67115,1.0,0.46982212549124436]
[89521,35700,1.0,0.5293187493218486]
[35703,19876,1.0,0.44749076585535513]
[35703,19885,1.0,0.4364792694778009]
[35703,19882,1.0,0.538374413015236]
[35703,19888,1.0,0.4555327903012252]
[35703,35700,1.0,0.9899899668414485]
[35703,19838,1.0,0.5519694022713878]
[35703,19879,1.0,0.5455998640782191]
[19885,19876,1.0,0.9903053144306446]
[19885,19882,1.0,0.9732855750798238]
[19885,19879,1.0,0.9855290588597099]
[19882,19876,1.0,0.9856747963660194]
[19882,19879,1.0,0.9825603560244468]
[123577,19838,1.0,0.5541275488245582]
[106255,19876,1.0,0.42176849959508383]
[106255,19882,1.0,0.4056404532713142]
[106255,19888,1.0,0.41600940556870586]
[106255,19879,1.0,0.41659817218811707]
[19888,19876,1.0,0.9909520898120797]
[19888,19885,1.0,0.9535867799999364]
[19888,19882,1.0,0.9829604696837702]
[19888,19879,1.0,0.9907208110858561]
[67115,35703,1.0,0.46461553800654015]
[67115,38955,1.0,0.4321358978009322]
[67115,35700,1.0,0.46461553800654015]
[35700,19876,1.0,0.44749076585535513]
[35700,19885,1.0,0.4364792694778009]
[35700,19882,1.0,0.538374413015236]
[35700,19888,1.0,0.4555327903012252]
[35700,19838,1.0,0.5408798207208226]
[35700,19879,1.0,0.5455998640782191]
[19879,19876,1.0,0.9945658731879131]
[59536,59533,1.0,0.9931905064527496]
[117876,35155,1.0,0.40768620579497417]
[47268,47265,1.0,0.9582123775263072]
[64547,49096,1.0,0.5188286246911887]
[64547,64541,1.0,0.639667631369604]
[64547,64544,1.0,0.6305323048316889]
[64547,49099,1.0,0.6148297253268147]
[64547,49093,1.0,0.5604036876865335]
[49096,49093,1.0,0.9787569906786917]
[113425,89535,1.0,0.4121268229266031]
[79111,79099,1.0,0.9948594017159155]
[24920,24917,1.0,0.4946762906332365]
[115914,89535,1.0,0.4459402157981305]
[13683,13674,1.0,0.9936734116065394]
[64541,49099,1.0,0.407219204605329]
[64544,64541,1.0,0.9913719155278211]
[64544,49099,1.0,0.4100832264177828]
[49099,49096,1.0,0.8951979309225204]
[49099,49093,1.0,0.906311564810204]
[45338,17029,1.0,0.44163697326830587]
[104472,64547,1.0,0.46435832396899224]
[104472,89535,1.0,0.4583731631040992]
[77960,64547,1.0,0.5432471282804315]
[89535,10932,1.0,0.4352846569040974]
[89535,64547,1.0,0.5802640442802817]
[89535,49096,1.0,0.5140636297671403]
[89535,22427,1.0,0.5358004392677909]
[89535,83990,1.0,0.7255500993574956]
[89535,7430,1.0,0.460050154155194]
[89535,27449,1.0,0.5221194034929094]
[89535,20834,1.0,0.6584824182289367]
[89535,66169,1.0,0.4201569384574591]
[89535,44741,1.0,0.4059304639797792]
[89535,13683,1.0,0.5475531857892796]
[89535,37306,1.0,0.5162477006491951]
[89535,61088,1.0,0.5087730510580714]
[89535,64541,1.0,0.564000510281145]
[89535,27136,1.0,0.5800083003955698]
[89535,64544,1.0,0.565233441185238]
[89535,49909,1.0,0.4894790744703776]
[89535,49099,1.0,0.5447711120640965]
[89535,17029,1.0,0.5373110330642958]
[89535,77960,1.0,0.5900124237677448]
[89535,24796,1.0,0.40080560703295026]
[89535,65324,1.0,0.40782198603542114]
[89535,3605,1.0,0.4552513481181201]
[89535,64553,1.0,0.5513318711906072]
[89535,24790,1.0,0.5100580837701091]
[89535,13674,1.0,0.5475531857892796]
[89535,49093,1.0,0.4472381424798284]
[24796,24793,1.0,0.42784181423543033]
[24796,24790,1.0,0.6019868325238384]
[45177,45174,1.0,0.9879864505635564]
[24793,24790,1.0,0.9929984661036967]
[91190,89535,1.0,0.478477721782536]
[100623,89535,1.0,0.5487318829382121]
[64553,64547,1.0,0.47250485640941914]
[64553,64541,1.0,0.9859971133731346]
[64553,64544,1.0,0.9843501132594582]
[64553,49099,1.0,0.407219204605329]
[120984,89535,1.0,0.6163866139235731]
[123466,123463,1.0,0.9728438403896018]
[95032,75206,1.0,0.574766748706436]
[95032,95026,1.0,0.9766707259068507]
[95035,75206,1.0,0.637486324020456]
[95035,95032,1.0,0.9796613985042535]
[95035,95026,1.0,0.9927904021198166]
[95041,95032,1.0,0.9861166894284816]
[95041,95035,1.0,0.9927904021198166]
[95041,95038,1.0,0.987154393990813]
[95041,95026,1.0,0.9952227536000962]
[95038,75206,1.0,0.6194201397717587]
[95038,95032,1.0,0.9739069819741776]
[95038,95035,1.0,0.9820493686781102]
[95038,95026,1.0,0.9875812714083849]
[95026,75206,1.0,0.637486324020456]
[83933,83927,1.0,0.9895880688738294]
[83933,83930,1.0,0.7804045966474089]
[83930,83927,1.0,0.7664023209726655]
[83936,83933,1.0,0.8346714100154985]
[83936,83927,1.0,0.8460450957490112]
[83936,83930,1.0,0.6596200789386975]
[40854,40845,1.0,0.9842879504501727]
[40854,40851,1.0,0.9009296320022006]
[40854,40848,1.0,0.9827381813237619]
[40851,40845,1.0,0.974749119701897]
[40851,40848,1.0,0.9729778814949158]
[40848,40845,1.0,0.9919839916101322]
[57915,57912,1.0,0.9736525551484718]
[68534,68528,1.0,0.9609324174300737]
[68537,68534,1.0,0.9045797292283735]
[68537,68528,1.0,0.989024896739037]
[57912,40876,1.0,0.5535361122038359]
[110083,110080,1.0,0.9599099676018086]
[84121,84118,1.0,0.9858966455682472]
[84121,84112,1.0,0.9927742648919292]
[84118,84112,1.0,0.9904439776268762]
[72518,72512,1.0,0.9875856651336679]
[72518,72515,1.0,0.9952227536000962]
[72518,72506,1.0,0.9937353308824888]
[72518,72509,1.0,0.9701664242079165]
[86132,86129,1.0,0.9819207609776255]
[72512,72506,1.0,0.9902913432757028]
[72512,72509,1.0,0.9563331172925843]
[72515,20073,1.0,0.4717120828290253]
[72515,72512,1.0,0.9902913432757028]
[72515,72506,1.0,0.9952227536000962]
[72515,72509,1.0,0.9763297234850564]
[91298,20073,1.0,0.45940618093721736]
[21054,3418,1.0,0.4838071996273791]
[86138,86132,1.0,0.9655549323520763]
[86138,86129,1.0,0.9889902791861392]
[86138,86135,1.0,0.9617739539526167]
[86135,86132,1.0,0.9233023299449326]
[86135,86129,1.0,0.9555024630440628]
[27798,27795,1.0,0.9913867028044847]
[110086,110083,1.0,0.7869561551046178]
[110086,110080,1.0,0.9551250494876768]
[61351,40441,1.0,0.4580664029566728]
[61351,40444,1.0,0.48097427728831094]
[40441,27960,1.0,0.42166623455708163]
[109651,109648,1.0,0.5657163090335854]
[40444,27960,1.0,0.4188367537283307]
[40444,40441,1.0,0.9899591876794006]
[72509,72506,1.0,0.9929318100825512]
[84811,80160,1.0,0.43657002357407115]
[84811,40741,1.0,0.48316839326729477]
[93367,80160,1.0,0.5020619937658891]
[100018,93367,1.0,0.588695605281466]
[100018,49548,1.0,0.7795610131660902]
[100018,45133,1.0,0.7675977641688768]
[100018,16657,1.0,0.4472377454051176]
[100018,96076,1.0,0.40284205404814993]
[100018,79914,1.0,0.405053590732893]
[100018,80989,1.0,0.4173189745709516]
[100018,64005,1.0,0.4855802584439167]
[100018,56773,1.0,0.5516114379328139]
[100018,1834,1.0,0.49675536885028504]
[100018,11911,1.0,0.5755016948849982]
[100018,96079,1.0,0.40284205404814993]
[100018,93540,1.0,0.5421148291711835]
[100018,35507,1.0,0.6083343458691955]
[100018,3528,1.0,0.5361102608130094]
[100018,40741,1.0,0.432850289844907]
[100018,24987,1.0,0.40342285529766037]
[100018,87330,1.0,0.4803607020583087]
[100018,96085,1.0,0.40284205404814993]
[11915,11912,1.0,0.8729931812528688]
[49548,45133,1.0,0.6924135602549717]
[114045,100018,1.0,0.4364541860707643]
[96076,63849,1.0,0.4976054378887567]
[96076,81352,1.0,0.49936347496405914]
[96082,96076,1.0,0.8767650445872031]
[96082,96079,1.0,0.8067595926709684]
[79914,79911,1.0,0.9912498675642931]
[130786,100018,1.0,0.5799503613297997]
[130786,80160,1.0,0.4807535557829391]
[130786,130783,1.0,0.9905564682541387]
[64585,40741,1.0,0.5168570076752936]
[80989,63849,1.0,0.4577969870857771]
[19224,19221,1.0,0.9859154203402282]
[19224,19218,1.0,0.9905564682541387]
[129933,129927,1.0,0.9937910695216918]
[129933,129930,1.0,0.9952227536000962]
[19221,19218,1.0,0.9909436544800471]
[19227,19224,1.0,0.9905564682541387]
[19227,19221,1.0,0.9926680456172919]
[19227,19218,1.0,0.9916975038550923]
[79920,79914,1.0,0.9833516953941875]
[79920,79917,1.0,0.9347052501535263]
[79920,79911,1.0,0.9877890492516855]
[79917,79914,1.0,0.9729529599445066]
[79917,79911,1.0,0.9727603981632277]
[11911,11908,1.0,0.9527854694013425]
[81352,234,1.0,0.5244241749631794]
[81352,80160,1.0,0.48631651647428376]
[96079,63849,1.0,0.4976054378887567]
[96079,96076,1.0,0.9907453314477414]
[96079,81352,1.0,0.49936347496405914]
[132768,80160,1.0,0.4275771497717635]
[121393,100018,1.0,0.46389911959846003]
[124896,100018,1.0,0.42702698645772513]
[80160,234,1.0,0.5288280534867312]
[80160,11915,1.0,0.46649031373811195]
[80160,57,1.0,0.40210945546539884]
[80160,39563,1.0,0.41639492425950647]
[80160,64026,1.0,0.6603213761777609]
[80160,11912,1.0,0.44629741509403165]
[80160,11918,1.0,0.44629741509403165]
[129930,129927,1.0,0.9952227536000962]
[129930,1834,1.0,0.49048200926564167]
[129930,124896,1.0,0.4403544249106853]
[19230,19224,1.0,0.9814479766117407]
[19230,19221,1.0,0.9857255086360919]
[19230,19227,1.0,0.9639970196822281]
[19230,19218,1.0,0.9904739527599371]
[110980,80160,1.0,0.5675392168215483]
[107991,107988,1.0,0.9952227536000962]
[130783,100018,1.0,0.5466781095744286]
[130783,80160,1.0,0.4807535557829391]
[129936,63849,1.0,0.46370843400304657]
[129936,129927,1.0,0.9873302910672178]
[129936,129933,1.0,0.9667777294793799]
[129936,1834,1.0,0.422716915351992]
[129936,80160,1.0,0.5506435811623099]
[129936,129930,1.0,0.9929864502107044]
[124335,11915,1.0,0.4409317402707026]
[124335,57,1.0,0.4866633436656652]
[124335,79914,1.0,0.49444740407622206]
[124335,10380,1.0,0.4075315189987355]
[124335,79920,1.0,0.42311696395049375]
[124335,79917,1.0,0.43665781800556525]
[124335,63329,1.0,0.5900386783898485]
[124335,79911,1.0,0.43528451968741017]
[11918,11915,1.0,0.6280067856176904]
[11918,11912,1.0,0.9719530969192763]
[96085,63849,1.0,0.4976054378887567]
[96085,96076,1.0,0.9929318100825512]
[96085,96082,1.0,0.8903939845511595]
[96085,81352,1.0,0.49936347496405914]
[96085,96079,1.0,0.986648044631558]
[92535,64122,1.0,0.5173725015488468]
[92535,87422,1.0,0.5797196312490449]
[92535,91883,1.0,0.6007453413570759]
[61925,61922,1.0,0.4824711570418762]
[104535,104529,1.0,0.9127436713685747]
[104535,104532,1.0,0.8640352638091592]
[100992,100989,1.0,0.9881145326266587]
[75191,75188,1.0,0.9877726362494229]
[54829,16338,1.0,0.40269461564884573]
[104532,104529,1.0,0.96661184762633]
[131154,94807,1.0,0.6302271062200503]
[131154,89475,1.0,0.4386171969196803]
[124881,92535,1.0,0.6537068703478964]
[100998,100989,1.0,0.6665790510497739]
[100998,100992,1.0,0.6106155546326504]
[121930,121924,1.0,0.9952227536000962]
[121930,121927,1.0,0.9922444720626648]
[29128,29122,1.0,0.9007069063238854]
[4877,197,1.0,0.4210966728405706]
[64122,54829,1.0,0.5210835690856651]
[99646,99640,1.0,0.988287278077456]
[99646,99643,1.0,0.9357076709559314]
[121927,121924,1.0,0.9922444720626648]
[62356,62353,1.0,0.641498555144995]
[62356,62347,1.0,0.7147219074766242]
[104538,92535,1.0,0.5650728376342148]
[104538,104535,1.0,0.8816148946290595]
[104538,104529,1.0,0.9901918127542898]
[104538,104532,1.0,0.9217758228332775]
[62353,62347,1.0,0.9689781062374443]
[105183,4877,1.0,0.5519438277608265]
[75118,75115,1.0,0.9690873359723692]
[88204,30241,1.0,0.4906837064273178]
[131131,131128,1.0,0.9751039084401417]
[107701,64122,1.0,0.6184633647281793]
[107701,104538,1.0,0.6981078514416869]
[107701,91883,1.0,0.59445681437199]
[91883,54829,1.0,0.4968204309765961]
[91883,4877,1.0,0.47523464156696416]
[99643,99640,1.0,0.9500242671237465]
[104308,104305,1.0,0.9798810950776126]
[75194,75191,1.0,0.9774132976525763]
[75194,75188,1.0,0.9903662789682791]
[33701,33698,1.0,0.9895147614263562]
[123585,54829,1.0,0.5579431662935243]
[123585,107701,1.0,0.5317313284738813]
[61928,61925,1.0,0.8453790873746574]
[61928,61922,1.0,0.9877867605400884]
[32837,32834,1.0,0.9927543544888627]
[6958,6955,1.0,0.9901918127542898]
[6967,6958,1.0,0.9229201159573238]
[6967,6964,1.0,0.9234784116414941]
[6967,6961,1.0,0.9561247840066226]
[6967,6955,1.0,0.9561247840066226]
[6964,6958,1.0,0.9825110144502597]
[6964,6961,1.0,0.9921471266607758]
[6964,6955,1.0,0.9860156987423521]
[132187,132178,1.0,0.9892472898460123]
[132187,132181,1.0,0.9892472898460123]
[6961,6958,1.0,0.9901918127542898]
[6961,6955,1.0,0.9952227536000962]
[47239,47236,1.0,0.970746972510815]
[47239,21072,1.0,0.4807841062679699]
[26833,21072,1.0,0.4887220135283467]
[132181,132178,1.0,0.9952227536000962]
[67630,65405,1.0,0.4217791164266675]
[47242,47239,1.0,0.9537595497183399]
[47242,47236,1.0,0.981132770964952]
[80320,80314,1.0,0.9925141140314095]
[80320,80317,1.0,0.703135001118066]
[80317,80314,1.0,0.7586687170689184]
[80323,80314,1.0,0.9515856596663425]
[80323,80320,1.0,0.9464212380923459]
[80323,80317,1.0,0.7136885618714258]
[49509,35134,1.0,0.6614935345221112]
[130393,44177,1.0,0.4343141068966004]
[130393,26987,1.0,0.4703706703542563]
[130393,88067,1.0,0.45643729028882113]
[130393,5233,1.0,0.4608285776129203]
[130393,35134,1.0,0.43105276002376425]
[130393,97222,1.0,0.5015029404469722]
[130393,108862,1.0,0.490506815129029]
[61286,61280,1.0,0.9952227536000962]
[61286,61283,1.0,0.9944393446098015]
[88067,49509,1.0,0.7925852690564874]
[98634,49509,1.0,0.6153436319834414]
[82259,49509,1.0,0.4348870300204064]
[84628,49509,1.0,0.41991381391019333]
[71095,49509,1.0,0.5085862161190837]
[61283,61280,1.0,0.9920291723687975]
[110775,49509,1.0,0.48067132110306354]
[78791,49509,1.0,0.4326530397267258]
[67717,49509,1.0,0.4843059033874901]
[48068,48065,1.0,0.9780857990686374]
[48068,48062,1.0,0.9931462053637004]
[110787,110778,1.0,0.7305909713319363]
[110787,110781,1.0,0.6618061434407079]
[110787,110784,1.0,0.9912985792968363]
[58708,58699,1.0,0.9937601237018558]
[110781,110778,1.0,0.9905564682541387]
[110790,110778,1.0,0.9952227536000962]
[110790,110787,1.0,0.7305909713319363]
[110790,110781,1.0,0.9905564682541387]
[110790,110784,1.0,0.7290995846311128]
[88345,64450,1.0,0.44046042497990173]
[90959,75177,1.0,0.41858118596205157]
[90959,88345,1.0,0.40915468140185324]
[90959,5729,1.0,0.43008195962247314]
[90959,83681,1.0,0.40799903890806083]
[48065,48062,1.0,0.9842353647096462]
[110784,110778,1.0,0.7290995846311128]
[110784,110781,1.0,0.6603062582011187]
[108099,36539,1.0,0.41248794314201126]
[129763,129760,1.0,0.9933607062578763]
[76690,23470,1.0,0.6575881877610432]
[88754,88751,1.0,0.9729529599445066]
[28477,28471,1.0,0.9894335073198257]
[129766,129763,1.0,0.9824925465615212]
[129766,129760,1.0,0.9870536110207234]
[91818,91809,1.0,0.9952227536000962]
[91818,91812,1.0,0.9842365892721153]
[41388,41382,1.0,0.9952227536000962]
[78318,37684,1.0,0.4094749295878838]
[9530,9524,1.0,0.9857022654811101]
[119689,78318,1.0,0.5562853528166788]
[69153,15142,1.0,0.5224703486951678]
[41391,41388,1.0,0.9935558811377351]
[41391,41382,1.0,0.9935558811377351]
[110706,2309,1.0,0.44305399760322384]
[15142,8632,1.0,0.45365191114744474]
[15142,15136,1.0,0.9786948048649159]
[15142,15133,1.0,0.9853583434873738]
[41824,31125,1.0,0.520970015460944]
[126771,31125,1.0,0.4050565213131877]
[126771,45240,1.0,0.8762749816146093]
[2312,2309,1.0,0.988148450643207]
[93215,15142,1.0,0.4198663623685889]
[93215,3365,1.0,0.4231085251467754]
[93215,15148,1.0,0.41630712843962175]
[93215,93212,1.0,0.9952227536000962]
[59302,45240,1.0,0.542055492912373]
[15136,15133,1.0,0.974930094967262]
[15145,15142,1.0,0.9075752044832691]
[15145,15136,1.0,0.8148527525228872]
[15145,15133,1.0,0.893627064902535]
[111283,15142,1.0,0.5408450369643144]
[45240,19241,1.0,0.509516385768583]
[45240,31125,1.0,0.4658272246924143]
[45240,29593,1.0,0.4156119015781641]
[15148,15142,1.0,0.9285258538658515]
[15148,15136,1.0,0.9329848107773262]
[15148,15145,1.0,0.9670612732616375]
[15148,15133,1.0,0.941187791045475]
[14043,14037,1.0,0.9869842783896388]
[93212,15142,1.0,0.4198663623685889]
[91812,41388,1.0,0.5008106229126483]
[91812,78318,1.0,0.4973366331898902]
[91812,45768,1.0,0.5632529700250902]
[91812,15142,1.0,0.5702004250365258]
[91812,3365,1.0,0.4279603457331254]
[91812,81647,1.0,0.616668856567588]
[91812,2312,1.0,0.44336117319802476]
[91812,31125,1.0,0.6433128247577452]
[91812,91809,1.0,0.9842365892721153]
[91812,45240,1.0,0.5654764523051741]
[91812,15148,1.0,0.4053467039891949]
[91812,82534,1.0,0.44749348762578817]
[100645,45240,1.0,0.4515097733885824]
[26731,15142,1.0,0.46291292919870214]
[45555,45549,1.0,0.9606551444517379]
[45555,45552,1.0,0.9267181206287516]
[45558,45555,1.0,0.9611736460308102]
[45558,45549,1.0,0.9918756543936526]
[45558,45552,1.0,0.9819974955679647]
[97408,97405,1.0,0.9678921449073821]
[123036,123030,1.0,0.990323217142222]
[123036,123033,1.0,0.9853264629122028]
[123033,123030,1.0,0.9821645442460928]
[45552,45549,1.0,0.9888138550738983]
[97411,97405,1.0,0.9949181171750051]
[97411,97408,1.0,0.887658481591803]
[84910,84904,1.0,0.9846338602168043]
[84910,84907,1.0,0.9308471034176686]
[13197,13194,1.0,0.9952227536000962]
[13200,13197,1.0,0.9233088993903814]
[13200,13194,1.0,0.9233088993903814]
[84913,84910,1.0,0.7801150368470144]
[84913,84904,1.0,0.8478534233063536]
[84913,84907,1.0,0.6305298564416482]
[93278,93275,1.0,0.9899074872227256]
[84916,84910,1.0,0.9846338602168043]
[84916,84913,1.0,0.9084316217903585]
[84916,84904,1.0,0.9940614722313001]
[84916,84907,1.0,0.991210735961695]
[84907,84904,1.0,0.9481159358611355]
[16999,5097,1.0,0.6953291200851204]
[108346,5097,1.0,0.4743439048133284]
[45159,45156,1.0,0.9860604234804583]
[48514,48508,1.0,0.9810561490142308]
[78969,5097,1.0,0.4069388473711648]
[46004,5097,1.0,0.4960073158315432]
[100860,100857,1.0,0.9701415582877915]
[80532,80529,1.0,0.9925468645354409]
[100863,100860,1.0,0.8972606763328044]
[100863,100857,1.0,0.977654719923328]
[31756,31753,1.0,0.988413682643911]
[70166,3903,1.0,0.6247016304694656]
[33600,33597,1.0,0.9901918127542898]
[33603,33597,1.0,0.7084287877837745]
[33603,33600,1.0,0.9578224962374245]
[11887,11881,1.0,0.9875478803503387]
[11887,11884,1.0,0.4592921410675862]
[99607,99604,1.0,0.9952227536000962]
[128472,128469,1.0,0.5061655016016983]
[99610,99607,1.0,0.9945194946989725]
[99610,99604,1.0,0.9945194946989725]
[128475,128472,1.0,0.8946743380452251]
[128475,128469,1.0,0.9933939589575742]
[128478,128472,1.0,0.7524667531330301]
[128478,128475,1.0,0.9918426894149314]
[128478,128469,1.0,0.9952227536000962]
[11884,11881,1.0,0.5387348414753045]
[51114,51111,1.0,0.9945081630075626]
[51117,51111,1.0,0.9715286579094655]
[51117,51114,1.0,0.94933110602663]
[52279,29466,1.0,0.6815642888556201]
[128451,128445,1.0,0.9914756223331858]
[128451,128448,1.0,0.9905795688740431]
[128454,128451,1.0,0.9283447620503228]
[128454,128445,1.0,0.9538664275790165]
[128454,128448,1.0,0.9499837483273585]
[81747,5273,1.0,0.7400895010581736]
[81747,45302,1.0,0.4477938312285104]
[81747,80582,1.0,0.4844954532955356]
[81747,81744,1.0,0.9787985485304578]
[29466,10927,1.0,0.5505570883053992]
[38609,38606,1.0,0.9952227536000962]
[38618,38606,1.0,0.9922323843947127]
[38618,38609,1.0,0.9922323843947127]
[38618,38615,1.0,0.8434788565276667]
[25753,5273,1.0,0.44229634088476366]
[38615,38606,1.0,0.8434788565276667]
[38615,38609,1.0,0.8434788565276667]
[81744,5273,1.0,0.6756656587517603]
[81744,45302,1.0,0.4477938312285104]
[81744,80582,1.0,0.4844954532955356]
[128448,128445,1.0,0.991295858210494]
[81750,5273,1.0,0.47213108841718976]
[81750,81747,1.0,0.6296076188593399]
[81750,45302,1.0,0.45017347534817875]
[81750,80582,1.0,0.5002339086490855]
[81750,81744,1.0,0.7324730695769448]
[81753,5273,1.0,0.6606577813460756]
[81753,81747,1.0,0.9613944255676135]
[81753,45302,1.0,0.5289505359257146]
[81753,30217,1.0,0.41314819812133413]
[81753,80582,1.0,0.42810146579477526]
[81753,81744,1.0,0.9768641352957179]
[81753,81750,1.0,0.6008688725924893]
[131929,120112,1.0,0.439198521936467]
[117843,117837,1.0,0.9929318100825512]
[117843,117840,1.0,0.991273886931284]
[104934,41625,1.0,0.4476116141208641]
[117840,117837,1.0,0.9929318100825512]
[89807,89804,1.0,0.9790860969190031]
[35064,35055,1.0,0.9916342682539442]
[89810,89807,1.0,0.9814167781019]
[89810,89804,1.0,0.9801201178974416]
[87791,87788,1.0,0.9930641667401623]
[87791,87785,1.0,0.9693646743364366]
[25851,25848,1.0,0.9903813501993005]
[109224,56053,1.0,0.41399612309157907]
[109224,38361,1.0,0.42453715014059556]
[110005,6348,1.0,0.4888885763396144]
[110005,76185,1.0,0.46949359507285265]
[110005,2108,1.0,0.5206885236793859]
[110005,105984,1.0,0.4757845527557525]
[110005,84115,1.0,0.5100114827387254]
[110005,33091,1.0,0.6054813522625987]
[110005,38361,1.0,0.6026116661027424]
[110005,78721,1.0,0.6026429705500754]
[109522,2895,1.0,0.5195393904174328]
[89699,78721,1.0,0.6805451317676185]
[68979,6348,1.0,0.40020787558587284]
[105984,24902,1.0,0.4475556608388475]
[105984,56053,1.0,0.4456239374463872]
[105984,80715,1.0,0.41217675532444986]
[105984,67803,1.0,0.4533267704678608]
[56053,24902,1.0,0.48390735483446]
[56053,6348,1.0,0.699976391199189]
[56053,2108,1.0,0.4471429777442066]
[56053,38349,1.0,0.4063335622274955]
[56053,33091,1.0,0.40841922312825646]
[56053,38361,1.0,0.8205018252357856]
[56053,38358,1.0,0.4063335622274955]
[84115,56053,1.0,0.5255632967202543]
[84115,38349,1.0,0.4971769365294577]
[84115,38361,1.0,0.4971769365294577]
[84115,38358,1.0,0.4971769365294577]
[84115,38355,1.0,0.4971769365294577]
[38349,6348,1.0,0.4241967479184982]
[113572,78721,1.0,0.49506555649408807]
[75263,72175,1.0,0.45072379496223164]
[118665,105984,1.0,0.4277184427080159]
[91467,2108,1.0,0.40875962440736924]
[97341,97335,1.0,0.9872021338195044]
[97341,97338,1.0,0.9872021338195044]
[97338,97335,1.0,0.9952227536000962]
[97347,97335,1.0,0.9872619315687415]
[97347,97341,1.0,0.9766532573957157]
[97347,97338,1.0,0.9872619315687415]
[97347,97344,1.0,0.9872619315687415]
[125197,105984,1.0,0.40927252280621895]
[80055,6348,1.0,0.44088769017877705]
[109525,109522,1.0,0.9228266655630354]
[87788,87785,1.0,0.9592770394181215]
[97344,97335,1.0,0.9938346147908514]
[97344,97341,1.0,0.9836603892760246]
[97344,97338,1.0,0.9938346147908514]
[78727,78721,1.0,0.9900101588267415]
[78727,78724,1.0,0.9350893192417248]
[78727,78718,1.0,0.8962531280540756]
[38361,6348,1.0,0.4241967479184982]
[38361,38349,1.0,0.9927904021198166]
[38361,38358,1.0,0.9889208956174202]
[38361,38355,1.0,0.9815660003033643]
[38358,38349,1.0,0.9925229512934376]
[38358,38355,1.0,0.9695183967285977]
[38355,38349,1.0,0.979574759710306]
[78721,56053,1.0,0.6112791788456622]
[78721,78718,1.0,0.9952227536000962]
[78721,59085,1.0,0.6338035999865128]
[78724,78721,1.0,0.9952227536000962]
[78724,78718,1.0,0.994754850866769]
[64492,6348,1.0,0.5532742416173891]
[64492,38361,1.0,0.43759718960507255]
[72175,66029,1.0,0.49620430051660874]
[72175,29009,1.0,0.5089729329839269]
[110845,26934,1.0,0.43457865479270086]
[110845,109224,1.0,0.5068805430393758]
[110845,6348,1.0,0.7444166037387964]
[110845,76185,1.0,0.6466595142842205]
[110845,2108,1.0,0.7835372544155476]
[110845,105984,1.0,0.5682389593587779]
[110845,56053,1.0,0.47175337105849574]
[110845,84115,1.0,0.8205448782729616]
[110845,33091,1.0,0.610501334786577]
[110845,80055,1.0,0.43934513749637416]
[110845,38361,1.0,0.799315345614256]
[110845,65067,1.0,0.47130794519607994]
[110845,38355,1.0,0.40135375667083867]
[110845,78721,1.0,0.5134955104334041]
[87794,87791,1.0,0.9420417101579273]
[87794,87788,1.0,0.9271979251218833]
[87794,87785,1.0,0.9901243929024662]
[29700,29697,1.0,0.9952227536000962]
[68720,68714,1.0,0.9888850139467681]
[68720,68717,1.0,0.985690289749]
[68717,68714,1.0,0.9924104383706619]
[43112,43109,1.0,0.9922723136307666]
[117568,117565,1.0,0.8777867579106176]
[81001,80998,1.0,0.9720599037020279]
[81001,80995,1.0,0.9720599037020279]
[80998,80995,1.0,0.9952227536000962]
[81004,81001,1.0,0.9735405734431473]
[81004,80998,1.0,0.9942417618294649]
[81004,80995,1.0,0.9942417618294649]
[117571,117568,1.0,0.8150869387586146]
[117571,117565,1.0,0.9877726362494229]
[60369,60366,1.0,0.9911457621988602]
[60369,60360,1.0,0.9869205691464557]
[21693,16214,1.0,0.455184325613308]
[21693,21690,1.0,0.9952227536000962]
[30788,16214,1.0,0.4011022956971341]
[21696,21693,1.0,0.9939199350171071]
[21696,16214,1.0,0.455184325613308]
[21696,21690,1.0,0.9939199350171071]
[118740,85748,1.0,0.436942955272442]
[118740,22623,1.0,0.5651797523572074]
[59795,21693,1.0,0.5140679610534956]
[59795,21696,1.0,0.5140679610534956]
[59795,21699,1.0,0.4370718361975097]
[59795,46083,1.0,0.43352537628231697]
[59795,21702,1.0,0.46229479303856674]
[59795,21690,1.0,0.5140679610534956]
[84936,63303,1.0,0.4928419071746418]
[84936,22623,1.0,0.7061571864824264]
[117903,16214,1.0,0.47461669971289927]
[21699,21693,1.0,0.9656871949159955]
[21699,21696,1.0,0.8939498183267708]
[21699,16214,1.0,0.42498523729664295]
[21699,21690,1.0,0.9656871949159955]
[85748,84936,1.0,0.4878386996591221]
[95046,59795,1.0,0.407391902386915]
[95046,16214,1.0,0.4675004461949988]
[12442,12439,1.0,0.9733161612194268]
[10354,10351,1.0,0.8309906715945562]
[16214,10351,1.0,0.44881229546685575]
[16214,10357,1.0,0.4782720656045223]
[46083,16214,1.0,0.40121750881399765]
[97545,63303,1.0,0.5108305519888574]
[21702,21693,1.0,0.9288190024441509]
[21702,21696,1.0,0.8003832033438347]
[21702,21699,1.0,0.7871020506327495]
[21702,21690,1.0,0.9288190024441509]
[23585,23579,1.0,0.6828896928742965]
[23585,23576,1.0,0.8540026347256814]
[118149,59795,1.0,0.6063816740717651]
[118149,16214,1.0,0.4826811445082384]
[118149,63303,1.0,0.5980364516360607]
[23579,23576,1.0,0.9840146910209564]
[60087,22623,1.0,0.6436924744504221]
[63303,30788,1.0,0.4234543992227631]
[63303,58299,1.0,0.4865741303394181]
[63303,10354,1.0,0.5117036937829386]
[63303,46083,1.0,0.43677940089193135]
[63303,55896,1.0,0.41940929467401056]
[63303,21702,1.0,0.40058441518382426]
[63303,36530,1.0,0.455174911670823]
[63303,26392,1.0,0.4139914233006684]
[63303,26395,1.0,0.4329399781731859]
[21690,16214,1.0,0.455184325613308]
[87808,22623,1.0,0.45032950898830076]
[44388,44385,1.0,0.9877726362494229]
[60366,60363,1.0,0.8603720707011681]
[60366,60087,1.0,0.6426320784674103]
[60366,60360,1.0,0.9911457621988602]
[26392,16214,1.0,0.41039269355525093]
[75572,60366,1.0,0.6143235952929773]
[12445,12442,1.0,0.9536867882519856]
[12445,12439,1.0,0.9712554876184042]
[26395,26392,1.0,0.6911431328565777]
[10357,10354,1.0,0.8439121691879161]
[10357,10351,1.0,0.9934197647450789]
[83524,16214,1.0,0.4825581319896088]
[10360,10354,1.0,0.8321963514885373]
[10360,10351,1.0,0.9694456416720398]
[10360,10357,1.0,0.9686490675197981]
[15985,15979,1.0,0.9891700284774299]
[15985,15982,1.0,0.9077113870069129]
[59563,37456,1.0,0.43575868391498657]
[85350,85347,1.0,0.992529683173034]
[50205,23551,1.0,0.604982592529656]
[74769,74766,1.0,0.7771895785066647]
[74769,74763,1.0,0.7671846599404922]
[127992,28364,1.0,0.4023859888779787]
[127992,127983,1.0,0.9933096261446815]
[127992,127989,1.0,0.983221635824587]
[127992,28367,1.0,0.4301390536199069]
[127992,3945,1.0,0.420847912718616]
[127992,25065,1.0,0.47917627699657667]
[92878,5952,1.0,0.4030230394985049]
[15982,15979,1.0,0.9337227363378672]
[74766,25101,1.0,0.5907815437576904]
[74766,74763,1.0,0.9952227536000962]
[130288,37456,1.0,0.40781260783211687]
[68216,68213,1.0,0.9936282955531263]
[68216,54901,1.0,0.4612224499251217]
[80874,68213,1.0,0.4825370517400236]
[80874,38237,1.0,0.47996634429329393]
[80874,28364,1.0,0.673468920066676]
[80874,68216,1.0,0.4333693873379866]
[80874,41560,1.0,0.4041121223114423]
[80874,54901,1.0,0.41183902165607367]
[80874,28367,1.0,0.6176524182630658]
[85825,68213,1.0,0.5628408243957606]
[85825,28364,1.0,0.5760658146682234]
[85825,68216,1.0,0.5242810219963477]
[85825,80874,1.0,0.43777944602013297]
[85825,68219,1.0,0.44054102918751503]
[85825,28367,1.0,0.5860656936383932]
[127983,28364,1.0,0.41062446629150673]
[127983,28367,1.0,0.4380020717484041]
[127983,3945,1.0,0.420847912718616]
[127983,25065,1.0,0.5325603669150205]
[97170,97167,1.0,0.985865466924023]
[68219,68213,1.0,0.9518569612159601]
[68219,68216,1.0,0.9397868122656617]
[74772,74769,1.0,0.6646554001968173]
[74772,74766,1.0,0.9929984661036967]
[74772,74763,1.0,0.9769678370348374]
[74778,74769,1.0,0.5361842576103198]
[74778,74766,1.0,0.9861464120448776]
[74778,74772,1.0,0.9277894578346066]
[74778,74763,1.0,0.9861464120448776]
[74778,74775,1.0,0.9606134732894844]
[54901,10653,1.0,0.43509151829710324]
[54901,28364,1.0,0.4501228370938168]
[54901,25191,1.0,0.5437245044078279]
[54901,41560,1.0,0.40259617146172444]
[54901,28367,1.0,0.42819885330759855]
[54901,12819,1.0,0.40546022766823453]
[99576,80874,1.0,0.4520176825835539]
[99576,85825,1.0,0.5364849886141092]
[127989,28364,1.0,0.46215963079771166]
[127989,127983,1.0,0.9877726362494229]
[127989,28367,1.0,0.4380020717484041]
[127989,25065,1.0,0.48723438152624754]
[74775,74769,1.0,0.5808687873825815]
[74775,74766,1.0,0.9845234457375301]
[74775,74772,1.0,0.8796650339199668]
[74775,74763,1.0,0.9845234457375301]
[100713,80874,1.0,0.4870519586580686]
[100713,85825,1.0,0.424812001154726]
[100713,54901,1.0,0.5295962296353721]
[28367,28364,1.0,0.9805034755767247]
[127995,127992,1.0,0.9880303303909609]
[127995,28364,1.0,0.41062446629150673]
[127995,127983,1.0,0.99133259848331]
[127995,127989,1.0,0.9809469414890544]
[127995,28367,1.0,0.4380020717484041]
[127995,3945,1.0,0.420847912718616]
[127995,25065,1.0,0.5325603669150205]
[57686,57683,1.0,0.9712554876184042]
[97173,97167,1.0,0.9895147614263562]
[97173,97170,1.0,0.9785447226127291]
[76192,8700,1.0,0.4172313837331604]
[76192,75589,1.0,0.4618256200772271]
[30624,8700,1.0,0.48396300423359745]
[72461,72458,1.0,0.9790852971771963]
[75589,708,1.0,0.5612099842640869]
[99924,99918,1.0,0.8930534498603262]
[99924,99921,1.0,0.440059204372521]
[99921,99918,1.0,0.5344975788909665]
[52709,13650,1.0,0.5335669333133229]
[52709,13653,1.0,0.4241697579597622]
[13653,13650,1.0,0.9857388203049129]
[30627,30624,1.0,0.421785329923141]
[124906,124903,1.0,0.9942322398449379]
[82889,82883,1.0,0.9952227536000962]
[82889,82886,1.0,0.9944967160239986]
[82889,82880,1.0,0.9952227536000962]
[84334,84325,1.0,0.9952227536000962]
[84334,84328,1.0,0.9787708452477888]
[82883,82880,1.0,0.9952227536000962]
[82886,82883,1.0,0.9906716296175919]
[82886,82880,1.0,0.9906716296175919]
[84328,84325,1.0,0.9787708452477888]
[108081,108078,1.0,0.986073154354536]
[33304,32737,1.0,0.43947091784502834]
[102624,102621,1.0,0.9910768346417114]
[102624,97357,1.0,0.7325965562270327]
[114565,97357,1.0,0.6327657915449579]
[118812,34169,1.0,0.536264706127405]
[118812,97357,1.0,0.5386229597513724]
[23205,23199,1.0,0.9824585258215105]
[67103,67100,1.0,0.9788807732910213]
[102621,97357,1.0,0.7477359379082769]
[122868,97357,1.0,0.527037759970144]
[102627,102624,1.0,0.9913624601476092]
[102627,102621,1.0,0.9937353308824888]
[102627,97357,1.0,0.7214071715243472]
[23208,23199,1.0,0.9705515362490387]
[23208,23205,1.0,0.9292247584603145]
[6828,6825,1.0,0.9952227536000962]
[34169,31686,1.0,0.43874308690006575]
[34169,6828,1.0,0.46696665772178664]
[102630,102624,1.0,0.9423801093508513]
[102630,102621,1.0,0.9594483073939356]
[102630,102627,1.0,0.9507854586313839]
[102630,97357,1.0,0.7800412582692199]
[87231,35756,1.0,0.42144480813190816]
[121108,97357,1.0,0.4496965108757752]
[112870,97357,1.0,0.7004211342118026]
[97357,80123,1.0,0.5460317109204963]
[97357,31686,1.0,0.705105057675868]
[97357,6825,1.0,0.5771339595832791]
[97357,8425,1.0,0.6348361953901486]
[97357,46352,1.0,0.6738222064585739]
[97357,6828,1.0,0.5771339595832791]
[97357,34169,1.0,0.7920193172506419]
[97357,1828,1.0,0.4416065730687544]
[97357,12101,1.0,0.642656243657284]
[97357,97006,1.0,0.6623870151621021]
[97357,28338,1.0,0.6028835179573715]
[97357,53910,1.0,0.6058422128698584]
[97357,6016,1.0,0.5322161302308802]
[97357,55545,1.0,0.41555486236963524]
[97357,92652,1.0,0.5753869314951261]
[99438,99435,1.0,0.862818060808675]
[99910,99907,1.0,0.9905564682541387]
[37428,7974,1.0,0.5767927128199462]
[99913,99907,1.0,0.9326685157177156]
[99913,99910,1.0,0.8948203519404985]
[39539,39530,1.0,0.9911228876444816]
[39539,39533,1.0,0.8681552326422975]
[99441,99438,1.0,0.8023403415807489]
[99441,99435,1.0,0.9945658731879131]
[57722,57719,1.0,0.5641457792704331]
[57722,57716,1.0,0.9899899668414485]
[99916,99907,1.0,0.9952227536000962]
[99916,99910,1.0,0.9905564682541387]
[99916,99913,1.0,0.94071015246375]
[39533,39530,1.0,0.9187787630148765]
[57719,57716,1.0,0.6535238028582538]
[103701,103698,1.0,0.9765963391312001]
[103704,103698,1.0,0.4807331051582487]
[103704,103701,1.0,0.6888843652586097]
[11667,11664,1.0,0.9753265370472483]
[64776,14032,1.0,0.4384734052329292]
[74305,64776,1.0,0.44639254014673363]
[121368,20281,1.0,0.5426046945915064]
[100402,47091,1.0,0.4013161394908394]
[62673,20281,1.0,0.4343746537634928]
[90471,75435,1.0,0.6311726408372744]
[76325,1345,1.0,0.5058268559176352]
[104725,104719,1.0,0.8869575891306299]
[95227,95218,1.0,0.935275718658218]
[95227,95221,1.0,0.45443966834858696]
[95227,4768,1.0,0.49040882269857883]
[95224,73995,1.0,0.44515565396343637]
[95224,95218,1.0,0.754165500446709]
[95224,95221,1.0,0.6333466452705406]
[95221,95218,1.0,0.8125980346077377]
[132025,3063,1.0,0.45224614018261505]
[132025,3060,1.0,0.45224614018261505]
[27704,3063,1.0,0.42466426498016785]
[27704,3060,1.0,0.42466426498016785]
[104728,104725,1.0,0.9245054457618779]
[104728,88013,1.0,0.41744582404382813]
[104728,104719,1.0,0.9880426223978416]
[3063,3060,1.0,0.9952227536000962]
[14965,14956,1.0,0.9952227536000962]
[14965,14959,1.0,0.9905564682541387]
[14965,14962,1.0,0.8611736904141936]
[14959,14956,1.0,0.9905564682541387]
[14962,14956,1.0,0.9121965343027687]
[14962,14959,1.0,0.9029990075492983]
[60630,44755,1.0,0.6017558329831868]
[60630,60627,1.0,0.9952227536000962]
[48191,48188,1.0,0.9892315049745162]
[48191,48185,1.0,0.9927904021198166]
[29901,29898,1.0,0.9905564682541387]
[107407,107398,1.0,0.9878921210287862]
[90376,90373,1.0,0.9883652126324259]
[56206,56203,1.0,0.9564827531171541]
[56206,56200,1.0,0.9759624071132972]
[48188,48185,1.0,0.9926833917401131]
[29907,29901,1.0,0.9848562321036224]
[29907,29898,1.0,0.9919756031536815]
[29907,29904,1.0,0.9902053929822505]
[90388,90376,1.0,0.9807392480054063]
[90388,90373,1.0,0.9902581647753819]
[90388,90382,1.0,0.9818502181927412]
[90388,90385,1.0,0.879659500102968]
[56203,56200,1.0,0.9905564682541387]
[90382,90376,1.0,0.980758613270307]
[90382,90373,1.0,0.9905564682541387]
[5649,5643,1.0,0.9946939993737459]
[5649,5646,1.0,0.9900438199175948]
[5652,5643,1.0,0.8965767884369766]
[5652,5649,1.0,0.8954159768643052]
[5652,5646,1.0,0.9008513356521891]
[38723,38717,1.0,0.9952227536000962]
[107410,107407,1.0,0.9290246049521758]
[107410,107398,1.0,0.9705678332061377]
[29904,29901,1.0,0.9883851102261165]
[29904,29898,1.0,0.9941177397556439]
[90385,90376,1.0,0.9478060181641274]
[90385,90373,1.0,0.9478060181641274]
[90385,90382,1.0,0.9730183635509508]
[55536,55533,1.0,0.9926278674655746]
[5646,5643,1.0,0.9658987988295746]
[38018,38015,1.0,0.974969007867926]
[106323,106317,1.0,0.9895977645477224]
[106323,106320,1.0,0.8862670473688532]
[106320,106317,1.0,0.9529124974168981]
[36086,36083,1.0,0.9952227536000962]
[26163,9122,1.0,0.916041052121545]
[8110,8107,1.0,0.9634260068966812]
[8110,8101,1.0,0.9555746748870108]
[36095,36086,1.0,0.9911457621988602]
[36095,36083,1.0,0.9911457621988602]
[36095,36092,1.0,0.9711679797120064]
[36095,36089,1.0,0.9618216518312674]
[9122,8030,1.0,0.49163668140488465]
[37370,37364,1.0,0.9904170844565569]
[37370,37367,1.0,0.9870306352331276]
[36092,36086,1.0,0.982808633418111]
[36092,36083,1.0,0.982808633418111]
[36092,36089,1.0,0.9321399638059022]
[20856,20853,1.0,0.990515878461667]
[20862,20856,1.0,0.9356001161371553]
[20862,20853,1.0,0.9636537268426035]
[20862,20859,1.0,0.961407111870126]
[8107,8101,1.0,0.993833290446873]
[20859,20856,1.0,0.9878737638065272]
[20859,20853,1.0,0.99379492272998]
[37367,37364,1.0,0.9934197647450789]
[20865,10989,1.0,0.4457651450069366]
[20865,20856,1.0,0.948943014561595]
[20865,20862,1.0,0.9155944590301957]
[20865,20853,1.0,0.9700561771735762]
[20865,20859,1.0,0.9619055436369304]
[109677,20865,1.0,0.43277376442826515]
[123253,123250,1.0,0.9592215981415912]
[36089,36086,1.0,0.9766577878166087]
[36089,36083,1.0,0.9766577878166087]
[58399,13850,1.0,0.5249439555006955]
[49705,49702,1.0,0.9518413821172134]
[18391,18388,1.0,0.9750338468238549]
[77569,77563,1.0,0.9874899461697841]
[104379,64085,1.0,0.4066171887614114]
[64085,50470,1.0,0.4687182742078797]
[64085,18403,1.0,0.43859640923245924]
[72368,64085,1.0,0.4624020853841285]
[85284,64085,1.0,0.44150680442079515]
[108054,12968,1.0,0.5101113946757814]
[108054,64085,1.0,0.41645522271114227]
[104412,64085,1.0,0.4850818610244038]
[119397,64085,1.0,0.4659095560372809]
[93421,64085,1.0,0.556702190544263]
[86677,86671,1.0,0.9927742648919292]
[86677,86674,1.0,0.9091112249757722]
[99769,64085,1.0,0.6190845851777936]
[86674,86671,1.0,0.9655552284870516]
[99775,64085,1.0,0.6190845851777936]
[99775,99769,1.0,0.9922323843947127]
[10261,10255,1.0,0.9952227536000962]
[10261,10258,1.0,0.9730797021693018]
[60433,58316,1.0,0.40515563695729756]
[10258,10255,1.0,0.9920433485855384]
[16070,16067,1.0,0.9919839916101322]
[56027,56024,1.0,0.9856088768144291]
[78271,3148,1.0,0.5650134153345622]
[56030,56027,1.0,0.977373357726393]
[56030,56024,1.0,0.9952227536000962]
[58884,58881,1.0,0.9877726362494229]
[55926,55923,1.0,0.9916975038550923]
[83150,3148,1.0,0.4855756887100868]
[96972,82962,1.0,0.5068358754150993]
[129913,96972,1.0,0.5362266049890267]
[21505,21502,1.0,0.9323181625160155]
[32742,32736,1.0,0.9446189250369551]
[32742,32739,1.0,0.903254621041443]
[32748,32742,1.0,0.9937353308824888]
[32748,32736,1.0,0.9952227536000962]
[32748,32745,1.0,0.994342093446844]
[32748,32739,1.0,0.9878560879954705]
[120669,70997,1.0,0.42441545898182675]
[81082,32748,1.0,0.44229734718026764]
[81082,31199,1.0,0.4515449443852194]
[77763,77760,1.0,0.9693956280531232]
[123490,123487,1.0,0.9911788279539403]
[129384,124075,1.0,0.4589760916289638]
[45834,45828,1.0,0.8593156197492018]
[45834,45831,1.0,0.7437975498160448]
[57552,32748,1.0,0.4931492331680796]
[67208,57552,1.0,0.5410114722477212]
[114633,12634,1.0,0.5104859346666946]
[114633,70997,1.0,0.4058866409461571]
[114633,72701,1.0,0.4488399990150249]
[106974,96972,1.0,0.5466341998578854]
[106974,44164,1.0,0.41455748811943]
[32745,32742,1.0,0.9368717199180164]
[32745,32736,1.0,0.994342093446844]
[32745,32739,1.0,0.9857634964165118]
[45811,45808,1.0,0.9900550017841069]
[124075,81082,1.0,0.46965942959605844]
[124075,57552,1.0,0.43544827526541136]
[124075,11732,1.0,0.41873272096022846]
[124075,42551,1.0,0.6290403952959625]
[42551,42542,1.0,0.9874882310208049]
[42551,42545,1.0,0.9799437640495154]
[32751,32742,1.0,0.937851374164467]
[32751,32748,1.0,0.9952227536000962]
[32751,32736,1.0,0.9608369014445782]
[32751,32745,1.0,0.9552355325153871]
[32751,32739,1.0,0.9209824749306299]
[45831,45828,1.0,0.9803580253151184]
[79773,79770,1.0,0.5076730048841904]
[42545,42542,1.0,0.9875217042457559]
[79776,79770,1.0,0.9248529885798776]
[21508,21505,1.0,0.8870588795718765]
[21508,21502,1.0,0.9900850340350941]
[31199,11732,1.0,0.5634219044951794]
[131433,129913,1.0,0.5476924529603768]
[32739,32736,1.0,0.9878560879954705]
[61825,61822,1.0,0.98652096718269]
[58329,58326,1.0,0.9952227536000962]
[99637,99634,1.0,0.9606767309731729]
[125845,125842,1.0,0.9927543544888627]
[125845,125839,1.0,0.9952227536000962]
[125842,125839,1.0,0.9927543544888627]
[125842,96232,1.0,0.4226235508759889]
[125848,125845,1.0,0.9952227536000962]
[125848,125842,1.0,0.9927543544888627]
[125848,125839,1.0,0.9907453314477414]
[125851,125845,1.0,0.9812727852664089]
[125851,125842,1.0,0.9900149184524669]
[125851,125839,1.0,0.9659932310135588]
[125851,125848,1.0,0.940561625263293]
[54388,54385,1.0,0.9877726362494229]
[61813,61807,1.0,0.9889312355800445]
[61813,61810,1.0,0.8779871154677187]
[61810,61807,1.0,0.972795908202352]
[54391,54388,1.0,0.4270928852744196]
[54391,54385,1.0,0.4743128051691481]
[72590,72587,1.0,0.8057709530596774]
[72593,72587,1.0,0.9911954682750598]
[72593,72590,1.0,0.7301650816493173]
[62131,20207,1.0,0.4355706472287053]
[62131,60749,1.0,0.44685562430857584]
[39216,39213,1.0,0.9841046583050076]
[39216,39210,1.0,0.9926952045946864]
[39213,39210,1.0,0.9892984586536931]
[109582,109576,1.0,0.9934555382799869]
[97276,97267,1.0,0.9917607956043203]
[97276,97270,1.0,0.9504401072187592]
[107923,57234,1.0,0.4234561402339768]
[97270,97267,1.0,0.9324430769090722]
[78334,59879,1.0,0.518301116737216]
[59879,37984,1.0,0.5304325901371595]
[18612,18606,1.0,0.9941716939815701]
[45895,45892,1.0,0.97979079996411]
[45895,10846,1.0,0.40797687602881993]
[19588,19582,1.0,0.9859213512320127]
[19588,19585,1.0,0.9859213512320127]
[30039,30036,1.0,0.46440855879368553]
[30039,30033,1.0,0.9588326540009401]
[30036,30033,1.0,0.6856915615074632]
[19585,19582,1.0,0.9952227536000962]
[130120,22829,1.0,0.6330453558655007]
[130120,22826,1.0,0.6330453558655007]
[22829,22826,1.0,0.9952227536000962]
[40514,33945,1.0,0.5267021778111463]
[86371,33945,1.0,0.492033215564602]
[74341,74338,1.0,0.9952227536000962]
[116100,116097,1.0,0.9884433835933875]
[23764,23761,1.0,0.7471997655859229]
[116103,116097,1.0,0.9901844355388768]
[116103,116100,1.0,0.986731418986443]
[83718,77328,1.0,0.5756049911574141]
[41577,23883,1.0,0.45987861412573816]
[84901,84898,1.0,0.9713252380070084]
[32343,32340,1.0,0.6672832930662188]
[32343,32337,1.0,0.8566891397646361]
[67148,67139,1.0,0.905926807721944]
[67148,67142,1.0,0.7898539056502382]
[32340,32337,1.0,0.9890398481420988]
[77328,53448,1.0,0.5122114517086196]
[77328,62562,1.0,0.4382119457774253]
[77328,17597,1.0,0.4190529742424064]
[77328,23883,1.0,0.4444507481734745]
[50402,17597,1.0,0.4486413258020109]
[50402,23883,1.0,0.4264766771709663]
[62562,41577,1.0,0.872489352408105]
[62562,50402,1.0,0.7695067106983039]
[62562,42341,1.0,0.44832762551871375]
[17594,17591,1.0,0.9792503998514104]
[17597,17591,1.0,0.9850326771710077]
[17597,17594,1.0,0.955246147566909]
[23770,23764,1.0,0.41343096876428764]
[23770,23761,1.0,0.9274819468489744]
[42341,23883,1.0,0.4662933325660068]
[67142,67139,1.0,0.9892472898460123]
[74774,23883,1.0,0.4896006302182668]
[64659,35564,1.0,0.4462770908539587]
[80388,80385,1.0,0.9840130830510198]
[80388,80382,1.0,0.9840130830510198]
[663,657,1.0,0.9734545561005082]
[663,660,1.0,0.9591351441539872]
[110577,35564,1.0,0.4077337339138286]
[117121,35564,1.0,0.4663438107755843]
[666,657,1.0,0.9877726362494229]
[666,663,1.0,0.946880499322721]
[666,660,1.0,0.9810719429273466]
[669,657,1.0,0.9686472758077517]
[669,663,1.0,0.9941986443928]
[669,666,1.0,0.9386267587766176]
[669,660,1.0,0.9520547697631911]
[80385,80382,1.0,0.9925229512934376]
[86865,86862,1.0,0.6542313198425485]
[86865,86859,1.0,0.9502021216395269]
[56223,35564,1.0,0.4704461913928299]
[128836,66330,1.0,0.5738445842307955]
[129276,30016,1.0,0.7997696356123425]
[129276,43729,1.0,0.45761510861425]
[129276,35561,1.0,0.7700940160953849]
[129276,35564,1.0,0.7598780080257552]
[110932,35564,1.0,0.4104995364008048]
[86862,86859,1.0,0.9048107494949035]
[116122,35564,1.0,0.46479962118914153]
[74771,74765,1.0,0.9639297377006288]
[660,657,1.0,0.992032811459589]
[43729,30016,1.0,0.41019154044171735]
[43729,35561,1.0,0.48910268577257465]
[43729,35564,1.0,0.8490083251366219]
[35564,11343,1.0,0.4151647096587797]
[35564,30016,1.0,0.743263717426311]
[35564,29542,1.0,0.484793543534882]
[35564,5000,1.0,0.4441922974190144]
[35564,26666,1.0,0.4622999087771936]
[35564,35561,1.0,0.9945658729539499]
[66538,66535,1.0,0.8778792105955643]
[66538,66529,1.0,0.9304493026756964]
[66538,66532,1.0,0.5207773479004965]
[120997,12855,1.0,0.4671491471947172]
[11128,11122,1.0,0.8196056264937667]
[11128,11125,1.0,0.9377813683253589]
[11128,11119,1.0,0.9563496759478498]
[66535,66529,1.0,0.9901918127542898]
[66535,66532,1.0,0.9588609150458549]
[33187,33184,1.0,0.9880519795818141]
[11122,11119,1.0,0.9503674572248609]
[6291,6285,1.0,0.9936282955531263]
[66532,66529,1.0,0.9887701735065435]
[11125,11122,1.0,0.9571333683565307]
[11125,11119,1.0,0.9925468645354409]
[87823,449,1.0,0.48466712734233003]
[89941,449,1.0,0.46878229933126286]
[89941,87823,1.0,0.4464301277646797]
[43312,43309,1.0,0.9597160351211459]
[106993,106990,1.0,0.979215008974432]
[106996,106993,1.0,0.8819395173585424]
[106996,106990,1.0,0.9666485519130241]
[45597,45588,1.0,0.9909728179801929]
[45597,45594,1.0,0.9909728179801929]
[45597,45591,1.0,0.9829730339648122]
[84758,84755,1.0,0.9952227536000962]
[84758,2110,1.0,0.4320005709466995]
[45594,45588,1.0,0.9933607062578763]
[45594,45591,1.0,0.9871839901426746]
[45591,45588,1.0,0.9905564682541387]
[94429,94426,1.0,0.989600274614173]
[89411,1012,1.0,0.43043570746620985]
[89411,10596,1.0,0.5820326771463334]
[89411,67865,1.0,0.4731962549062094]
[89411,69917,1.0,0.5747659609454719]
[68220,56913,1.0,0.5053569797859622]
[18969,18963,1.0,0.9863067055657736]
[18969,18966,1.0,0.8730747819970957]
[115467,46880,1.0,0.4023776040977157]
[39429,6102,1.0,0.4705346402365239]
[70233,60256,1.0,0.46134740099895616]
[70233,70230,1.0,0.992027507945239]
[20289,20286,1.0,0.959063619661593]
[15539,14261,1.0,0.5258472358547056]
[15539,10596,1.0,0.5462463235436135]
[95653,54991,1.0,0.621639223984741]
[70236,5005,1.0,0.41956513673179563]
[70236,70233,1.0,0.987207945243293]
[70236,70230,1.0,0.9875217042457559]
[70236,5014,1.0,0.48294047908254206]
[117777,64691,1.0,0.5733277310913623]
[117777,6102,1.0,0.4190642058778988]
[58985,12886,1.0,0.47021888149215757]
[97138,64691,1.0,0.5435453791510552]
[60256,56913,1.0,0.45991750060820424]
[79249,79243,1.0,0.9914057818675445]
[44615,44606,1.0,0.9773252656734503]
[44615,44612,1.0,0.9330337547696328]
[17807,17801,1.0,0.9747422411997438]
[44612,44606,1.0,0.980740787234808]
[117832,12886,1.0,0.4562583074599799]
[20298,20289,1.0,0.9823370458416372]
[20298,20286,1.0,0.9926258435128178]
[20298,20295,1.0,0.9811133113228154]
[12886,7107,1.0,0.4073165636547157]
[12886,12883,1.0,0.988848171392966]
[12886,5014,1.0,0.4024867385962965]
[28481,12886,1.0,0.45168369645217105]
[70230,60256,1.0,0.46926244224786856]
[5014,5005,1.0,0.9700365013346037]
[90053,89935,1.0,0.4385932655994991]
[131713,61586,1.0,0.40156949732316716]
[46880,5005,1.0,0.4343311825371447]
[46880,5014,1.0,0.48282453231639366]
[46880,11770,1.0,0.6356014423662871]
[20295,20289,1.0,0.9693105625708863]
[20295,20286,1.0,0.9871687062635666]
[56685,46880,1.0,0.4078588174107227]
[113943,113937,1.0,0.9807333803853243]
[113943,113940,1.0,0.8773845081573328]
[56913,52836,1.0,0.6805984235446578]
[56913,44606,1.0,0.4552796467975153]
[56913,44615,1.0,0.4858185572314463]
[64691,64688,1.0,0.9903459533107182]
[64691,6102,1.0,0.40362249758115554]
[109065,5005,1.0,0.47555447433050935]
[109065,5014,1.0,0.5279473509579936]
[109065,86744,1.0,0.4087521758531796]
[109065,20410,1.0,0.415519306339181]
[112732,5005,1.0,0.45138921520067715]
[112732,5014,1.0,0.42490438417733667]
[18966,18963,1.0,0.9529879925503434]
[61586,5005,1.0,0.4221186540179461]
[61586,5014,1.0,0.43577831216991003]
[61586,11770,1.0,0.46214457682243054]
[96139,12886,1.0,0.44909460210442764]
[89935,5005,1.0,0.5558569603318002]
[89935,5014,1.0,0.5817068369073777]
[91178,31076,1.0,0.4841919050229551]
[7155,5005,1.0,0.4751585243335748]
[7155,5014,1.0,0.5451676943670837]
[113940,113937,1.0,0.9768840119405913]
[4939,4936,1.0,0.9713117604019926]
[128727,128718,1.0,0.9900592205763161]
[128727,128721,1.0,0.5365761035402836]
[128727,128724,1.0,0.9834380661313323]
[22311,22299,1.0,0.9933550320030448]
[100545,100542,1.0,0.9946149626479851]
[8735,8726,1.0,0.9920268580251685]
[8735,8732,1.0,0.9910892206319847]
[128721,128718,1.0,0.5365761035402836]
[29728,16880,1.0,0.4168316188013365]
[128724,128718,1.0,0.9880990650025656]
[128724,128721,1.0,0.4844863253240108]
[8732,8726,1.0,0.9917038292066669]
[8738,8735,1.0,0.927915800203712]
[8738,8726,1.0,0.9452983421080217]
[8738,8732,1.0,0.9452983421080217]
[56963,13071,1.0,0.40744306853775436]
[56960,56954,1.0,0.99075377627112]
[113442,113439,1.0,0.9658224339438717]
[76075,76069,1.0,0.9531823535437309]
[76075,76072,1.0,0.9201435353336065]
[76072,76069,1.0,0.9881485385240691]
[108514,108508,1.0,0.9802525526549444]
[128245,128239,1.0,0.6766580204563322]
[128245,128242,1.0,0.6367785132205069]
[113170,15278,1.0,0.4790982128303235]
[113170,80409,1.0,0.41032229707541573]
[110091,76075,1.0,0.46923235916065087]
[23602,15278,1.0,0.523978315359711]
[128242,128239,1.0,0.9927904021198166]
[127585,99211,1.0,0.41068927427205704]
[83314,48636,1.0,0.42104014187656436]
[121659,83314,1.0,0.7498289333266944]
[99211,48636,1.0,0.4258743245321511]
[53410,48636,1.0,0.5274735393496074]
[111661,43609,1.0,0.43041413362005726]
[43609,1228,1.0,0.5627059633871043]
[99021,51363,1.0,0.5368070444707116]
[53346,53343,1.0,0.9879864505635564]
[83389,1591,1.0,0.5316228627800318]
[111849,111846,1.0,0.9941177397556439]
[95037,60698,1.0,0.4399662224707044]
[95037,1591,1.0,0.44085787726617426]
[48934,48925,1.0,0.9693415254887232]
[48934,48931,1.0,0.9498224155966793]
[72841,72838,1.0,0.9776163724642747]
[72841,72835,1.0,0.9952227536000962]
[97002,84218,1.0,0.4062403114128065]
[97002,34318,1.0,0.4213406071900581]
[48937,48934,1.0,0.8852508668531559]
[48937,48925,1.0,0.978966894279819]
[48937,48931,1.0,0.9646565709994397]
[84218,72841,1.0,0.4178183044607871]
[84218,72847,1.0,0.4178183044607871]
[72838,72835,1.0,0.9776163724642747]
[99937,97002,1.0,0.4255898686571808]
[109791,48937,1.0,0.5430047932607903]
[109791,84218,1.0,0.5083445623896016]
[48931,48925,1.0,0.975425356787025]
[72847,72841,1.0,0.9952227536000962]
[72847,72838,1.0,0.9776163724642747]
[72847,72835,1.0,0.9952227536000962]
[48016,48013,1.0,0.9944393446098015]
[48019,48013,1.0,0.9856459468818286]
[48019,48016,1.0,0.9817738322940079]
[29396,29390,1.0,0.9952227536000962]
[29396,29393,1.0,0.9929984661036967]
[73271,73268,1.0,0.9922323843947127]
[37994,37988,1.0,0.9952227536000962]
[37994,37991,1.0,0.9793256244360165]
[252,249,1.0,0.972838857325248]
[29393,29390,1.0,0.9929984661036967]
[37991,37988,1.0,0.9718436094656768]
[73274,73268,1.0,0.9887253475865077]
[73274,73271,1.0,0.9803186950335949]
[73644,73638,1.0,0.993386613593774]
[73644,73641,1.0,0.993386613593774]
[73641,73638,1.0,0.9952227536000962]
[30460,6440,1.0,0.7387649269948678]
[6440,6437,1.0,0.9919031889112758]
[92205,6440,1.0,0.6605681612970051]
[92205,92202,1.0,0.9825119781444305]
[110323,6440,1.0,0.7384485188754385]
[65560,6440,1.0,0.6707202095961163]
[6443,6440,1.0,0.9875429480696808]
[6443,6437,1.0,0.9881677826624302]
[92202,6440,1.0,0.6605681612970051]
[24057,6440,1.0,0.7799632624358953]
[65513,6440,1.0,0.6147326688746678]
[22532,6440,1.0,0.6433842750045308]
[95923,6440,1.0,0.63984962736328]
[111715,6440,1.0,0.6903531295316988]
[55479,6440,1.0,0.6953333751837507]
[24060,6440,1.0,0.7799632624358953]
[24060,24057,1.0,0.9940652748684415]
[121818,6440,1.0,0.6549036890120944]
[115771,6440,1.0,0.8071995077202273]
[111909,111906,1.0,0.9947030106268565]
[91922,6440,1.0,0.6921995648182717]
[18144,6440,1.0,0.624081718437693]
[106680,6440,1.0,0.4734937887675276]
[24777,6440,1.0,0.5857409495320087]
[105574,6440,1.0,0.5402871252004401]
[105574,24057,1.0,0.436554785935091]
[105574,24060,1.0,0.436554785935091]
[33389,6440,1.0,0.6096035995738068]
[92208,6440,1.0,0.6501812132932401]
[92208,92205,1.0,0.9138830610968666]
[92208,92202,1.0,0.9902913432757028]
[83268,6440,1.0,0.6745067615509999]
[33508,6440,1.0,0.6613079898577492]
[113671,6440,1.0,0.7135268092162543]
