[15654,15645,1.0,0.7947442393300941]
[31101,31095,1.0,0.9904184337670737]
[31101,31092,1.0,0.9904184337670737]
[31101,31098,1.0,0.9170675348446946]
[31095,31092,1.0,0.9952227536000962]
[31098,31095,1.0,0.9747776671125167]
[31098,31092,1.0,0.9392174534177089]
[127606,127603,1.0,0.9904206127318856]
[53516,53513,1.0,0.46779546191223986]
[1995,1989,1.0,0.811676235164144]
[1995,1992,1.0,0.6875677171991379]
[53750,22363,1.0,0.7584402741709261]
[81918,81915,1.0,0.9946149626479851]
[54409,22363,1.0,0.5143432851204774]
[122086,122083,1.0,0.9946572280446236]
[1992,1989,1.0,0.9673681309684957]
[22363,1992,1.0,0.7188829454084965]
[81924,81918,1.0,0.9897743510425746]
[81924,81915,1.0,0.9909728179801929]
[81924,81921,1.0,0.9925269385572395]
[81921,81918,1.0,0.9911438416263364]
[81921,81915,1.0,0.9916940762601364]
[96040,96037,1.0,0.993172515220938]
[126334,126328,1.0,0.993172515220938]
[74457,72086,1.0,0.5043365710161332]
[96043,96037,1.0,0.992697108994309]
[96043,96040,1.0,0.986607908340121]
[31363,25095,1.0,0.48484465077930505]
[129315,85435,1.0,0.5257217258079064]
[103216,82454,1.0,0.6400857917095503]
[109639,109636,1.0,0.9901918127542898]
[82454,80193,1.0,0.4612440339853016]
[25095,261,1.0,0.4253400997361386]
[25095,21202,1.0,0.44240670895086587]
[261,258,1.0,0.9732249009003453]
[83113,78654,1.0,0.4348397204141537]
[47528,25095,1.0,0.49621313180506443]
[31713,31710,1.0,0.9845821036456144]
[36987,25095,1.0,0.40247287091334083]
[36987,23406,1.0,0.5553163599343625]
[36987,25469,1.0,0.4511664243718504]
[103387,103384,1.0,0.9754834930132598]
[65051,261,1.0,0.48562738199803934]
[80193,31363,1.0,0.42944145548078066]
[80193,261,1.0,0.5156884442961914]
[80193,36987,1.0,0.46051465349376186]
[87308,25095,1.0,0.5330704586668373]
[56220,36987,1.0,0.44831859297152676]
[264,261,1.0,0.8507938459102093]
[84409,78654,1.0,0.4396178652472263]
[106470,25095,1.0,0.5729201858576958]
[106470,80193,1.0,0.43121628698288744]
[78654,70763,1.0,0.5055552997605626]
[78654,41697,1.0,0.41061807569495173]
[78654,261,1.0,0.5408129032005357]
[78654,36987,1.0,0.5001049061185809]
[78654,21202,1.0,0.4108534017429574]
[31716,31713,1.0,0.9815683199269835]
[31716,31710,1.0,0.9866764941785562]
[129229,78654,1.0,0.42048055002776535]
[90409,90406,1.0,0.993318996418406]
[109642,109639,1.0,0.9833329194397412]
[109642,109636,1.0,0.9917009070524053]
[109645,109639,1.0,0.9248496182360102]
[109645,109636,1.0,0.9592395221119095]
[109645,109642,1.0,0.9580481521819798]
[85435,25095,1.0,0.5876150753078601]
[61933,16380,1.0,0.44948485496383717]
[105504,104581,1.0,0.45636921028663646]
[105507,105504,1.0,0.9952227536000962]
[105507,104581,1.0,0.45636921028663646]
[105510,105504,1.0,0.9905232350886644]
[105510,105507,1.0,0.9905232350886644]
[105510,104581,1.0,0.425401163110352]
[29492,16380,1.0,0.4864859052852809]
[97606,97603,1.0,0.9629528662684823]
[97606,97600,1.0,0.9801391039909807]
[97609,97606,1.0,0.9827145855799396]
[97609,97603,1.0,0.9747747980408717]
[97609,97600,1.0,0.9868451309766241]
[97603,97600,1.0,0.9902913432757028]
[34333,34321,1.0,0.9299742855467058]
[34333,34327,1.0,0.4556685051265337]
[34327,34321,1.0,0.9151207454251493]
[121023,121020,1.0,0.988848171392966]
[121023,38352,1.0,0.41791949629930963]
[121020,38352,1.0,0.41791949629930963]
[35301,35295,1.0,0.9852473946591458]
[35301,35298,1.0,0.9852473946591458]
[35298,35295,1.0,0.9952227536000962]
[121026,121023,1.0,0.9839272025345613]
[121026,121020,1.0,0.9766448240112781]
[36201,36195,1.0,0.9893478217235995]
[36201,36192,1.0,0.9902475773806295]
[36195,36192,1.0,0.9919839916101322]
[117069,78728,1.0,0.5792058956015993]
[117069,78731,1.0,0.5792058956015993]
[78728,68726,1.0,0.45065110687030113]
[78728,27060,1.0,0.5057995784716274]
[78728,64263,1.0,0.6759632689083988]
[78728,77233,1.0,0.5199263924314286]
[78731,68726,1.0,0.45065110687030113]
[78731,78728,1.0,0.9940729681818329]
[78731,27060,1.0,0.5057995784716274]
[78731,64263,1.0,0.6759632689083988]
[78731,77233,1.0,0.5199263924314286]
[37781,26732,1.0,0.516325260015279]
[37781,13897,1.0,0.41300997070074313]
[37781,24134,1.0,0.40952105700934566]
[37784,37781,1.0,0.9867105992996593]
[109491,58599,1.0,0.4051136574726408]
[51109,51100,1.0,0.988413682643911]
[51109,51106,1.0,0.974217575158769]
[51109,51103,1.0,0.9276321702767423]
[51106,51100,1.0,0.9877726362494229]
[51106,51103,1.0,0.9323100062392567]
[30718,30712,1.0,0.9788582820890339]
[30718,30715,1.0,0.9767061815737162]
[105262,105256,1.0,0.9780415123048463]
[37787,37781,1.0,0.9718256422885176]
[37787,37784,1.0,0.9643839424580831]
[37787,13897,1.0,0.4273552092142075]
[37787,24134,1.0,0.40115552027301915]
[40673,12586,1.0,0.42330486890734065]
[24134,24131,1.0,0.9793377408663543]
[30715,30712,1.0,0.992401980840966]
[51103,51100,1.0,0.9650951989786689]
[105265,105262,1.0,0.9810495812398191]
[105265,105256,1.0,0.9952227536000962]
[121477,121471,1.0,0.9891356835907431]
[121477,121474,1.0,0.6613462225818006]
[65869,33947,1.0,0.44427276235338875]
[121480,121471,1.0,0.9952227536000962]
[121480,121477,1.0,0.9952227536000962]
[121480,121474,1.0,0.9748075221959943]
[121474,121471,1.0,0.6613462225818006]
[121483,121471,1.0,0.9952227536000962]
[121483,121477,1.0,0.9891356835907431]
[121483,121480,1.0,0.9952227536000962]
[121483,121474,1.0,0.6613462225818006]
[21083,21080,1.0,0.9888148317528968]
[77496,44324,1.0,0.4376986131690592]
[54839,44324,1.0,0.4694892104954903]
[99466,99463,1.0,0.9916928888813668]
[40927,37027,1.0,0.46588085903277127]
[66053,44324,1.0,0.44758982949919346]
[83005,37027,1.0,0.44802145443550373]
[103789,37027,1.0,0.4898216050879929]
[37027,7417,1.0,0.5100483639526964]
[37027,19126,1.0,0.41322763255545836]
[37027,439,1.0,0.5405383555874709]
[37027,32770,1.0,0.4805525198406947]
[111840,111837,1.0,0.9952227536000962]
[111840,111834,1.0,0.9952227536000962]
[111840,23874,1.0,0.70400125557683]
[41885,23874,1.0,0.5900531552735426]
[111837,111834,1.0,0.976384759865926]
[117042,117033,1.0,0.9921471266607758]
[117042,117036,1.0,0.9870581014264924]
[117042,117039,1.0,0.9921471266607758]
[61734,61731,1.0,0.9919839916101322]
[77163,61734,1.0,0.47819787921163487]
[117036,48811,1.0,0.617293111985452]
[117036,117033,1.0,0.9918484705620987]
[117039,117033,1.0,0.9952227536000962]
[117039,117036,1.0,0.9890238097364569]
[29330,29327,1.0,0.9952227536000962]
[52099,52096,1.0,0.9908816929606714]
[52099,52093,1.0,0.9946149626479851]
[52096,52093,1.0,0.9897904357059157]
[126054,126051,1.0,0.9952227536000962]
[126057,126054,1.0,0.9952227536000962]
[126057,126051,1.0,0.9952227536000962]
[113898,93979,1.0,0.47457758770848696]
[132085,93979,1.0,0.44851003888723784]
[132085,130540,1.0,0.457697828636258]
[78512,78509,1.0,0.824192857971402]
[78515,78512,1.0,0.7535245438234704]
[78515,78509,1.0,0.9634693502869517]
[17994,17991,1.0,0.9894240326064939]
[17997,17994,1.0,0.9717507341353678]
[17997,17991,1.0,0.9834639667405627]
[18901,18898,1.0,0.9944660782509854]
[129367,15253,1.0,0.42345719988981095]
[129367,126730,1.0,0.6044007258307731]
[17991,15242,1.0,0.45665339523785486]
[14549,14546,1.0,0.9952227536000962]
[68784,9008,1.0,0.4400288984114152]
[21653,21650,1.0,0.9940614722313001]
[129465,129462,1.0,0.9161581311857117]
[21656,21650,1.0,0.9930676807585843]
[21656,21653,1.0,0.99147482611896]
[34304,13100,1.0,0.5041997468129242]
[34304,9008,1.0,0.44833154495606725]
[34304,14549,1.0,0.49780721746802764]
[34304,14546,1.0,0.49780721746802764]
[129471,129465,1.0,0.4955983994412775]
[129471,129462,1.0,0.7842488210702685]
[97327,97324,1.0,0.834455265133115]
[97327,97321,1.0,0.834455265133115]
[41786,5697,1.0,0.5265124627907671]
[41786,2855,1.0,0.4581008643096003]
[21886,2855,1.0,0.40265388530080914]
[97324,97321,1.0,0.9877726362494229]
[97330,97327,1.0,0.8253558162865722]
[97330,97324,1.0,0.9867314106064181]
[97330,97321,1.0,0.9948031445632672]
[35928,35925,1.0,0.9769241665421942]
[109476,109473,1.0,0.9945658731879131]
[21265,21262,1.0,0.9937353308824888]
[69578,43270,1.0,0.4468096647064506]
[13383,13380,1.0,0.956006625128414]
[52164,52161,1.0,0.9416564533838938]
[52164,52155,1.0,0.9884431207008226]
[52161,52155,1.0,0.9723698056811592]
[40343,40340,1.0,0.9886946608162783]
[80117,80114,1.0,0.9880884087927551]
[8075,8066,1.0,0.971339794567375]
[8075,8072,1.0,0.9331449404347689]
[8075,8069,1.0,0.9706773950730199]
[48865,48862,1.0,0.944393042416084]
[48865,48853,1.0,0.988638323943517]
[48865,48859,1.0,0.588222233634938]
[48865,48856,1.0,0.973078899384972]
[82656,52756,1.0,0.4967498425850875]
[131530,131527,1.0,0.9891401150707955]
[133041,133038,1.0,0.9575545013388052]
[133041,133035,1.0,0.9883328795308752]
[48862,48853,1.0,0.9868713260833785]
[48862,48859,1.0,0.5051272675095894]
[48862,48856,1.0,0.9707765505976994]
[74380,28902,1.0,0.5446087382921583]
[8072,8066,1.0,0.9265732682788186]
[8072,8069,1.0,0.9310060480655463]
[48868,48865,1.0,0.9664551812213047]
[48868,48862,1.0,0.9747963702560428]
[48868,48853,1.0,0.9937075242077098]
[48868,48859,1.0,0.6123483657275915]
[48868,48856,1.0,0.9842441661988998]
[133038,133035,1.0,0.9619004021534963]
[8069,8066,1.0,0.99133259848331]
[48859,48853,1.0,0.5522747458158753]
[48859,48856,1.0,0.4573077563317643]
[112722,98221,1.0,0.4269863998479556]
[115942,26367,1.0,0.708761004270309]
[79829,79826,1.0,0.9853583434873738]
[88464,48081,1.0,0.4982930869054183]
[48856,48853,1.0,0.9877726362494229]
[79832,79826,1.0,0.9781535937694695]
[79832,79829,1.0,0.9725624330022277]
[40525,2840,1.0,0.47138374592151694]
[62193,62190,1.0,0.967540379333285]
[110797,110791,1.0,0.9884977465392617]
[110797,110788,1.0,0.97427485306968]
[70151,2840,1.0,0.6605947314464234]
[110791,110788,1.0,0.9394262151552171]
[20506,20503,1.0,0.9664064919464483]
[102211,1686,1.0,0.5480982492756158]
[61279,61276,1.0,0.9952227536000962]
[112881,112872,1.0,0.9949785116292866]
[112881,112878,1.0,0.9559767376510719]
[112881,112875,1.0,0.9902442819129377]
[123897,105346,1.0,0.422535201280775]
[60289,60286,1.0,0.748839343488645]
[112884,112881,1.0,0.9742351472035806]
[112884,112872,1.0,0.9677409808387419]
[112884,112878,1.0,0.9344116769017624]
[112884,112875,1.0,0.9403886854334852]
[27885,27882,1.0,0.5276429030967497]
[27885,27879,1.0,0.6280682518246087]
[61285,61279,1.0,0.8303573154252953]
[61285,61276,1.0,0.8303573154252953]
[61285,61282,1.0,0.8439004333648568]
[60292,60289,1.0,0.676194098197482]
[60292,60286,1.0,0.9952227536000962]
[61282,61279,1.0,0.9842824184182096]
[61282,61276,1.0,0.9842824184182096]
[27882,27879,1.0,0.9877726362494229]
[105346,61279,1.0,0.464582750657404]
[105346,86340,1.0,0.40216614567712516]
[60295,60289,1.0,0.5925841388958369]
[60295,60292,1.0,0.985594692883756]
[60295,60286,1.0,0.985594692883756]
[112878,112872,1.0,0.9514475904544246]
[112878,112875,1.0,0.9416829233451506]
[105553,105346,1.0,0.4460238933412426]
[112875,112872,1.0,0.9849299895306107]
[30607,21774,1.0,0.4354393623612499]
[30607,30604,1.0,0.9952227536000962]
[116230,116227,1.0,0.9935984550995025]
[30613,30607,1.0,0.9952227536000962]
[30613,30610,1.0,0.9860549448107978]
[30613,30604,1.0,0.9877726362494229]
[103642,83452,1.0,0.44358828438464215]
[30610,30607,1.0,0.9944743997530586]
[30610,30604,1.0,0.9944743997530586]
[30604,21774,1.0,0.43486079598765504]
[92775,23148,1.0,0.45100669478839506]
[64734,23148,1.0,0.5639876105319593]
[28945,28942,1.0,0.9952227536000962]
[28945,23148,1.0,0.5019479057984807]
[105303,23148,1.0,0.4168936891011583]
[55092,23148,1.0,0.4211008736293838]
[66096,23148,1.0,0.7630241574706347]
[66096,5529,1.0,0.4954129906220994]
[110149,23148,1.0,0.4879940842711163]
[40856,23148,1.0,0.41360330011835134]
[93960,23148,1.0,0.6107873550291818]
[93960,93954,1.0,0.7711332622369432]
[93960,93951,1.0,0.7496048033611507]
[93960,93957,1.0,0.7496048033611507]
[116946,23148,1.0,0.5428803296925961]
[28942,23148,1.0,0.5019479057984807]
[23148,21217,1.0,0.42240494697344844]
[23148,5529,1.0,0.612613598941626]
[23148,5532,1.0,0.5465983783838255]
[23148,23128,1.0,0.45563657273563063]
[23148,21396,1.0,0.4898061118006625]
[23148,5526,1.0,0.6074655834919857]
[23148,23145,1.0,0.9930676807585843]
[93954,23148,1.0,0.7071028661778835]
[93954,93951,1.0,0.9924017095683199]
[5529,5526,1.0,0.9905496488699075]
[5532,5529,1.0,0.9560548918012901]
[5532,5526,1.0,0.9312650227798273]
[106224,23148,1.0,0.6937429864764264]
[35419,23148,1.0,0.5570119881413943]
[28948,28945,1.0,0.9941373313217248]
[28948,28942,1.0,0.9941373313217248]
[28948,23148,1.0,0.4807229377550505]
[54882,23148,1.0,0.5318747238932484]
[23151,23148,1.0,0.9888948599553947]
[23151,5529,1.0,0.5519526595447151]
[23151,23145,1.0,0.9921651096833183]
[49869,23148,1.0,0.6113463619600117]
[108570,23148,1.0,0.41884250134015255]
[114397,23148,1.0,0.5539918776235179]
[23145,5529,1.0,0.6075861475346676]
[93951,23148,1.0,0.7071028661778835]
[39974,23148,1.0,0.5350470350864532]
[39974,5529,1.0,0.40339904943751287]
[39974,37335,1.0,0.6101727803777919]
[93957,23148,1.0,0.7071028661778835]
[93957,93954,1.0,0.9924017095683199]
[93957,93951,1.0,0.9952227536000962]
[93963,66096,1.0,0.6670392966528371]
[93963,93960,1.0,0.8992147664718758]
[93963,23148,1.0,0.6185112340198062]
[93963,93954,1.0,0.9731428449544793]
[93963,23151,1.0,0.6066920329440817]
[93963,23145,1.0,0.6066920329440817]
[93963,93951,1.0,0.9731428449544793]
[93963,39974,1.0,0.5710936413198721]
[93963,93957,1.0,0.9731428449544793]
[127645,23148,1.0,0.5904385473133063]
[37335,28945,1.0,0.49315635961727133]
[37335,28942,1.0,0.49315635961727133]
[37335,28948,1.0,0.49315635961727133]
[52638,23148,1.0,0.6341065064722043]
[60486,30573,1.0,0.45901520590353]
[120535,120529,1.0,0.9838038139378517]
[120535,120532,1.0,0.9712623234165032]
[4390,4387,1.0,0.9877726362494229]
[4396,4390,1.0,0.9855261611895154]
[4396,4387,1.0,0.9942417618294649]
[4396,4393,1.0,0.9896572221205445]
[25268,17002,1.0,0.5628733637841357]
[20002,19999,1.0,0.9818497963517954]
[120538,120529,1.0,0.9877726362494229]
[120538,120535,1.0,0.9862793493367807]
[120538,25268,1.0,0.703626683810674]
[120538,120532,1.0,0.9797608061294161]
[116290,30573,1.0,0.4262577491391119]
[52716,30573,1.0,0.6868737554341493]
[29742,25268,1.0,0.47834856293364253]
[104590,52716,1.0,0.6195311502562425]
[104590,30573,1.0,0.7427977592062827]
[120532,120529,1.0,0.9905564682541387]
[67718,58249,1.0,0.40337175473519277]
[63859,25268,1.0,0.4214475897708568]
[4393,4390,1.0,0.9864615863527585]
[4393,4387,1.0,0.9946939993737459]
[30573,16174,1.0,0.42008471755009225]
[130956,4831,1.0,0.4210739757930488]
[130956,48527,1.0,0.4306522239893162]
[17110,3431,1.0,0.4384666962241276]
[17110,17107,1.0,0.9864275230154704]
[78095,3431,1.0,0.42597322081802924]
[78095,48527,1.0,0.4305161534109288]
[4834,4831,1.0,0.9892819917996648]
[4834,3431,1.0,0.42340443989044474]
[107115,107112,1.0,0.9839000811755936]
[57239,57236,1.0,0.9852952983157007]
[101536,3431,1.0,0.5452225604466867]
[101536,48524,1.0,0.5754840070346964]
[101536,48527,1.0,0.5777426575793955]
[48524,4834,1.0,0.4305978638213275]
[48524,4831,1.0,0.4305978638213275]
[48524,4837,1.0,0.4765169843674661]
[57242,17110,1.0,0.40856093633709234]
[57242,57236,1.0,0.98710390705501]
[57242,57239,1.0,0.9628253500659195]
[57242,17107,1.0,0.41489804358264826]
[48527,4834,1.0,0.4223652715930775]
[48527,4831,1.0,0.4223652715930775]
[48527,48524,1.0,0.983398239627443]
[48527,4837,1.0,0.45532486013242934]
[4837,4834,1.0,0.8881418065605129]
[4837,4831,1.0,0.9382917259207437]
[107118,107115,1.0,0.9757352070227586]
[107118,107112,1.0,0.9892568233658665]
[17107,3431,1.0,0.45112713131161625]
[69020,69017,1.0,0.9952227536000962]
[51494,51491,1.0,0.9952227536000962]
[85984,21504,1.0,0.4353082307182494]
[69023,69020,1.0,0.9940528687790091]
[69023,69017,1.0,0.9940528687790091]
[1833,1830,1.0,0.9759906976446774]
[132001,131998,1.0,0.9819805899792428]
[79840,3346,1.0,0.4699761108293151]
[38448,21504,1.0,0.5101814502264289]
[69026,69020,1.0,0.9359051792856184]
[69026,69017,1.0,0.9359051792856184]
[69026,69023,1.0,0.9317935285321244]
[1836,1830,1.0,0.9842302396748989]
[1836,1833,1.0,0.9393764534712152]
[17047,6698,1.0,0.5119520550222644]
[58301,38448,1.0,0.5756757702544301]
[64985,11517,1.0,0.43848375414968005]
[64985,19023,1.0,0.41407883131426926]
[72250,64985,1.0,0.6439131068905254]
[67482,67479,1.0,0.9828269517924563]
[110893,110887,1.0,0.5784068406141372]
[110893,110890,1.0,0.41114436419314404]
[110896,110887,1.0,0.9770506494407395]
[110896,110890,1.0,0.9164571054556009]
[67485,67482,1.0,0.9551129585729676]
[67485,67479,1.0,0.9952227536000962]
[67488,67482,1.0,0.9478713053715828]
[67488,67479,1.0,0.9942129708818666]
[67488,67485,1.0,0.9942129708818666]
[110890,110887,1.0,0.9926278674655746]
[18971,18968,1.0,0.992118598480181]
[69293,69290,1.0,0.9804026789322348]
[34797,10283,1.0,0.4382558185670092]
[70353,70350,1.0,0.9489757203733157]
[70353,70347,1.0,0.9732851228656489]
[70356,70353,1.0,0.980881687287359]
[70356,70350,1.0,0.9847649308567228]
[70356,70347,1.0,0.9906600687411116]
[51605,51602,1.0,0.9571829812155993]
[51605,51599,1.0,0.9798286238679578]
[51602,51599,1.0,0.9938647243311929]
[70359,70353,1.0,0.9825079576078147]
[70359,70356,1.0,0.9793027334288122]
[70359,70350,1.0,0.9929851096138936]
[70359,70347,1.0,0.9952227536000962]
[84976,84973,1.0,0.9933550320030448]
[70350,70347,1.0,0.9706171070807842]
[81668,81665,1.0,0.9807283403975978]
[51608,51605,1.0,0.9781832647821195]
[51608,51602,1.0,0.988119411407836]
[51608,51599,1.0,0.9952227536000962]
[8193,8190,1.0,0.9191361002378369]
[8193,8187,1.0,0.9427009006818405]
[8193,8184,1.0,0.9567130713339097]
[8190,8187,1.0,0.8287027030007574]
[8190,8184,1.0,0.8702874097000471]
[8187,8184,1.0,0.9917268050340596]
[75113,75110,1.0,0.9923958418221456]
[125256,125253,1.0,0.5533981179675493]
[125259,125253,1.0,0.7906655407161184]
[34203,34200,1.0,0.9925099117258945]
[34206,34203,1.0,0.9860774147417681]
[34206,34200,1.0,0.9908954208315063]
[125262,125259,1.0,0.5932783078105529]
[125262,125253,1.0,0.9840130830510198]
[84738,84735,1.0,0.9901983378719058]
[49959,49956,1.0,0.9730755339996741]
[84741,84738,1.0,0.9176872776344571]
[84741,84735,1.0,0.9728539092520662]
[129043,129040,1.0,0.98016042992817]
[129046,129040,1.0,0.9936220614614262]
[129046,129043,1.0,0.9789900624297875]
[84744,84738,1.0,0.9747803235238459]
[84744,84741,1.0,0.9860103715495357]
[84744,84735,1.0,0.9905564682541387]
[49962,49959,1.0,0.8512091883624362]
[49962,49956,1.0,0.956117680133974]
[75840,75834,1.0,0.9952227536000962]
[75840,75831,1.0,0.9952227536000962]
[75840,75837,1.0,0.9952227536000962]
[112051,4627,1.0,0.4808959665092066]
[112051,54945,1.0,0.4062033219825345]
[112051,9180,1.0,0.400651822424066]
[112051,44158,1.0,0.40740067450994805]
[111472,81823,1.0,0.4889682363897742]
[81823,72453,1.0,0.40624229833921843]
[110011,110008,1.0,0.9904184337670737]
[87693,58583,1.0,0.4875565907407211]
[87693,4627,1.0,0.43662867891540974]
[87693,8038,1.0,0.47973664991727244]
[75834,75831,1.0,0.9952227536000962]
[91059,8038,1.0,0.4349462863791586]
[75837,75834,1.0,0.9952227536000962]
[75837,75831,1.0,0.9952227536000962]
[13690,13687,1.0,0.9710264108773716]
[19777,16673,1.0,0.4078448711766308]
[13696,13690,1.0,0.9345783897286343]
[13696,13693,1.0,0.9831336217620026]
[13696,13687,1.0,0.9911970459104418]
[97761,97758,1.0,0.9636550540076417]
[13693,13690,1.0,0.9107311150876229]
[13693,13687,1.0,0.9804878450803755]
[121791,39359,1.0,0.6405412130738204]
[88530,88527,1.0,0.8423432680449584]
[88533,88530,1.0,0.7836774512679646]
[88533,88527,1.0,0.9918468194882358]
[52284,34082,1.0,0.5001917671194893]
[52284,13109,1.0,0.5786809856649539]
[88428,34082,1.0,0.4052867914381671]
[88428,52284,1.0,0.5070172162293213]
[88428,52287,1.0,0.5070172162293213]
[88428,52290,1.0,0.4655820346462219]
[14268,14265,1.0,0.9910691164095538]
[33054,33051,1.0,0.9567130713339097]
[114226,114223,1.0,0.9943950391570788]
[95788,73936,1.0,0.5205420343860951]
[95788,39132,1.0,0.4205408393123909]
[85392,52284,1.0,0.42540658693995353]
[85392,52287,1.0,0.42540658693995353]
[85392,52290,1.0,0.42481668821380636]
[113187,39132,1.0,0.4632289659079236]
[52287,34082,1.0,0.5001917671194893]
[52287,52284,1.0,0.9952227536000962]
[52287,13109,1.0,0.5786809856649539]
[112764,74904,1.0,0.40554988659507646]
[112764,74907,1.0,0.40554988659507646]
[114229,114226,1.0,0.9943950391570788]
[114229,114223,1.0,0.9952227536000962]
[52290,34082,1.0,0.46029261303233476]
[52290,52284,1.0,0.9896889468217371]
[52290,52287,1.0,0.9896889468217371]
[52290,13109,1.0,0.5778408194728233]
[98331,34082,1.0,0.4583936617092864]
[60181,60175,1.0,0.9952227536000962]
[60181,60178,1.0,0.9911457621988602]
[68346,68343,1.0,0.966824582078031]
[14271,14268,1.0,0.8418767158439663]
[14271,14265,1.0,0.9591292701647975]
[74907,74904,1.0,0.990515878461667]
[60178,8284,1.0,0.5599619457672427]
[60178,60175,1.0,0.9911457621988602]
[60178,47255,1.0,0.4214331945009313]
[60178,14271,1.0,0.4031218179087992]
[56427,56424,1.0,0.9739979627805182]
[56427,56421,1.0,0.9917270465590245]
[56424,56421,1.0,0.9842365892721153]
[41868,41862,1.0,0.9926278674655746]
[93449,56430,1.0,0.5231875633274461]
[93449,93443,1.0,0.9893282631088509]
[93449,93446,1.0,0.948568078804381]
[93449,56433,1.0,0.5240304811624032]
[15611,15608,1.0,0.9945194946989725]
[67309,15611,1.0,0.4239383403064002]
[67309,15608,1.0,0.42545257103296763]
[67309,15614,1.0,0.4248394708306429]
[56430,56427,1.0,0.8674464066702461]
[56430,56424,1.0,0.8821067996042098]
[56430,56421,1.0,0.9412469704912834]
[15614,15611,1.0,0.9850395036007892]
[15614,15608,1.0,0.9863707734172142]
[15871,15868,1.0,0.989159985390118]
[15874,15871,1.0,0.964777459850397]
[15874,15868,1.0,0.9761671862753648]
[93443,18638,1.0,0.40159738717977]
[93443,56430,1.0,0.5252326920327955]
[93443,56433,1.0,0.521699298540407]
[93452,93449,1.0,0.9904977397856475]
[93452,93443,1.0,0.9952227536000962]
[93452,93446,1.0,0.9551396053504589]
[20067,20064,1.0,0.9752061741859461]
[93446,18638,1.0,0.40159738717977]
[93446,56430,1.0,0.5252326920327955]
[93446,93443,1.0,0.9551396053504589]
[93446,56433,1.0,0.46582567369068395]
[74064,74061,1.0,0.994754850866769]
[56433,56427,1.0,0.9810013043275104]
[56433,56424,1.0,0.9842365892721153]
[56433,15611,1.0,0.4346146892439118]
[56433,15608,1.0,0.44755215942367077]
[56433,56430,1.0,0.9412469704912834]
[56433,15614,1.0,0.4346146892439118]
[56433,56421,1.0,0.9952227536000962]
[73156,53562,1.0,0.4540590316044851]
[73156,56433,1.0,0.5315281587383966]
[120739,120736,1.0,0.7996679868014449]
[41544,41541,1.0,0.9610475018454118]
[41544,41538,1.0,0.9921512433138557]
[41544,41535,1.0,0.9921512433138557]
[41541,41538,1.0,0.9757125057408461]
[41541,41535,1.0,0.9757125057408461]
[74025,27152,1.0,0.5650255697429758]
[41538,41535,1.0,0.9952227536000962]
[120736,41541,1.0,0.42778107438839685]
[120736,41538,1.0,0.4764159923212347]
[112608,112605,1.0,0.9685863655754957]
[112611,112608,1.0,0.48979054628235397]
[112611,112605,1.0,0.6959945044508689]
[67797,67791,1.0,0.5239488034404949]
[67800,67797,1.0,0.46017032233010646]
[67800,67791,1.0,0.9895147614263562]
[405,402,1.0,0.5996833197118918]
[108381,108378,1.0,0.9952227536000962]
[108384,108378,1.0,0.9072795152954706]
[108384,108381,1.0,0.9471582425117027]
[79985,79982,1.0,0.9944558209356408]
[112905,112899,1.0,0.9952227536000962]
[95964,95961,1.0,0.9776542961174804]
[16086,3276,1.0,0.7120280622984129]
[408,405,1.0,0.5415285412965692]
[408,402,1.0,0.98267780940298]
[58432,54646,1.0,0.4619416860171615]
[54646,48442,1.0,0.5287127683726928]
[54646,2449,1.0,0.46091261091491026]
[54646,49061,1.0,0.566224114052433]
[54646,54643,1.0,0.9902570385699506]
[118467,54646,1.0,0.4123800785124043]
[106009,54646,1.0,0.4362552683488848]
[82003,82000,1.0,0.9941331399080218]
[13308,13305,1.0,0.99480111054763]
[70091,70088,1.0,0.9926481688783407]
[30737,30734,1.0,0.986430049021612]
[13311,13308,1.0,0.8871280746979882]
[13311,13305,1.0,0.8931107201608389]
[16140,16134,1.0,0.965635998453161]
[16140,16137,1.0,0.9562081842593003]
[89345,13308,1.0,0.4844132439296112]
[1939,1936,1.0,0.9902901927976232]
[70094,70091,1.0,0.9900819793773751]
[70094,70088,1.0,0.9908397224750475]
[16143,16140,1.0,0.45728450797369624]
[16143,16134,1.0,0.7300701580867099]
[16143,16137,1.0,0.6372489279220707]
[16137,16134,1.0,0.958976857026845]
[30740,30734,1.0,0.9913390224778221]
[30740,30737,1.0,0.9890755030395516]
[13314,13308,1.0,0.9876538014208521]
[13314,13311,1.0,0.8798462639914508]
[13314,13305,1.0,0.9883520284040699]
[67271,2288,1.0,0.4167933156944674]
[52769,52766,1.0,0.9618037969822083]
[51521,51518,1.0,0.5029200852704441]
[51521,51512,1.0,0.908282347421027]
[51521,51515,1.0,0.5242895375364369]
[41808,2288,1.0,0.5377610184999301]
[57794,57788,1.0,0.8769702391881461]
[57794,57791,1.0,0.9173702227340391]
[52772,52769,1.0,0.9768735110576962]
[52772,52766,1.0,0.9917005685899336]
[9419,2288,1.0,0.40558181615833194]
[77984,77978,1.0,0.9877726362494229]
[77984,77981,1.0,0.9347740940832668]
[51518,51512,1.0,0.7380629695574392]
[51518,51515,1.0,0.9702412666463035]
[111601,111589,1.0,0.9935047841791984]
[111601,111595,1.0,0.9712761556389059]
[63186,2288,1.0,0.4424372801406023]
[111120,2288,1.0,0.41137937246655226]
[107071,2288,1.0,0.5374362234080792]
[55873,2288,1.0,0.4204702661656666]
[57797,57788,1.0,0.9952227536000962]
[57797,57794,1.0,0.9049434627380984]
[57797,2288,1.0,0.6014777754375067]
[57797,57791,1.0,0.9952227536000962]
[2288,1553,1.0,0.4241951162904888]
[77981,77978,1.0,0.9930513157718635]
[14427,14424,1.0,0.9815718726083079]
[57800,57788,1.0,0.9941373313217248]
[57800,57794,1.0,0.8607796971101357]
[57800,57797,1.0,0.9941373313217248]
[57800,57791,1.0,0.9941373313217248]
[111595,111589,1.0,0.8978797479578006]
[58307,2288,1.0,0.6148208860972123]
[57791,57788,1.0,0.9952227536000962]
[51515,51512,1.0,0.5177702520470768]
[38855,38852,1.0,0.9916975038550923]
[114547,114544,1.0,0.9936933955689451]
[94019,94016,1.0,0.9904315315026473]
[77987,77984,1.0,0.9871430086068846]
[77987,77978,1.0,0.9949785116292866]
[77987,77981,1.0,0.9669497882766824]
[18505,18502,1.0,0.9952227536000962]
[83559,27964,1.0,0.4051095298725305]
[23903,23900,1.0,0.8939595051693335]
[23903,23897,1.0,0.9804274575385542]
[59190,31988,1.0,0.4458775113273588]
[59190,38360,1.0,0.4285247117303265]
[27964,18208,1.0,0.4081178277375482]
[80907,18208,1.0,0.6086063949684715]
[80907,9975,1.0,0.4639025872331487]
[96981,18505,1.0,0.4747154936536544]
[96981,59190,1.0,0.5264916872760338]
[96981,27964,1.0,0.5344992060827906]
[96981,18502,1.0,0.4747154936536544]
[96981,92382,1.0,0.75351203986622]
[99549,27964,1.0,0.4313519066327266]
[92382,18208,1.0,0.5150467819070164]
[92382,38360,1.0,0.5562654977747632]
[38360,18505,1.0,0.42581657405822143]
[38360,27964,1.0,0.43269962209504387]
[38360,18502,1.0,0.42581657405822143]
[9583,9580,1.0,0.9415060563237262]
[23900,23897,1.0,0.9896853978881118]
[908,899,1.0,0.9947262821994]
[908,905,1.0,0.9284766544685595]
[908,902,1.0,0.9923962664409907]
[120943,60532,1.0,0.46827983056580363]
[132006,30887,1.0,0.49262241229778064]
[15215,908,1.0,0.45302376651309306]
[15215,905,1.0,0.6303454020093827]
[15215,902,1.0,0.4370316631638109]
[905,899,1.0,0.9271312469385513]
[905,902,1.0,0.9093688931715614]
[902,899,1.0,0.992828823812634]
[83164,83161,1.0,0.9859369605433117]
[83167,83164,1.0,0.9478089146150414]
[83167,83161,1.0,0.9598091595849078]
[29890,29887,1.0,0.9922323843947127]
[76417,74860,1.0,0.7209903531414958]
[21953,21950,1.0,0.991598147059806]
[91936,91933,1.0,0.8592089766467627]
[91936,91930,1.0,0.9934197647450789]
[91945,91936,1.0,0.9907681588928596]
[91945,91933,1.0,0.9555659050498462]
[91945,91930,1.0,0.9932358526164896]
[91945,91942,1.0,0.9851097579850818]
[21956,21953,1.0,0.9487390200957114]
[21956,21950,1.0,0.9915555527171636]
[91933,91930,1.0,0.9537408784500406]
[91942,91936,1.0,0.9854492251083968]
[91942,91933,1.0,0.9303167316218858]
[91942,91930,1.0,0.9892099997840734]
[50854,31035,1.0,0.40749369164653426]
[42121,42115,1.0,0.9870487941495849]
[66688,57310,1.0,0.4184662343059016]
[64815,54688,1.0,0.5213995908495604]
[64815,9145,1.0,0.4144534936859244]
[64815,47232,1.0,0.5123461236919491]
[64815,26553,1.0,0.572662309118316]
[69077,69071,1.0,0.9782457639464605]
[69077,69074,1.0,0.9782457639464605]
[122469,122466,1.0,0.9733810758626125]
[122472,122466,1.0,0.9594028528402506]
[122472,122469,1.0,0.8469701336969964]
[124629,69074,1.0,0.40369242120651333]
[69074,66125,1.0,0.5113868851880509]
[69074,69071,1.0,0.9927904021198166]
[69074,64815,1.0,0.6054079933828093]
[69074,57723,1.0,0.592040861709919]
[63467,49879,1.0,0.4566878278876733]
[53584,53581,1.0,0.9611038897081189]
[103144,103141,1.0,0.9745456363849022]
[53067,43184,1.0,0.45065822324429006]
[87669,55565,1.0,0.4271363026610365]
[121561,53067,1.0,0.5553728478178636]
[110682,110679,1.0,0.976275536237632]
[103318,103315,1.0,0.579459139690688]
[103318,103312,1.0,0.579459139690688]
[103315,103312,1.0,0.9881761805738833]
[124344,24558,1.0,0.459826313330975]
[29504,29501,1.0,0.8077173711403993]
[29507,29501,1.0,0.9927904021198166]
[29507,29504,1.0,0.8077173711403993]
[52564,52558,1.0,0.9933245695359958]
[52564,52561,1.0,0.9614981321330934]
[52561,52558,1.0,0.958597586136286]
[356,350,1.0,0.9379135459898211]
[356,353,1.0,0.9346587660192226]
[15308,15293,1.0,0.9897479211738157]
[15308,15302,1.0,0.9795491874232786]
[15308,15296,1.0,0.9891736725423288]
[15308,15305,1.0,0.9567993957689166]
[15308,15299,1.0,0.9870561057016385]
[15302,15293,1.0,0.9899899668414485]
[15302,15296,1.0,0.988646129100275]
[15302,15299,1.0,0.9875314977853731]
[15296,15293,1.0,0.9934505617865371]
[353,350,1.0,0.9930641667401623]
[15305,15293,1.0,0.9774831476127772]
[15305,15302,1.0,0.9774831476127772]
[15305,15296,1.0,0.9748267116715009]
[15305,15299,1.0,0.9722858338127034]
[15299,15293,1.0,0.993833290446873]
[15299,15296,1.0,0.9929134539904879]
[359,356,1.0,0.9318338555713245]
[359,350,1.0,0.9895264506006014]
[359,353,1.0,0.9850674922249667]
[54144,54138,1.0,0.9760975135721743]
[9771,9768,1.0,0.9906520402652038]
[47026,1625,1.0,0.5929745149089906]
[9777,9771,1.0,0.9939830075153218]
[9777,9768,1.0,0.9919839916101322]
[54150,54144,1.0,0.9423419203651667]
[54150,54138,1.0,0.9877726362494229]
[54150,1625,1.0,0.43712625403167793]
[54150,54147,1.0,0.9339413327130379]
[93691,69599,1.0,0.4365065480355268]
[32990,1625,1.0,0.6575712166010389]
[20680,20677,1.0,0.9877726362494229]
[20680,1263,1.0,0.44339147287673825]
[20683,20680,1.0,0.9804153029480317]
[20683,20677,1.0,0.9919031889112758]
[20683,1263,1.0,0.4042619219388777]
[54147,54144,1.0,0.926254180604725]
[54147,54138,1.0,0.980531099813234]
[54147,1625,1.0,0.4070688535322012]
[20677,1263,1.0,0.48172036298832027]
[20686,20680,1.0,0.9877726362494229]
[20686,20683,1.0,0.9919031889112758]
[20686,20677,1.0,0.9952227536000962]
[20686,1263,1.0,0.48172036298832027]
[119842,119254,1.0,0.41464009067584146]
[70244,70241,1.0,0.9209901098673113]
[79704,70247,1.0,0.45907013818607956]
[79704,79698,1.0,0.9251259441936408]
[79704,79701,1.0,0.8687639067033679]
[119254,39581,1.0,0.4369798119652568]
[82298,39581,1.0,0.4178920951074097]
[18100,18094,1.0,0.9927904021198166]
[18100,18097,1.0,0.9657382634508753]
[60569,60566,1.0,0.639471671517628]
[100818,12418,1.0,0.4153242946565501]
[100818,73125,1.0,0.5038934932571787]
[100818,70247,1.0,0.5829483898554496]
[73125,70247,1.0,0.6295326909315524]
[60572,60569,1.0,0.538109960030347]
[60572,60566,1.0,0.9939287085123063]
[70247,70244,1.0,0.7492130469187666]
[70247,70241,1.0,0.975742443667954]
[18097,18094,1.0,0.9845374865488316]
[125005,125002,1.0,0.7956366527058572]
[79701,79698,1.0,0.99133259848331]
[44387,44384,1.0,0.4534490645888392]
[12915,12912,1.0,0.9716498930484125]
[104298,104292,1.0,0.9935047841791984]
[4548,4545,1.0,0.9918244627711618]
[4557,4548,1.0,0.9892295605025461]
[4557,4545,1.0,0.9936282955531263]
[4557,4551,1.0,0.9936282955531263]
[4557,4554,1.0,0.9936282955531263]
[12921,12915,1.0,0.9858316690352636]
[12921,12912,1.0,0.9905564682541387]
[12921,12918,1.0,0.9840042560337965]
[4551,4548,1.0,0.9918244627711618]
[4551,4545,1.0,0.9952227536000962]
[67512,67509,1.0,0.9583663813543412]
[67512,67506,1.0,0.9804699095666336]
[67509,67506,1.0,0.9891164748499857]
[4554,4548,1.0,0.9918244627711618]
[4554,4545,1.0,0.9952227536000962]
[4554,4551,1.0,0.9952227536000962]
[42993,1533,1.0,0.4375718490876389]
[12918,12915,1.0,0.9850076129797792]
[12918,12912,1.0,0.9880229908697867]
[97272,97269,1.0,0.9780765977659551]
[89629,66390,1.0,0.6338593011801644]
[51523,33150,1.0,0.40862345028454333]
[42766,11209,1.0,0.43621624134511044]
[89553,89550,1.0,0.975910559393738]
[89553,89547,1.0,0.9852473946591458]
[87773,35677,1.0,0.4321994944114853]
[89550,89547,1.0,0.9915688692058094]
[83873,56688,1.0,0.4055366278144033]
[15497,15491,1.0,0.9952227536000962]
[15497,15494,1.0,0.9658710634157666]
[41139,32903,1.0,0.4187235704637351]
[15491,14487,1.0,0.4164523231598319]
[99040,99037,1.0,0.9791718200744728]
[15494,15491,1.0,0.9658710634157666]
[92362,92359,1.0,0.9883657918916571]
[86833,86824,1.0,0.9942129708818666]
[86833,86830,1.0,0.9797243496540204]
[86833,86827,1.0,0.9745044240288732]
[86833,69210,1.0,0.46788284463748986]
[86830,86824,1.0,0.9734017220390047]
[86830,86827,1.0,0.4666887487916798]
[92673,86833,1.0,0.49840565059281183]
[86827,86824,1.0,0.6964371980213775]
[43984,43978,1.0,0.6787316353819913]
[43984,43981,1.0,0.6516716513205766]
[43984,43975,1.0,0.6787316353819913]
[43978,43975,1.0,0.9952227536000962]
[36180,36174,1.0,0.9266388180692632]
[36180,36177,1.0,0.5160095646553474]
[38005,37996,1.0,0.9839203319295544]
[38005,37999,1.0,0.973506311779852]
[38005,38002,1.0,0.6652901330590143]
[26337,26334,1.0,0.9952227536000962]
[99363,53697,1.0,0.413330131980045]
[99363,13124,1.0,0.5113171017197073]
[43981,43978,1.0,0.9927904021198166]
[43981,43975,1.0,0.9927904021198166]
[37999,37996,1.0,0.9905564682541387]
[36177,36174,1.0,0.7048562521290264]
[47795,47792,1.0,0.6054096993877527]
[38002,37996,1.0,0.742254825126213]
[38002,37999,1.0,0.6361745340701402]
[98038,10367,1.0,0.4627852032401282]
[107290,107281,1.0,0.972838857325248]
[107290,107287,1.0,0.9622043092173054]
[107290,107284,1.0,0.9186120011624376]
[10017,7338,1.0,0.4356389701477737]
[10017,7344,1.0,0.42847887048233263]
[10017,7335,1.0,0.4356389701477737]
[7338,7335,1.0,0.9842365892721153]
[107287,107281,1.0,0.9929243387519429]
[107287,107284,1.0,0.9806171246131214]
[7344,7338,1.0,0.9525384397606863]
[7344,7335,1.0,0.9705403693499043]
[7344,7341,1.0,0.9420276050585529]
[107284,107281,1.0,0.9939673730620086]
[84135,71019,1.0,0.6238558867782428]
[63274,9936,1.0,0.434553312066499]
[10020,10017,1.0,0.8404109194915885]
[10026,10017,1.0,0.9296843445687639]
[10026,10020,1.0,0.6967666114685268]
[10026,9954,1.0,0.43627199674278394]
[7341,7338,1.0,0.9670513701666131]
[7341,7335,1.0,0.9889208956174202]
[58386,58383,1.0,0.9952227536000962]
[8920,8917,1.0,0.9738034727969276]
[8920,8914,1.0,0.8931756556552511]
[8920,8911,1.0,0.9927742648919292]
[8917,8914,1.0,0.8321701565460762]
[8917,8911,1.0,0.9884352306788079]
[58389,58386,1.0,0.9922323843947127]
[58389,58383,1.0,0.9922323843947127]
[129789,129786,1.0,0.9907453314477414]
[8926,8920,1.0,0.9756079517983143]
[8926,8917,1.0,0.9203952134403061]
[8926,8914,1.0,0.8596259979905752]
[8926,8923,1.0,0.9685891813703812]
[8926,8911,1.0,0.9745433471154082]
[62566,62557,1.0,0.9923958418221456]
[8914,8911,1.0,0.9012455571328456]
[8923,8920,1.0,0.9907833204510149]
[8923,8917,1.0,0.9794358332576855]
[8923,8914,1.0,0.8946742404599407]
[8923,8911,1.0,0.9938275606708289]
[79311,31812,1.0,0.45015610556838803]
[33997,33991,1.0,0.9775173751064177]
[33997,33994,1.0,0.91543585485976]
[89057,89054,1.0,0.9546153571668928]
[84176,84167,1.0,0.9745428344481556]
[84176,84170,1.0,0.47145231683971983]
[84176,84173,1.0,0.9745428344481556]
[84170,84167,1.0,0.5608918679559111]
[84173,84167,1.0,0.9952227536000962]
[84173,84170,1.0,0.5517278356328297]
[89060,89057,1.0,0.612316007124136]
[89060,89054,1.0,0.8358438689221466]
[33994,33991,1.0,0.9840087751748642]
[125665,79135,1.0,0.443187290357523]
[12184,12178,1.0,0.9883652126324259]
[12184,12181,1.0,0.9839523960638924]
[12181,12178,1.0,0.9882094482810354]
[15879,15876,1.0,0.9070211231685509]
[14613,14610,1.0,0.9927904021198166]
[22721,14613,1.0,0.45830011436876705]
[21234,21231,1.0,0.9894368917264131]
[21234,21225,1.0,0.9929393317339515]
[21234,21228,1.0,0.9889523917279651]
[39209,24965,1.0,0.49611512335100433]
[39209,29019,1.0,0.6692579067403518]
[39209,20600,1.0,0.6808439472139021]
[43017,39209,1.0,0.5715070015572564]
[55931,18921,1.0,0.4375948288751152]
[21231,21225,1.0,0.9947262821994]
[21231,21228,1.0,0.9916544791997739]
[27097,18921,1.0,0.49352153881432625]
[43020,39209,1.0,0.5445469207724388]
[43020,43017,1.0,0.9471940321662856]
[91972,91969,1.0,0.9940039305491174]
[83659,83656,1.0,0.8615499085799765]
[83659,83653,1.0,0.9926680456172919]
[9437,9434,1.0,0.9598611789361968]
[9437,1665,1.0,0.5991261274750536]
[21237,21234,1.0,0.9751255504031899]
[21237,21231,1.0,0.991633976685927]
[21237,1665,1.0,0.47399676297515314]
[21237,21225,1.0,0.9948470675066801]
[21237,21228,1.0,0.9918147916059146]
[40540,29019,1.0,0.481914061917624]
[40540,20600,1.0,0.45778780515099865]
[40540,9443,1.0,0.42148180962394294]
[9434,1665,1.0,0.6241999090010264]
[47556,29019,1.0,0.411816075073347]
[47556,20600,1.0,0.48315538669855623]
[47556,9443,1.0,0.4063509919634292]
[70145,70142,1.0,0.9799694948850558]
[92984,29019,1.0,0.47021633125279094]
[92984,9443,1.0,0.4118730011343039]
[130200,130197,1.0,0.9846406859090114]
[55271,55262,1.0,0.9224365368055552]
[55271,55265,1.0,0.8340131229817156]
[83656,83653,1.0,0.9040737826264699]
[91975,91972,1.0,0.9917303064919276]
[91975,91969,1.0,0.9933677579237732]
[42401,39209,1.0,0.4877905078280766]
[42401,1665,1.0,0.41578839959407426]
[21225,1665,1.0,0.48673797760124776]
[29019,1665,1.0,0.5862299156466377]
[29019,18921,1.0,0.4815339124069507]
[20600,18921,1.0,0.5004624781195176]
[9443,9437,1.0,0.7271059487410316]
[9443,9434,1.0,0.9070211231685509]
[9443,1665,1.0,0.5826231320212834]
[9443,9440,1.0,0.8842154874015424]
[55265,55262,1.0,0.9862829490042166]
[91940,4865,1.0,0.47146814888162886]
[21228,1665,1.0,0.48673797760124776]
[21228,21225,1.0,0.9923958418221456]
[9440,9437,1.0,0.9320685440229393]
[9440,9434,1.0,0.9846521882698381]
[9440,1665,1.0,0.7127071612617221]
[128151,91940,1.0,0.44591862101369595]
[69825,39209,1.0,0.45760779571790344]
[29022,29019,1.0,0.9952227536000962]
[15973,15967,1.0,0.9939431198794103]
[132424,132421,1.0,0.9759618346744546]
[13295,13289,1.0,0.9946149626479851]
[13295,13292,1.0,0.9946149626479851]
[82920,82917,1.0,0.9902913432757028]
[89081,13295,1.0,0.5223790761277288]
[89081,89078,1.0,0.9932239476560921]
[89078,13295,1.0,0.5223790761277288]
[13292,13289,1.0,0.9952227536000962]
[63264,63258,1.0,0.8964031109420035]
[20655,20652,1.0,0.9952227536000962]
[55903,42133,1.0,0.40322282168300827]
[53229,21793,1.0,0.46388214194029576]
[44517,44511,1.0,0.9878630676143554]
[44517,44514,1.0,0.9896845248218816]
[74119,74113,1.0,0.96962459084929]
[74119,74110,1.0,0.9933607062578763]
[74113,74110,1.0,0.9601394562772843]
[122584,92611,1.0,0.46085020070061394]
[54835,54832,1.0,0.9865355980960755]
[96723,96717,1.0,0.9270587315728276]
[44514,44511,1.0,0.9952227536000962]
[101976,38341,1.0,0.4461912184773223]
[62855,54858,1.0,0.47150946627971957]
[87897,54858,1.0,0.4880403345039314]
[32514,9298,1.0,0.5833711138764773]
[54858,34473,1.0,0.4429490633433741]
[54858,15892,1.0,0.7751102802651042]
[53564,9298,1.0,0.5005525928907802]
[53564,32514,1.0,0.4102490418597658]
[55263,32514,1.0,0.40822253892168037]
[55263,54858,1.0,0.43967459420158306]
[115189,115183,1.0,0.9943216893134568]
[115189,115186,1.0,0.9943216893134568]
[115192,115189,1.0,0.9822423523627452]
[115192,115183,1.0,0.9893570212686738]
[115192,115186,1.0,0.9934197647450789]
[64306,64303,1.0,0.9949181171750051]
[115186,115183,1.0,0.9952227536000962]
[97839,97836,1.0,0.9952227536000962]
[97842,97836,1.0,0.9901079467670516]
[97842,97839,1.0,0.9952227536000962]
[84257,84248,1.0,0.9921433049043197]
[84257,84251,1.0,0.9897939246439615]
[62674,62671,1.0,0.9330962236592202]
[84260,84257,1.0,0.9882191582121884]
[84260,84248,1.0,0.9926278674655746]
[84260,84251,1.0,0.9847363604710649]
[115065,40533,1.0,0.4723637792171153]
[4236,4233,1.0,0.970513217938947]
[62677,62674,1.0,0.9395553709172295]
[62677,62671,1.0,0.9783487862840237]
[99820,99772,1.0,0.41402382668950055]
[99820,99814,1.0,0.993796747932046]
[99820,99817,1.0,0.993796747932046]
[99817,99814,1.0,0.9918818867765093]
[99823,99814,1.0,0.8269840068226104]
[99823,99820,1.0,0.9651568417669706]
[99823,99817,1.0,0.8269840068226104]
[84251,84248,1.0,0.9897339441492009]
[63055,55573,1.0,0.5873625775082979]
[77435,18231,1.0,0.48487655668812935]
[77435,22915,1.0,0.45671395100895656]
[42508,42505,1.0,0.9646788512605156]
[42508,42502,1.0,0.9688162318959596]
[128479,55573,1.0,0.43540855777345483]
[49581,29672,1.0,0.4341036496698991]
[55576,55567,1.0,0.9946065170958023]
[55576,55573,1.0,0.9699044974914985]
[79735,79732,1.0,0.9933550320030448]
[79738,79735,1.0,0.9722990517286928]
[79738,79732,1.0,0.9722990517286928]
[20601,20598,1.0,0.9891356835907431]
[125856,125853,1.0,0.9096610121256516]
[42505,42502,1.0,0.9928628023803756]
[20604,20601,1.0,0.9761751849858753]
[20604,20598,1.0,0.9891101026332965]
[55573,14025,1.0,0.5460085601748872]
[55573,55567,1.0,0.9726101365839039]
[57074,43057,1.0,0.4691554424279775]
[57074,43060,1.0,0.4691554424279775]
[99303,99297,1.0,0.9386959191395993]
[21897,21894,1.0,0.9913719155278211]
[21900,21897,1.0,0.9526459330679092]
[21900,21894,1.0,0.9566306514836544]
[86161,86155,1.0,0.9952227536000962]
[86161,86158,1.0,0.9952227536000962]
[21903,21897,1.0,0.9755570045516628]
[21903,21900,1.0,0.8038583405102167]
[21903,21894,1.0,0.9596067763265358]
[43060,43057,1.0,0.9952227536000962]
[86158,86155,1.0,0.9952227536000962]
[86158,40096,1.0,0.4553281418569068]
[25709,25703,1.0,0.9888299852299606]
[96498,16854,1.0,0.7178050943448057]
[96498,6985,1.0,0.525166803960353]
[116562,16854,1.0,0.44079518025391745]
[38312,16854,1.0,0.42837920134857504]
[64406,16854,1.0,0.4760922710543239]
[73168,16854,1.0,0.46425231274848644]
[16854,5573,1.0,0.5625335270635706]
[16854,16851,1.0,0.9654980824032692]
[16854,6985,1.0,0.8560741326418944]
[16854,1018,1.0,0.40932734816206917]
[16854,7226,1.0,0.41301848926290413]
[16854,8109,1.0,0.8394865496059245]
[16854,16848,1.0,0.9952227536000962]
[16854,9921,1.0,0.673113671731913]
[16854,8000,1.0,0.4271283953866427]
[16854,14571,1.0,0.402513380727878]
[16854,768,1.0,0.437857038719075]
[16854,369,1.0,0.5077361095769283]
[41419,16854,1.0,0.595803062630287]
[103599,16854,1.0,0.4087231596983024]
[77503,16854,1.0,0.49959394732142504]
[51527,16854,1.0,0.48972720101241485]
[99990,16854,1.0,0.48513477855524306]
[99990,99987,1.0,0.9901918127542898]
[99990,72384,1.0,0.44441797775794784]
[16851,6985,1.0,0.595249819543036]
[16851,16848,1.0,0.9216648997500968]
[40762,16854,1.0,0.6410839268359894]
[40765,16854,1.0,0.6723061693453513]
[40765,40762,1.0,0.975379846146864]
[16848,6985,1.0,0.4889588227436147]
[53816,16854,1.0,0.5066967024563475]
[82585,16854,1.0,0.4905714331173039]
[99987,16854,1.0,0.48513477855524306]
[99987,72384,1.0,0.5533800535113238]
[82944,16854,1.0,0.7287844616913928]
[105726,51527,1.0,0.40511109562129693]
[33928,16854,1.0,0.5992805588471878]
[50572,16854,1.0,0.5819316830796274]
[50572,9921,1.0,0.41524756723409845]
[107382,16854,1.0,0.5402391509692994]
[52246,16854,1.0,0.5188219245334295]
[52246,50572,1.0,0.4267983110531015]
[31003,16854,1.0,0.6925922044208118]
[56807,16854,1.0,0.40124041227647733]
[72384,16854,1.0,0.44061838382783386]
[41634,38826,1.0,0.560519669003667]
[109236,109230,1.0,0.9952227536000962]
[109236,109233,1.0,0.9936734116065394]
[109236,17838,1.0,0.6994548708917007]
[109233,109230,1.0,0.9792702451916082]
[102844,102835,1.0,0.9872688856099573]
[102844,102841,1.0,0.9833407260495297]
[113833,113830,1.0,0.9878446278772385]
[113833,113821,1.0,0.9935126676877665]
[71246,71243,1.0,0.989603689512395]
[68368,68365,1.0,0.9543601365079971]
[112258,17838,1.0,0.4307268501801467]
[71252,71243,1.0,0.9698530654087167]
[71252,71246,1.0,0.9434709593076591]
[38826,38823,1.0,0.9591292701647975]
[113830,113821,1.0,0.9907453314477414]
[63926,63917,1.0,0.980312629898028]
[63926,63920,1.0,0.9720564894123699]
[51595,51592,1.0,0.9850844112047312]
[51595,51589,1.0,0.9899074872227256]
[51592,51589,1.0,0.9851714891563284]
[71695,71692,1.0,0.9804697641546707]
[13312,7466,1.0,0.4617488079852488]
[68371,68368,1.0,0.9791442867921413]
[68371,68365,1.0,0.9854085845489449]
[109239,109230,1.0,0.952885361388292]
[109239,109236,1.0,0.9839979542258006]
[109239,109233,1.0,0.9660740356967656]
[71698,71692,1.0,0.9936734116065394]
[71698,71695,1.0,0.9627158239292339]
[11425,11422,1.0,0.8806993844488471]
[17838,7466,1.0,0.4436898876749269]
[33034,17838,1.0,0.4792013371321043]
[63917,17838,1.0,0.40354780158058523]
[102841,102835,1.0,0.9906197747066187]
[63920,63917,1.0,0.9927904021198166]
[109242,109230,1.0,0.9614774845634112]
[109242,109236,1.0,0.9805786614970522]
[109242,109233,1.0,0.967744466933426]
[109242,109239,1.0,0.8949085945573223]
[50382,41634,1.0,0.6466346157137788]
[74721,74715,1.0,0.9926952045946864]
[74721,74718,1.0,0.9876678727996274]
[70644,70641,1.0,0.9687363416452773]
[70644,70638,1.0,0.9952227536000962]
[11690,11687,1.0,0.9922323843947127]
[70647,70644,1.0,0.9915189088624654]
[70647,70641,1.0,0.9594081014336807]
[70647,70638,1.0,0.9915189088624654]
[84253,84250,1.0,0.9010990592242939]
[70641,70638,1.0,0.988933072547102]
[74718,74715,1.0,0.9872285325621704]
[53534,53528,1.0,0.9634035778448972]
[53534,18934,1.0,0.42793991376584584]
[53534,53531,1.0,0.9952227536000962]
[53534,53525,1.0,0.9952227536000962]
[104113,24686,1.0,0.43572224002942667]
[64380,64377,1.0,0.9936282955531263]
[113829,35101,1.0,0.41738005404981177]
[106728,104113,1.0,0.5338842743709309]
[53528,53525,1.0,0.9634035778448972]
[9372,9366,1.0,0.9935814219499451]
[9372,9369,1.0,0.9775364310903426]
[9369,9366,1.0,0.9895519515646422]
[53537,53534,1.0,0.9935047841791984]
[53537,53528,1.0,0.9540662645234091]
[53537,53531,1.0,0.9836023482922865]
[53537,53525,1.0,0.9935047841791984]
[60550,36776,1.0,0.6081743320051082]
[53531,53528,1.0,0.9284960639546941]
[53531,53525,1.0,0.9877726362494229]
[97624,53534,1.0,0.5465474033753371]
[97624,97621,1.0,0.9883652126324259]
[97624,36776,1.0,0.53504906912039]
[97624,71718,1.0,0.4549785212762986]
[71718,71715,1.0,0.9952227536000962]
[43443,43437,1.0,0.9936734116065394]
[43443,43440,1.0,0.9913390224778221]
[90778,90772,1.0,0.984450181166849]
[43440,43437,1.0,0.9933550320030448]
[43446,43437,1.0,0.9748306560875212]
[43446,43443,1.0,0.9746169947752034]
[43446,43440,1.0,0.9679436637148663]
[52569,52566,1.0,0.9952227536000962]
[44433,44427,1.0,0.9950492062368131]
[123001,122998,1.0,0.9366828861528855]
[104937,97993,1.0,0.5083155000227395]
[99048,97993,1.0,0.45581806622200816]
[70561,70555,1.0,0.9877726362494229]
[70561,70558,1.0,0.9820566730107074]
[70570,70555,1.0,0.9819948582058302]
[70570,70561,1.0,0.9623482046408932]
[70570,70558,1.0,0.9928534077896937]
[70570,70567,1.0,0.98427627527284]
[70558,70555,1.0,0.9946149626479851]
[70567,70555,1.0,0.9802349998809572]
[70567,70561,1.0,0.9592744335156802]
[70567,70558,1.0,0.9928534077896937]
[114240,114237,1.0,0.657452908899784]
[13280,13277,1.0,0.9935047841791984]
[3852,3849,1.0,0.9231790015165889]
[12386,12380,1.0,0.9945658731879131]
[28159,13280,1.0,0.6131975435805009]
[32271,32268,1.0,0.9922323843947127]
[114243,114240,1.0,0.6192819038154509]
[114243,114237,1.0,0.9913219389757579]
[3855,3852,1.0,0.923186800265086]
[3855,3849,1.0,0.9936650057467088]
[8581,8578,1.0,0.9822509377705533]
[42726,42723,1.0,0.9800013675213373]
[47542,47539,1.0,0.981659156018156]
[115621,94192,1.0,0.44327842468472806]
[115621,40320,1.0,0.5141326150093504]
[115621,70199,1.0,0.4690950502312563]
[115621,115618,1.0,0.9892819917996648]
[115624,115621,1.0,0.9892819917996648]
[115624,94192,1.0,0.43325175028697316]
[115624,40320,1.0,0.5141326150093504]
[115624,70199,1.0,0.4690950502312563]
[115624,115618,1.0,0.9952227536000962]
[129697,70199,1.0,0.4806249170645845]
[10646,10643,1.0,0.9596954195645008]
[10646,10640,1.0,0.9682548177418432]
[94192,70199,1.0,0.7922137100618213]
[10643,10640,1.0,0.9840130830510198]
[80016,80010,1.0,0.9524038345363474]
[80016,80013,1.0,0.8253044311063419]
[80016,70199,1.0,0.578376151934008]
[81943,70199,1.0,0.5146433557733177]
[115630,115621,1.0,0.9632765559722837]
[115630,115624,1.0,0.9621495634172893]
[115630,94192,1.0,0.42674666556561464]
[115630,40320,1.0,0.517615567215899]
[115630,70199,1.0,0.47953075031040454]
[115630,40326,1.0,0.4031527257795492]
[115630,115618,1.0,0.9621495634172893]
[70196,70193,1.0,0.9745469192314985]
[80010,70199,1.0,0.589925929578487]
[10649,10646,1.0,0.9459275329115595]
[10649,10643,1.0,0.9497301853150857]
[10649,10640,1.0,0.9521876986871654]
[108477,70199,1.0,0.4427663582093868]
[80013,80010,1.0,0.9706460326131134]
[80013,70199,1.0,0.44427437795860425]
[120735,70199,1.0,0.40831950807191036]
[70199,45499,1.0,0.4568677913634583]
[70199,29495,1.0,0.6388574539036495]
[70199,10646,1.0,0.46801191148933985]
[70199,10643,1.0,0.6440802762159406]
[70199,70016,1.0,0.47715067983991366]
[70199,65066,1.0,0.6554317506312647]
[70199,56460,1.0,0.5525506517483988]
[70199,30699,1.0,0.6613614481632848]
[70199,70196,1.0,0.9745469192314985]
[70199,10640,1.0,0.4725609688415564]
[70199,10649,1.0,0.5373431676535375]
[70199,40769,1.0,0.5667680680135565]
[70199,9773,1.0,0.5341435435109138]
[70199,8037,1.0,0.5935790656921605]
[70199,70193,1.0,0.9952227536000962]
[70199,51513,1.0,0.4334939386137216]
[125673,70199,1.0,0.7174200374482932]
[90405,70199,1.0,0.5202451902368368]
[90405,90402,1.0,0.9877726362494229]
[90402,70199,1.0,0.5202451902368368]
[40326,40320,1.0,0.9791879899600276]
[90408,70199,1.0,0.5202451902368368]
[90408,90405,1.0,0.9877726362494229]
[90408,90402,1.0,0.9952227536000962]
[115618,94192,1.0,0.43325175028697316]
[115618,40320,1.0,0.5141326150093504]
[115618,70199,1.0,0.4690950502312563]
[39107,39101,1.0,0.8110148761109514]
[119284,119281,1.0,0.9891356835907431]
[12884,12881,1.0,0.4373654956178475]
[92944,92938,1.0,0.9952227536000962]
[92944,92941,1.0,0.9842365892721153]
[92941,92938,1.0,0.9842365892721153]
[36983,36980,1.0,0.9512544030659538]
[52180,52177,1.0,0.9936785550260069]
[52183,52177,1.0,0.979034517817767]
[52183,52180,1.0,0.9733405558233683]
[67789,17876,1.0,0.4336274460182941]
[106074,23457,1.0,0.8519175975516666]
[106074,23463,1.0,0.7410544420920062]
[106074,106071,1.0,0.9952227536000962]
[106074,23466,1.0,0.8519175975516666]
[23460,23457,1.0,0.9796962074043929]
[115951,23457,1.0,0.4888791286421343]
[115951,23463,1.0,0.46864365796437946]
[115951,23466,1.0,0.4600000512640655]
[23463,23457,1.0,0.9799850145655017]
[23463,23460,1.0,0.9665290107878092]
[106071,23457,1.0,0.6394486800382021]
[106071,23463,1.0,0.4189254658989061]
[106071,23466,1.0,0.6540490029910895]
[23466,23457,1.0,0.9941331399080218]
[23466,23460,1.0,0.9758973454083477]
[23466,23463,1.0,0.9667343447018785]
[104445,104439,1.0,0.9679501816665762]
[118035,118032,1.0,0.9856072834717713]
[118035,118026,1.0,0.989786979428633]
[10185,10179,1.0,0.9942322398449379]
[39259,36778,1.0,0.5350156690896144]
[27978,10185,1.0,0.514551759939684]
[27978,6392,1.0,0.5418363448455128]
[27978,10179,1.0,0.5040116295493554]
[70416,43288,1.0,0.4801184770115399]
[36778,27978,1.0,0.5757242444636752]
[48841,43288,1.0,0.5384367638986639]
[53677,43288,1.0,0.5523694152193392]
[53677,53674,1.0,0.9932537467430427]
[82275,43288,1.0,0.5567306754312169]
[59981,43288,1.0,0.4700247420250977]
[129951,43288,1.0,0.447975987170397]
[118032,118026,1.0,0.9931164783355245]
[77961,43288,1.0,0.49499049973179077]
[77961,77955,1.0,0.9877726362494229]
[81567,10185,1.0,0.42132915149061495]
[81567,10179,1.0,0.5024738290683426]
[43288,43285,1.0,0.9864783634938152]
[43288,7328,1.0,0.5655467752984149]
[68767,27978,1.0,0.47838670579567216]
[77955,43288,1.0,0.49499049973179077]
[78529,43288,1.0,0.4460194146927769]
[53680,53677,1.0,0.9884456610167102]
[53680,53674,1.0,0.993108554821056]
[107172,39721,1.0,0.43995670182248003]
[58052,58049,1.0,0.9772812939648786]
[128815,63510,1.0,0.4531549791948656]
[58055,58052,1.0,0.9495471926034016]
[58055,58049,1.0,0.9878322765641779]
[58058,58052,1.0,0.9378974329434194]
[58058,58049,1.0,0.9844003585578739]
[58058,58055,1.0,0.9844003585578739]
[53219,8886,1.0,0.46412624339464953]
[132711,63510,1.0,0.40271060592316443]
[39365,17934,1.0,0.4867404017847626]
[6753,6750,1.0,0.9925468645354409]
[46415,46409,1.0,0.9520449176589262]
[88396,52661,1.0,0.5897009799774572]
[4471,4462,1.0,0.9877726362494229]
[4471,4468,1.0,0.9553748366156056]
[4471,4465,1.0,0.9724877035164602]
[52661,52658,1.0,0.9952227536000962]
[52661,3036,1.0,0.5725735833850091]
[52661,28640,1.0,0.4310925399079977]
[4468,4462,1.0,0.9934637941520884]
[4468,4465,1.0,0.9761347916172289]
[54706,52661,1.0,0.579816243973609]
[114567,52661,1.0,0.5550146173653676]
[114567,114564,1.0,0.9852473946591458]
[114570,52661,1.0,0.44534666778561915]
[114570,114567,1.0,0.9822168386015437]
[114570,114564,1.0,0.9822168386015437]
[114564,52661,1.0,0.5550146173653676]
[4465,4462,1.0,0.97205043253286]
[76910,52661,1.0,0.5292165194522489]
[52664,52658,1.0,0.9952227536000962]
[52664,52661,1.0,0.9952227536000962]
[73226,73211,1.0,0.9821536617565331]
[73226,73217,1.0,0.9728717257669937]
[73226,73214,1.0,0.9459237129624024]
[73226,73220,1.0,0.9789400955619195]
[73226,73223,1.0,0.5097686470538586]
[99330,99327,1.0,0.9905564682541387]
[73217,73211,1.0,0.987700044645388]
[73217,73214,1.0,0.9608268721778884]
[87639,42687,1.0,0.4516416599305689]
[87639,4193,1.0,0.42237919623103665]
[73214,73211,1.0,0.9886146790176199]
[73220,73211,1.0,0.994205387626701]
[73220,73217,1.0,0.9854282067392954]
[73220,73214,1.0,0.9805331747020214]
[99333,99330,1.0,0.9874715795347019]
[99333,99327,1.0,0.9833747864247487]
[73223,73211,1.0,0.7178744038802803]
[73223,73217,1.0,0.5898465711487347]
[73223,73214,1.0,0.7501161726860346]
[73223,73220,1.0,0.7178744038802803]
[87064,42479,1.0,0.4148311115564539]
[99336,99330,1.0,0.958701064868041]
[99336,99333,1.0,0.8177907211304799]
[99336,99327,1.0,0.9787273016809032]
[71582,71579,1.0,0.9924229130625422]
[71582,42687,1.0,0.6450241204657852]
[58548,4193,1.0,0.467853335570826]
[72765,72762,1.0,0.9720599037020279]
[72771,72762,1.0,0.9925951710087575]
[72771,72765,1.0,0.9718256422885176]
[115432,115429,1.0,0.6916818857880878]
[122001,121998,1.0,0.9936282955531263]
[55704,25774,1.0,0.7291134203323625]
[55707,55704,1.0,0.9785571572916933]
[55707,25774,1.0,0.68772287725801]
[55710,55704,1.0,0.9891164748499857]
[55710,55707,1.0,0.956539716474]
[55710,25774,1.0,0.7078017748597104]
[7867,7864,1.0,0.9900857943774575]
[84486,84480,1.0,0.9860230476604521]
[84486,84483,1.0,0.9742959865190748]
[84486,84477,1.0,0.9908718811433119]
[84480,84477,1.0,0.9923958418221456]
[7873,7867,1.0,0.9805279985761219]
[7873,7864,1.0,0.9926680456172919]
[7873,7870,1.0,0.9891367382988765]
[84483,84480,1.0,0.9766773626806122]
[84483,84477,1.0,0.9846225329689098]
[7870,7867,1.0,0.9784132964281004]
[7870,7864,1.0,0.9927904021198166]
