[92022,92019,1.0,0.8844442677360306]
[92022,92016,1.0,0.9842575419496631]
[92019,92016,1.0,0.9135117480600962]
[55104,36437,1.0,0.4288672803408571]
[131814,92016,1.0,0.410066513524273]
[72159,72156,1.0,0.9049323892624581]
[72159,72150,1.0,0.9927374500728507]
[72159,72153,1.0,0.9702825563661475]
[96252,96249,1.0,0.9750636813354085]
[96252,96246,1.0,0.9768460345720316]
[96249,96246,1.0,0.9936035623188594]
[72156,72150,1.0,0.9597342694969837]
[72156,72153,1.0,0.9426357790225252]
[72153,72150,1.0,0.993172515220938]
[109453,109447,1.0,0.9738131032036857]
[109453,109441,1.0,0.9744494619390689]
[109453,109444,1.0,0.8947129090283484]
[109453,109450,1.0,0.9744494619390689]
[109447,109441,1.0,0.9946149626479851]
[109447,109444,1.0,0.967327710201389]
[115144,58726,1.0,0.5523915623610053]
[109456,109453,1.0,0.9094498632589776]
[109456,109450,1.0,0.8579080873246757]
[109444,109441,1.0,0.9701586101616368]
[109450,109447,1.0,0.9928534077896937]
[109450,109441,1.0,0.9952227536000962]
[109450,109444,1.0,0.9701586101616368]
[122352,37678,1.0,0.5133223246654437]
[4427,4424,1.0,0.726438324239773]
[4433,4427,1.0,0.5713065350427562]
[4433,4430,1.0,0.9746894858626096]
[4433,4424,1.0,0.9878902683312857]
[51377,31571,1.0,0.417037907186077]
[52643,52640,1.0,0.9857780070934513]
[40329,37678,1.0,0.42987554301764697]
[83064,77838,1.0,0.5751864283315126]
[39672,37678,1.0,0.4478841285022219]
[132556,31571,1.0,0.40708112400473134]
[80465,77838,1.0,0.40628475391312047]
[91813,37678,1.0,0.4302782604859838]
[128533,23158,1.0,0.4755522921875617]
[72854,31571,1.0,0.46693137795008544]
[42594,31571,1.0,0.435311607162283]
[37900,37897,1.0,0.7595465287362253]
[93751,37843,1.0,0.447307402389834]
[93751,57423,1.0,0.4171112875242069]
[93751,91878,1.0,0.439591805180196]
[93751,54572,1.0,0.4827459814143144]
[121527,37678,1.0,0.5831811894789711]
[4430,4427,1.0,0.726438324239773]
[4430,4424,1.0,0.9895952879842786]
[111795,37678,1.0,0.4676784980144952]
[101793,77838,1.0,0.44034857489747253]
[37909,37897,1.0,0.9952227536000962]
[37909,37900,1.0,0.979403585174251]
[37909,37903,1.0,0.9610814369322873]
[37909,37906,1.0,0.9952227536000962]
[37299,31571,1.0,0.6277753272434881]
[37903,37897,1.0,0.942830314698041]
[37903,37900,1.0,0.7195061741416475]
[21875,21869,1.0,0.9952227536000962]
[21875,21872,1.0,0.9862664485557137]
[23158,4427,1.0,0.42721808946586987]
[23158,4433,1.0,0.43542633981816614]
[23158,4430,1.0,0.42721808946586987]
[23158,4424,1.0,0.42721808946586987]
[21881,21869,1.0,0.9933591383824779]
[21881,21875,1.0,0.9933591383824779]
[21881,21872,1.0,0.9807341009366783]
[52646,52643,1.0,0.9649362307604568]
[52646,52640,1.0,0.9868389911085965]
[105111,77838,1.0,0.5627396857468328]
[21872,21869,1.0,0.9785844134677308]
[37678,26387,1.0,0.42930325363909194]
[37678,20449,1.0,0.6343707564691751]
[37678,5321,1.0,0.5360110548105385]
[37678,20455,1.0,0.6343707564691751]
[37906,37897,1.0,0.9911959333624409]
[37906,37900,1.0,0.7570848307479291]
[37906,37903,1.0,0.9301324576038263]
[20455,20449,1.0,0.9900592205763161]
[41797,37909,1.0,0.40665398250583135]
[87248,37678,1.0,0.4263200778231107]
[87248,42541,1.0,0.4292806151216838]
[87192,5601,1.0,0.5273454032470225]
[55806,55803,1.0,0.9591292701647975]
[121252,23492,1.0,0.4838312639446648]
[21867,21861,1.0,0.9536296478849164]
[21867,21858,1.0,0.9934567839627333]
[21867,14029,1.0,0.4038515948762514]
[125031,23492,1.0,0.5609102852179415]
[75331,23492,1.0,0.4035138555902139]
[23492,23486,1.0,0.9771526595262559]
[23492,9158,1.0,0.4540710610000293]
[23492,15414,1.0,0.4258779029962209]
[113226,23492,1.0,0.4356591194507986]
[113226,113223,1.0,0.9952227536000962]
[55812,55806,1.0,0.6586646532339216]
[55812,55803,1.0,0.8796156544289696]
[55812,55809,1.0,0.5550097981863725]
[37989,23492,1.0,0.40401553555126546]
[21861,21858,1.0,0.9931957650777704]
[21861,14029,1.0,0.44849861316715056]
[35898,23492,1.0,0.4438671156151429]
[26860,23492,1.0,0.4107008168667268]
[113229,23492,1.0,0.42150010634000284]
[113229,113226,1.0,0.9946572280446236]
[113229,113223,1.0,0.9946572280446236]
[30676,23492,1.0,0.46004009744217483]
[67185,23492,1.0,0.4484491824690864]
[91591,23492,1.0,0.4460002763770003]
[127165,23492,1.0,0.4489859910878409]
[25752,23492,1.0,0.4629740055311237]
[55809,55806,1.0,0.9130501494878863]
[55809,55803,1.0,0.9261342449682254]
[55809,23492,1.0,0.5189508551222575]
[70744,70741,1.0,0.8636594280050938]
[26747,23492,1.0,0.4795270313613189]
[96207,23492,1.0,0.5276574546028494]
[118003,118000,1.0,0.9657946828037058]
[127387,23492,1.0,0.4025450219586603]
[114130,23492,1.0,0.41701578776171566]
[21858,14029,1.0,0.4438037699473258]
[118006,118003,1.0,0.9594509332053004]
[118006,118000,1.0,0.9814778242936026]
[23498,23492,1.0,0.9771526595262559]
[23498,23486,1.0,0.9926278674655746]
[23498,23495,1.0,0.989159985390118]
[113223,23492,1.0,0.4356591194507986]
[19081,19078,1.0,0.9818861521469334]
[54604,23492,1.0,0.4379274747846199]
[67879,23492,1.0,0.4347056208618068]
[87752,23492,1.0,0.43094357051576154]
[23495,23492,1.0,0.9655003730648989]
[23495,23486,1.0,0.9927904021198166]
[79125,23492,1.0,0.4453831953526331]
[84130,23492,1.0,0.6285000829223768]
[55824,55821,1.0,0.9952227536000962]
[55824,17331,1.0,0.4515520695538658]
[3076,3064,1.0,0.9905564682541387]
[3076,3067,1.0,0.9678037800485622]
[55827,55824,1.0,0.9952227536000962]
[55827,55821,1.0,0.9952227536000962]
[119440,33057,1.0,0.42424271221862075]
[61250,61247,1.0,0.9812292045292588]
[3067,3064,1.0,0.9933677579237732]
[61253,61250,1.0,0.9178946027416032]
[61253,61247,1.0,0.960942737435151]
[31295,31292,1.0,0.9952227536000962]
[33057,17331,1.0,0.5068651650307937]
[120462,50679,1.0,0.7783874715425642]
[63892,63886,1.0,0.8747084997219499]
[63892,63889,1.0,0.961013633078163]
[63892,63883,1.0,0.9935047841791984]
[63886,63883,1.0,0.9145803576274092]
[63889,63886,1.0,0.6861567992759152]
[63889,63883,1.0,0.9699929386444519]
[112110,88415,1.0,0.5354086359181756]
[88415,88409,1.0,0.9952227536000962]
[88415,88412,1.0,0.9946572280446236]
[88412,88409,1.0,0.9917038292066669]
[47588,47582,1.0,0.9952227536000962]
[88418,88409,1.0,0.9805923830801806]
[88418,88415,1.0,0.9854085845489449]
[88418,88412,1.0,0.9785955380475938]
[80556,80550,1.0,0.9900149184524669]
[80556,80547,1.0,0.9904170844565569]
[80556,80544,1.0,0.9904170844565569]
[80550,80547,1.0,0.9927543544888627]
[80550,80544,1.0,0.9927543544888627]
[18792,7665,1.0,0.4023589551676881]
[117663,54740,1.0,0.6799120588004876]
[117663,70494,1.0,0.5401889539179243]
[117663,54737,1.0,0.4157877112813936]
[132462,132459,1.0,0.9672606896267187]
[70453,70447,1.0,0.9781544390016237]
[54740,54734,1.0,0.988848171392966]
[54740,54737,1.0,0.9883186144413657]
[7668,7665,1.0,0.993224508025956]
[7668,7662,1.0,0.994754850866769]
[28200,28197,1.0,0.803220977579641]
[80547,80544,1.0,0.9952227536000962]
[7665,7662,1.0,0.9938289672647332]
[54737,54734,1.0,0.992118598480181]
[7671,7668,1.0,0.9898372066943758]
[7671,7665,1.0,0.9904224010272843]
[7671,7662,1.0,0.9900232714108846]
[72164,72161,1.0,0.9905564682541387]
[12632,12626,1.0,0.9807052285860721]
[12632,12629,1.0,0.9890266883718035]
[56151,3576,1.0,0.41267351231991]
[49369,49360,1.0,0.9558875362579125]
[49369,49363,1.0,0.8690295745964389]
[49369,49366,1.0,0.8543487382852103]
[3576,3570,1.0,0.9914350583586673]
[3576,3573,1.0,0.9771394229889541]
[101680,53744,1.0,0.48692006969416074]
[79666,79663,1.0,0.992697108994309]
[43556,23181,1.0,0.5213203844416329]
[79669,79663,1.0,0.6745738099416237]
[79669,79666,1.0,0.6482275333471897]
[101755,23181,1.0,0.47801120618045945]
[3573,3570,1.0,0.981749654234522]
[12629,12626,1.0,0.9877726362494229]
[87501,87498,1.0,0.9380581988527146]
[49363,49360,1.0,0.993318996418406]
[122437,112300,1.0,0.6218321235880866]
[49366,49360,1.0,0.9909944100178042]
[49366,49363,1.0,0.9935047841791984]
[59720,53744,1.0,0.47703300561188783]
[66869,66863,1.0,0.9450939596612058]
[66869,66866,1.0,0.8405505420240426]
[129633,90178,1.0,0.5961509722361986]
[34019,34016,1.0,0.993318996418406]
[66872,66869,1.0,0.9430226838288087]
[66872,66863,1.0,0.9952227536000962]
[116038,90178,1.0,0.4449139117006605]
[124690,90178,1.0,0.5640839433232503]
[90178,24539,1.0,0.4290699127525045]
[90178,66869,1.0,0.4664659770332346]
[90178,74624,1.0,0.4180183898930992]
[90178,47264,1.0,0.4051843013549138]
[90178,85757,1.0,0.9693075574272907]
[90178,40255,1.0,0.6011683574643334]
[59761,59749,1.0,0.9952227536000962]
[59761,59755,1.0,0.9935292479653834]
[59761,59752,1.0,0.6646216959139983]
[59761,59758,1.0,0.991342568184257]
[60452,60446,1.0,0.9929984661036967]
[59755,59749,1.0,0.9790852971771963]
[59755,59752,1.0,0.6548465920396779]
[58512,58509,1.0,0.9923958418221456]
[59752,59749,1.0,0.6646216959139983]
[59758,59749,1.0,0.9942210190729687]
[59758,59755,1.0,0.9922313477282955]
[59758,59752,1.0,0.6659639330003287]
[110785,12047,1.0,0.49010763964616705]
[110785,92147,1.0,0.468240281435228]
[58515,58509,1.0,0.9868000962940464]
[58515,58512,1.0,0.9864193413085509]
[115057,115054,1.0,0.7391711310541966]
[118159,118156,1.0,0.9399890575060887]
[118159,118153,1.0,0.9813123597709333]
[118156,118153,1.0,0.9546256447771517]
[109231,109225,1.0,0.8805193100364576]
[96475,96469,1.0,0.9770959918953063]
[46976,46973,1.0,0.903350028097785]
[118162,118159,1.0,0.987897422277693]
[118162,118156,1.0,0.9546256447771517]
[118162,118153,1.0,0.9952227536000962]
[81369,81366,1.0,0.9778085403978543]
[129004,128998,1.0,0.8360023679868923]
[129004,128992,1.0,0.8505242311631667]
[129004,129001,1.0,0.6778277411174891]
[129004,128995,1.0,0.8505242311631667]
[128998,128992,1.0,0.9943950391570788]
[128998,128995,1.0,0.9915959174509185]
[129007,129004,1.0,0.8023555769378862]
[129007,128998,1.0,0.9890229183196592]
[129007,128992,1.0,0.9905268370031738]
[129007,129001,1.0,0.987000227592539]
[129007,128995,1.0,0.9886249762500989]
[129001,128998,1.0,0.9798213902421556]
[129001,128992,1.0,0.982326636394208]
[129001,128995,1.0,0.9745093494150069]
[128995,128992,1.0,0.9927962471656973]
[10081,10078,1.0,0.7259548603692071]
[10081,10075,1.0,0.9952227536000962]
[13435,13432,1.0,0.9898478993804241]
[24889,11788,1.0,0.45310691440601003]
[48580,18197,1.0,0.47156060901555263]
[48580,18853,1.0,0.5759193113249428]
[70133,70130,1.0,0.9952227536000962]
[10078,10075,1.0,0.7259548603692071]
[10084,10081,1.0,0.4242328608603623]
[10084,10075,1.0,0.4242328608603623]
[69359,59168,1.0,0.5421028052995499]
[59168,48580,1.0,0.41767947200220545]
[78830,7712,1.0,0.4343723620749465]
[19655,19652,1.0,0.9952227536000962]
[19658,19655,1.0,0.9889264530678092]
[19658,19652,1.0,0.9889264530678092]
[19360,19357,1.0,0.9887519955290488]
[19363,19360,1.0,0.9769760813252124]
[19363,19357,1.0,0.9935292479653834]
[101598,42492,1.0,0.43385765082126515]
[19366,19360,1.0,0.9353638659497803]
[19366,19357,1.0,0.9724205642838535]
[19366,19363,1.0,0.9281911589661599]
[73325,26885,1.0,0.7292235713154888]
[73325,62496,1.0,0.45621194553775407]
[127453,103443,1.0,0.41869379817278257]
[127453,103437,1.0,0.41869379817278257]
[127453,103434,1.0,0.41869379817278257]
[64877,64871,1.0,0.9508174416671649]
[64877,64874,1.0,0.9185592614966014]
[58053,58050,1.0,0.5327306097178139]
[58053,58047,1.0,0.663375815095528]
[58050,58047,1.0,0.9877726362494229]
[103443,103440,1.0,0.9772865202085483]
[103443,103437,1.0,0.9847005183391978]
[103443,103434,1.0,0.9909424776519933]
[103440,103437,1.0,0.985486000017246]
[103440,103434,1.0,0.9924756507216878]
[64874,64871,1.0,0.9771195421786449]
[103437,86203,1.0,0.4500627021551777]
[103437,103434,1.0,0.9905476616675561]
[103446,103443,1.0,0.9929527558450003]
[103446,103440,1.0,0.9879163570105731]
[103446,103437,1.0,0.987710345588299]
[103446,103434,1.0,0.9936734116065394]
[122404,122401,1.0,0.9367142424639746]
[68852,17416,1.0,0.5722911840419328]
[129267,52636,1.0,0.4106612668657779]
[80381,80378,1.0,0.9760205602085433]
[120514,77378,1.0,0.5802354857077043]
[120514,63837,1.0,0.6841173255218778]
[120514,81316,1.0,0.4814164162703418]
[120514,20624,1.0,0.5090573692620367]
[56578,42576,1.0,0.46385411314006053]
[56578,49866,1.0,0.43490493056033247]
[56578,53496,1.0,0.5178650483556725]
[56578,834,1.0,0.5153701386338511]
[88871,88868,1.0,0.9922167805681404]
[88871,19768,1.0,0.4031323872327794]
[88871,80340,1.0,0.5190138534674571]
[88871,88865,1.0,0.9935931584503201]
[90357,19768,1.0,0.4272979983799833]
[90357,32639,1.0,0.48338485519219765]
[90357,76667,1.0,0.41911357237709357]
[88868,32639,1.0,0.4686406879506776]
[88868,88865,1.0,0.994205387626701]
[47056,21961,1.0,0.49985380004299634]
[47056,5234,1.0,0.44070682340976336]
[89296,89284,1.0,0.9825658098546675]
[89296,89290,1.0,0.9806877351509753]
[89296,89287,1.0,0.8674227477514911]
[89296,89293,1.0,0.9688197458745405]
[30204,6152,1.0,0.42155996602220136]
[101415,101406,1.0,0.9681691572830166]
[101415,101412,1.0,0.9313406958991008]
[101415,101409,1.0,0.9487443116109547]
[101412,101406,1.0,0.9874882310208049]
[101412,101409,1.0,0.9826036505497746]
[13408,13405,1.0,0.9944100524249665]
[32639,19768,1.0,0.4871652010664841]
[101409,101406,1.0,0.9914756223331858]
[112993,112990,1.0,0.9637910889093805]
[10410,6152,1.0,0.4524146296011429]
[80340,32639,1.0,0.550925169734684]
[80340,76667,1.0,0.4267500036200928]
[34360,6703,1.0,0.4216205943389794]
[112996,112993,1.0,0.7763593772091756]
[112996,112990,1.0,0.848324624475045]
[24494,24488,1.0,0.9766275256999142]
[89290,89284,1.0,0.9921471266607758]
[89290,89287,1.0,0.9277158168454065]
[88865,32639,1.0,0.5065279521026114]
[43721,43718,1.0,0.9905564682541387]
[101418,101406,1.0,0.9610514229238275]
[101418,101415,1.0,0.9431341778372372]
[101418,101412,1.0,0.9429870193920611]
[101418,101409,1.0,0.9400302381852167]
[128694,88871,1.0,0.42586910645537684]
[128694,126636,1.0,0.4052753693484005]
[128694,51217,1.0,0.4635389976862697]
[128694,91937,1.0,0.40433808996613735]
[89287,89284,1.0,0.9788196035208977]
[112999,112993,1.0,0.6532025386651007]
[112999,112990,1.0,0.6982738148453775]
[89293,89284,1.0,0.9926680456172919]
[89293,89290,1.0,0.9917700548343978]
[89293,89287,1.0,0.92921116218213]
[43724,43718,1.0,0.9952227536000962]
[43724,25622,1.0,0.41735646990784825]
[43724,43721,1.0,0.9905564682541387]
[81289,81280,1.0,0.9438578372189556]
[81289,81286,1.0,0.9047312598305415]
[81289,81283,1.0,0.5978163363436751]
[87018,87012,1.0,0.740807740919954]
[87018,87015,1.0,0.6352905517064754]
[87015,87012,1.0,0.9662118376569963]
[81286,81280,1.0,0.9929318100825512]
[81286,81283,1.0,0.636240407782922]
[87021,87018,1.0,0.6813528103204184]
[87021,87012,1.0,0.8901754355922881]
[87021,87015,1.0,0.8124208863543363]
[81283,81280,1.0,0.6281459329363798]
[109185,109182,1.0,0.9952227536000962]
[109188,109185,1.0,0.9944839100296186]
[109188,109182,1.0,0.9944839100296186]
[109191,109185,1.0,0.9941408197837822]
[109191,109182,1.0,0.9941408197837822]
[109191,109188,1.0,0.9932113390860128]
[119164,12252,1.0,0.5495407109634413]
[119164,119158,1.0,0.8972374176801388]
[119164,119161,1.0,0.9754620563309383]
[119164,119155,1.0,0.9840195774296763]
[71352,71343,1.0,0.9946424279692275]
[119158,12252,1.0,0.46026718463419103]
[119158,119155,1.0,0.9671986508037096]
[119161,97734,1.0,0.445396547373676]
[119161,71343,1.0,0.43353707295647315]
[119161,118414,1.0,0.7478000340738366]
[119161,62635,1.0,0.46635669962112153]
[119161,12252,1.0,0.8188928699396882]
[119161,71352,1.0,0.4315931916156782]
[119161,12222,1.0,0.7474480870238045]
[119161,555,1.0,0.523760313250657]
[119161,83520,1.0,0.5723824985721748]
[119161,119158,1.0,0.9124242647479021]
[119161,119155,1.0,0.9784540400052995]
[119161,34032,1.0,0.6419488921428219]
[119155,12252,1.0,0.506599403194973]
[34032,12252,1.0,0.4632546948939708]
[125821,119161,1.0,0.6116038678793676]
[49237,6198,1.0,0.4122756771179867]
[49237,38479,1.0,0.5024749486200515]
[75752,9097,1.0,0.47153222584067567]
[119505,119499,1.0,0.8391287221723881]
[119505,119502,1.0,0.8391287221723881]
[117333,73986,1.0,0.5663756362549326]
[12530,6198,1.0,0.40483819354731004]
[104521,36458,1.0,0.6823482028595984]
[49264,49261,1.0,0.9893525123480461]
[43805,19196,1.0,0.40534146378678326]
[117336,117333,1.0,0.9859499491540309]
[117336,73986,1.0,0.5296934800237573]
[110376,5176,1.0,0.4029230643495431]
[110376,49237,1.0,0.4492994467241583]
[110376,28208,1.0,0.5079771720738501]
[110376,43707,1.0,0.5025295677412783]
[110376,36458,1.0,0.41554571842909793]
[110376,76404,1.0,0.6296185824346783]
[110376,49246,1.0,0.4335369766155717]
[110376,11493,1.0,0.4164305022247699]
[110376,110373,1.0,0.6696697433314087]
[110376,49243,1.0,0.4059528318740648]
[110376,110367,1.0,0.9927742648919292]
[110376,66205,1.0,0.47986998938040343]
[110376,110370,1.0,0.9436566417132237]
[110376,9789,1.0,0.43541329178563193]
[92113,73986,1.0,0.591618192062378]
[105867,73986,1.0,0.6577964164829814]
[102366,49237,1.0,0.5582368812455771]
[102366,49246,1.0,0.543290602700979]
[102366,73986,1.0,0.5929582634598424]
[102366,49243,1.0,0.5226429845827691]
[87595,49237,1.0,0.67567869630748]
[87595,49246,1.0,0.67567869630748]
[87595,73986,1.0,0.44699148575540126]
[87595,49243,1.0,0.6807830518228383]
[76404,6198,1.0,0.43896143611730976]
[49246,49237,1.0,0.9927904021198166]
[49246,38479,1.0,0.5024749486200515]
[49246,49243,1.0,0.9739992068698259]
[80224,9789,1.0,0.5525099950367582]
[74408,19196,1.0,0.40564781406941663]
[34837,9789,1.0,0.4892414487825683]
[11493,6198,1.0,0.45867334299874807]
[110373,5176,1.0,0.4288052581504253]
[110373,28208,1.0,0.4114713139876448]
[110373,43707,1.0,0.40182304043962747]
[110373,36458,1.0,0.43413593715758986]
[110373,76404,1.0,0.5321835660767686]
[110373,11493,1.0,0.4085369399450283]
[110373,110367,1.0,0.6831856993249832]
[110373,66205,1.0,0.42029496932365745]
[110373,110370,1.0,0.45171946041805144]
[110373,9789,1.0,0.46512143701478337]
[93354,93351,1.0,0.9905688649405823]
[25684,12530,1.0,0.6052496361532564]
[25684,11493,1.0,0.4340637364797874]
[25684,19196,1.0,0.6465161450155136]
[25684,9789,1.0,0.64995895301494]
[73986,49237,1.0,0.5825862706035451]
[73986,49264,1.0,0.5118399736040985]
[73986,50526,1.0,0.4155097837218941]
[73986,12093,1.0,0.5424592213057092]
[73986,2161,1.0,0.6297383829537271]
[73986,49246,1.0,0.5644362887847771]
[73986,60456,1.0,0.6168697944241504]
[73986,35941,1.0,0.5796576569488772]
[73986,10507,1.0,0.46535200136126226]
[73986,38479,1.0,0.48638067035338683]
[73986,22680,1.0,0.4593752205384626]
[73986,72105,1.0,0.4460478053333126]
[73986,54781,1.0,0.7041945982904169]
[73986,49243,1.0,0.7059889544443068]
[73986,73983,1.0,0.9703262733155309]
[73986,52029,1.0,0.5276244537941288]
[73986,71427,1.0,0.4376365555902331]
[73986,49267,1.0,0.538305632896567]
[73986,15760,1.0,0.46090955585436355]
[73986,70952,1.0,0.5182128322801133]
[73986,49261,1.0,0.42074896080157254]
[73986,73980,1.0,0.9703262733155309]
[73986,53698,1.0,0.6441845409785251]
[73989,49237,1.0,0.5699394776274979]
[73989,49246,1.0,0.5699394776274979]
[73989,60456,1.0,0.6151150457918714]
[73989,73986,1.0,0.9553035387261123]
[73989,54781,1.0,0.6371690575762085]
[73989,49243,1.0,0.694343196709919]
[73989,73983,1.0,0.9862929354328317]
[73989,73980,1.0,0.9927904021198166]
[72105,49237,1.0,0.4384305155969771]
[72105,49246,1.0,0.4384305155969771]
[54781,53698,1.0,0.42610771637246014]
[83176,73986,1.0,0.485303167448724]
[102021,73986,1.0,0.4759045793281273]
[49243,49237,1.0,0.9844532432182259]
[49243,6198,1.0,0.43150663780401194]
[16663,11493,1.0,0.500489981340788]
[73983,49237,1.0,0.5825862706035451]
[73983,49246,1.0,0.5644362887847771]
[73983,60456,1.0,0.6151150457918714]
[73983,54781,1.0,0.6259028609579695]
[73983,49243,1.0,0.7059889544443068]
[73983,73980,1.0,0.9905184592921065]
[125208,110376,1.0,0.4697892545229175]
[125208,110367,1.0,0.4697892545229175]
[119502,119499,1.0,0.9952227536000962]
[110367,5176,1.0,0.4029230643495431]
[110367,49237,1.0,0.4492994467241583]
[110367,28208,1.0,0.5079771720738501]
[110367,43707,1.0,0.5025295677412783]
[110367,36458,1.0,0.41554571842909793]
[110367,76404,1.0,0.6296185824346783]
[110367,49246,1.0,0.4335369766155717]
[110367,11493,1.0,0.4164305022247699]
[110367,49243,1.0,0.4059528318740648]
[110367,66205,1.0,0.5075879490976902]
[110367,9789,1.0,0.43541329178563193]
[49267,49264,1.0,0.917981048576408]
[49267,49261,1.0,0.9465536917772025]
[38844,12530,1.0,0.5672153635258002]
[66205,25684,1.0,0.48039149383158264]
[110370,49237,1.0,0.4492994467241583]
[110370,28208,1.0,0.4644202102191303]
[110370,43707,1.0,0.6629410233253584]
[110370,76404,1.0,0.519368410900385]
[110370,49246,1.0,0.4335369766155717]
[110370,11493,1.0,0.40489114222039]
[110370,49243,1.0,0.4059528318740648]
[110370,110367,1.0,0.9436566417132237]
[110370,66205,1.0,0.46220074726651683]
[49261,49237,1.0,0.40182117751097035]
[49261,49246,1.0,0.40182117751097035]
[73980,49237,1.0,0.5825862706035451]
[73980,49246,1.0,0.5644362887847771]
[73980,60456,1.0,0.6151150457918714]
[73980,54781,1.0,0.6259028609579695]
[73980,49243,1.0,0.7059889544443068]
[117342,73986,1.0,0.46123148020142835]
[53698,49237,1.0,0.7822099337680684]
[53698,49246,1.0,0.7822099337680684]
[53698,49243,1.0,0.7968028253683453]
[44452,21796,1.0,0.40475820162730386]
[118347,118344,1.0,0.9923138789423898]
[125944,44452,1.0,0.5647695894490075]
[54415,54412,1.0,0.9871631705589429]
[118353,118347,1.0,0.9267414210675848]
[118353,118344,1.0,0.9487669544132898]
[54418,54412,1.0,0.9925468645354409]
[54418,54415,1.0,0.9594037089309237]
[31014,31011,1.0,0.9941331399080218]
[74349,74340,1.0,0.8499762275559705]
[2411,2405,1.0,0.6478374762905331]
[2411,2408,1.0,0.9697473489457609]
[70585,70582,1.0,0.9333226431778733]
[1688,1682,1.0,0.9917773144204897]
[2408,2405,1.0,0.9952227536000962]
[13273,13270,1.0,0.9872041229503918]
[82002,75301,1.0,0.4322697438129526]
[121213,34846,1.0,0.41920659915871683]
[42989,42986,1.0,0.9575067358127766]
[96606,96594,1.0,0.9863904669670592]
[96606,96603,1.0,0.9740903667272343]
[118177,118174,1.0,0.9816683621802947]
[75304,75298,1.0,0.9937807051809457]
[75304,75301,1.0,0.9952227536000962]
[124555,73133,1.0,0.487001272516248]
[75307,75298,1.0,0.9266817277000012]
[75307,75304,1.0,0.8635154352687489]
[75307,75301,1.0,0.9266817277000012]
[6421,6418,1.0,0.9928142457770885]
[116158,116152,1.0,0.9909251903137]
[116158,116155,1.0,0.9820638162478066]
[56727,49164,1.0,0.5616654241455319]
[101868,55140,1.0,0.42159015481381806]
[101868,54769,1.0,0.4887203768223812]
[96603,96594,1.0,0.9861464120448776]
[96603,54769,1.0,0.4149510845691412]
[41375,41372,1.0,0.985379561008194]
[54376,54373,1.0,0.9456855889588791]
[71289,53473,1.0,0.4448158533169293]
[10321,10315,1.0,0.8957582821403975]
[10321,10318,1.0,0.8602619119384812]
[42992,42989,1.0,0.9695590842786521]
[42992,42986,1.0,0.9936282955531263]
[6424,6421,1.0,0.6373816965574742]
[6424,6418,1.0,0.6386296247101919]
[130590,6427,1.0,0.4036498533121032]
[6430,6421,1.0,0.9891410529679717]
[6430,6424,1.0,0.5931510389932482]
[6430,6418,1.0,0.9926743582162448]
[6430,6427,1.0,0.9926743582162448]
[10318,10315,1.0,0.9833472562359349]
[75301,75298,1.0,0.9952227536000962]
[75301,54769,1.0,0.43517042478465645]
[116155,116152,1.0,0.9929318100825512]
[6427,6421,1.0,0.9952227536000962]
[6427,6424,1.0,0.9736023732393128]
[6427,6418,1.0,0.9952227536000962]
[119478,89596,1.0,0.41466528188358537]
[119478,25876,1.0,0.4106473223860088]
[68890,41390,1.0,0.4204685923626912]
[66676,41390,1.0,0.4973759429550689]
[66676,12325,1.0,0.6768130291636176]
[66676,27551,1.0,0.4625820964895582]
[102552,102546,1.0,0.9757499058522477]
[102552,102549,1.0,0.9757499058522477]
[102549,77306,1.0,0.47209549299194425]
[102549,72882,1.0,0.40199810669206887]
[102549,66676,1.0,0.4902389888575168]
[102549,102546,1.0,0.9952227536000962]
[102549,3218,1.0,0.46297320172969636]
[102549,89596,1.0,0.47434386138097306]
[102549,25876,1.0,0.5263223810428684]
[102549,54947,1.0,0.5044952793779955]
[89596,29725,1.0,0.44343541219797616]
[78198,66676,1.0,0.4140163982917274]
[78198,78192,1.0,0.9788708857390968]
[25876,262,1.0,0.4161608402355949]
[103228,49919,1.0,0.42472254541968135]
[78201,66676,1.0,0.46635501985376926]
[78201,78198,1.0,0.9255387938884092]
[78201,78192,1.0,0.9717799580628109]
[78067,68890,1.0,0.4758622072062195]
[78067,66676,1.0,0.5210031631675421]
[26567,26564,1.0,0.9952227536000962]
[104145,90107,1.0,0.4483538363974766]
[104145,27551,1.0,0.46420015920028246]
[26570,26564,1.0,0.9790421796013207]
[26570,26567,1.0,0.988143526961732]
[78192,66676,1.0,0.4140163982917274]
[78999,72882,1.0,0.43737944829410647]
[78999,3218,1.0,0.4020896370758125]
[7821,7818,1.0,0.9822778125347954]
[76993,56002,1.0,0.4761198146022359]
[52205,52199,1.0,0.9404629904466545]
[52205,52202,1.0,0.9404629904466545]
[108736,108733,1.0,0.9766096538837457]
[9254,9248,1.0,0.9329595277449009]
[21087,1523,1.0,0.45327399483629033]
[52208,52205,1.0,0.9353840754255255]
[52208,52199,1.0,0.9946149626479851]
[52208,52202,1.0,0.9946149626479851]
[21636,21630,1.0,0.9909251903137]
[21636,21633,1.0,0.988709654476227]
[78733,78730,1.0,0.9937353308824888]
[127176,1523,1.0,0.4442138993134949]
[127948,21636,1.0,0.5116588953608472]
[127948,21630,1.0,0.5199157590521576]
[127948,1523,1.0,0.4488233609106958]
[127948,43948,1.0,0.4109033120121079]
[127948,9248,1.0,0.44911749648951804]
[127948,21633,1.0,0.49894282953243607]
[19225,19219,1.0,0.9783487862840237]
[89035,1523,1.0,0.42658545469143155]
[89035,43948,1.0,0.6606406433280468]
[43948,7821,1.0,0.5121793768330006]
[43948,7818,1.0,0.5121793768330006]
[43948,20056,1.0,0.5402141118082109]
[43948,19789,1.0,0.5551389389727872]
[78736,78733,1.0,0.9420942306748397]
[78736,78730,1.0,0.9487210080035515]
[57505,57502,1.0,0.9905564682541387]
[93654,52205,1.0,0.5979038298172208]
[93654,52208,1.0,0.5373078740860682]
[93654,52199,1.0,0.5332843492399586]
[93654,52202,1.0,0.5332843492399586]
[20056,1523,1.0,0.4034872878983319]
[76707,76704,1.0,0.9902570385699506]
[126925,126919,1.0,0.9792493771446837]
[126925,126922,1.0,0.9792493771446837]
[70760,1523,1.0,0.4736678207813519]
[76710,76704,1.0,0.9933677579237732]
[76710,76707,1.0,0.9869049800510719]
[128743,93654,1.0,0.4049594817101819]
[57508,57502,1.0,0.9952227536000962]
[57508,57505,1.0,0.9905564682541387]
[52202,52199,1.0,0.9952227536000962]
[21633,21630,1.0,0.993984955328199]
[126922,126919,1.0,0.9952227536000962]
[93790,76993,1.0,0.4356873298822763]
[19228,19225,1.0,0.9739737328148803]
[19228,19219,1.0,0.993984955328199]
[51128,51122,1.0,0.9367955440040951]
[51128,51125,1.0,0.9367955440040951]
[96402,96399,1.0,0.989769623084599]
[60650,60647,1.0,0.9352045199084864]
[116397,116394,1.0,0.944657955501893]
[16242,12601,1.0,0.41061449146940227]
[60653,60650,1.0,0.9810576447119201]
[60653,60647,1.0,0.9952227536000962]
[116406,116397,1.0,0.6891168915971032]
[116406,116394,1.0,0.977654719923328]
[116406,116403,1.0,0.7690180319415612]
[116403,116397,1.0,0.43359509527376877]
[116403,116394,1.0,0.9187787630148765]
[122548,16242,1.0,0.4001723577142929]
[51125,51122,1.0,0.9952227536000962]
[27002,26999,1.0,0.9933245695359958]
[51702,51699,1.0,0.9932836139634625]
[65116,1286,1.0,0.48784152493084115]
[65116,53787,1.0,0.5052473957194834]
[65116,53790,1.0,0.4511076537371636]
[65116,53784,1.0,0.4511076537371636]
[65116,53781,1.0,0.5063261189082296]
[65833,65116,1.0,0.4928186864574743]
[53787,53784,1.0,0.9913390224778221]
[53787,53781,1.0,0.9936734116065394]
[53790,53787,1.0,0.9756038681174749]
[53790,53784,1.0,0.9913138419944877]
[53790,53781,1.0,0.9841570557277245]
[27011,27002,1.0,0.9876981751144676]
[27011,26999,1.0,0.9876981751144676]
[27011,8768,1.0,0.4804463793776645]
[27011,27005,1.0,0.9598197175718479]
[27011,27008,1.0,0.9487809518792966]
[53784,53781,1.0,0.9933550320030448]
[76332,76329,1.0,0.9922903116537733]
[27005,27002,1.0,0.9902811199719884]
[27005,26999,1.0,0.9929984661036967]
[27008,27002,1.0,0.974804068315262]
[27008,26999,1.0,0.974804068315262]
[27008,27005,1.0,0.9237510954131242]
[21819,21816,1.0,0.9797608061294161]
[100765,85538,1.0,0.5070744408734976]
[100765,91107,1.0,0.4125519920824187]
[3599,3593,1.0,0.9822363051570658]
[85538,36155,1.0,0.658282042776613]
[85538,14070,1.0,0.46168659257700534]
[129703,42530,1.0,0.4660213319933112]
[126451,126442,1.0,0.9877837575422204]
[126451,126448,1.0,0.7682993977636781]
[126451,126445,1.0,0.9775742026176168]
[126448,126442,1.0,0.892938218428759]
[126448,126445,1.0,0.8950759681045379]
[101077,101074,1.0,0.9881108428991121]
[126445,126442,1.0,0.9891356835907431]
[52495,52492,1.0,0.9921139362420168]
[52498,52495,1.0,0.9852827017991315]
[52498,52492,1.0,0.9906148513116056]
[92099,92096,1.0,0.9759468810921452]
[122884,122881,1.0,0.9864788906163472]
[122884,122878,1.0,0.993172515220938]
[122890,122884,1.0,0.9714875166490975]
[122890,122881,1.0,0.9621781058093122]
[122890,122887,1.0,0.9796817121250049]
[122890,122878,1.0,0.9796817121250049]
[122881,122878,1.0,0.9904170844565569]
[122887,122884,1.0,0.9909007684684732]
[122887,122881,1.0,0.9904170844565569]
[122887,122878,1.0,0.9952227536000962]
[126601,126598,1.0,0.9952227536000962]
[60260,60257,1.0,0.9821296437217932]
[60263,60260,1.0,0.9468981132525719]
[60263,60257,1.0,0.9756312221413671]
[128329,128323,1.0,0.9425523877669469]
[128329,128326,1.0,0.8634436581164192]
[128329,128320,1.0,0.9610392258200497]
[128323,128320,1.0,0.9922323843947127]
[29119,29116,1.0,0.8645705628439903]
[128326,128323,1.0,0.984043840786999]
[128326,128320,1.0,0.9922323843947127]
[29125,29119,1.0,0.8588748872568602]
[29125,29116,1.0,0.980996709621054]
[128332,128329,1.0,0.9155062393675618]
[128332,128323,1.0,0.9786083901195392]
[128332,128326,1.0,0.9433049085368089]
[128332,128320,1.0,0.9860104397909322]
[120232,120229,1.0,0.9856137894884882]
[130216,130213,1.0,0.9930676807585843]
[3464,3120,1.0,0.4137461752716751]
[127624,4054,1.0,0.4230530258918005]
[127624,11154,1.0,0.5777325630345949]
[127624,14896,1.0,0.4304954181769033]
[120235,120232,1.0,0.9908528278755304]
[120235,120229,1.0,0.9952227536000962]
[120235,42767,1.0,0.4566523023790158]
[130219,130216,1.0,0.7834471817016603]
[130219,130213,1.0,0.7845403756085647]
[73383,26988,1.0,0.6161608479900833]
[73383,67456,1.0,0.44731942546047426]
[130222,130216,1.0,0.9711804471806541]
[130222,130219,1.0,0.6149645993637811]
[130222,130213,1.0,0.979122242367963]
[115792,115783,1.0,0.974937267542104]
[57662,57659,1.0,0.9952227536000962]
[57665,57662,1.0,0.9070211231685509]
[57665,57659,1.0,0.9070211231685509]
[678,675,1.0,0.9831374193776826]
[681,678,1.0,0.9922323843947127]
[681,675,1.0,0.987976439338623]
[77051,678,1.0,0.5411875209179804]
[75111,75108,1.0,0.9852705119952033]
[57873,57867,1.0,0.9456052639617455]
[57873,57870,1.0,0.9343525907337392]
[52150,44274,1.0,0.8124462330621507]
[125638,93829,1.0,0.4501220072577683]
[39583,39577,1.0,0.9939734548566995]
[39583,39580,1.0,0.9925250430300573]
[118896,76630,1.0,0.4589682342387957]
[39586,39577,1.0,0.9940863297029798]
[39586,39583,1.0,0.9816372816831098]
[39586,39580,1.0,0.9934604513005828]
[39580,39577,1.0,0.9940505964275935]
[87469,84190,1.0,0.41028330630182563]
[48517,43119,1.0,0.43504387371549136]
[43119,1058,1.0,0.5512898571678739]
[57870,57867,1.0,0.985001855565494]
[2675,2672,1.0,0.9938330733054215]
[87097,3662,1.0,0.5694302841623183]
[3662,3659,1.0,0.9891164748499857]
[3668,3659,1.0,0.9952227536000962]
[3668,3662,1.0,0.9891164748499857]
[2678,2675,1.0,0.9755428287044067]
[2678,2672,1.0,0.9936734116065394]
[80464,80461,1.0,0.9893596067077591]
[80467,80461,1.0,0.9705515362490387]
[80467,80464,1.0,0.9073577366118212]
[90895,90892,1.0,0.9367955440040951]
[90898,90895,1.0,0.9281445076704329]
[90898,90892,1.0,0.993833290446873]
[99096,74007,1.0,0.6679868918540509]
[74007,2472,1.0,0.49141565403799703]
[124318,91759,1.0,0.4663964320202293]
[17635,17626,1.0,0.9693054343134058]
[53577,6271,1.0,0.5328792486244698]
[127432,83977,1.0,0.506194048073455]
[93884,93881,1.0,0.7837804069286499]
[93884,48959,1.0,0.44697672844545966]
[93884,93878,1.0,0.936233419560218]
[83977,57596,1.0,0.4648145385174504]
[83977,80309,1.0,0.5521006042096447]
[83977,80315,1.0,0.5485091007551111]
[83977,66833,1.0,0.6068360725360564]
[83977,80312,1.0,0.5521006042096447]
[80315,80309,1.0,0.969148057124617]
[80315,80312,1.0,0.9712800916458163]
[93881,48959,1.0,0.5090050007987347]
[93881,93878,1.0,0.9874632817719128]
[93353,48959,1.0,0.5529457058630675]
[66833,47717,1.0,0.6552566984164795]
[66833,11659,1.0,0.5634730556171604]
[66833,48959,1.0,0.7441833771711989]
[49685,48959,1.0,0.5028955730698998]
[48959,31209,1.0,0.40680863987332694]
[48959,11659,1.0,0.40060332959981165]
[93878,48959,1.0,0.4769972627148013]
[80312,80309,1.0,0.989600274614173]
[51375,45700,1.0,0.45230537984930735]
[51375,45706,1.0,0.5137079553958793]
[51375,45703,1.0,0.45230537984930735]
[45706,45700,1.0,0.9952227536000962]
[45706,45703,1.0,0.9927904021198166]
[112090,112084,1.0,0.9952227536000962]
[112090,112087,1.0,0.9923138789423898]
[101926,101923,1.0,0.9893244967337156]
[112087,112084,1.0,0.9923138789423898]
[45703,45700,1.0,0.9927904021198166]
[79004,79001,1.0,0.9952227536000962]
[79007,79001,1.0,0.9893482974048052]
[79007,79004,1.0,0.9893482974048052]
[107512,22882,1.0,0.5090189447417072]
[68561,68558,1.0,0.9942322398449379]
[71295,16570,1.0,0.5980703375470597]
[16570,2891,1.0,0.4137992697674786]
[16570,11100,1.0,0.44351612954337144]
[16570,16564,1.0,0.9770852295737608]
[16570,14283,1.0,0.4953677617516722]
[16570,923,1.0,0.402606843618251]
[16570,16567,1.0,0.9770852295737608]
[16570,4082,1.0,0.5489427346483494]
[118578,118575,1.0,0.9933607062578763]
[76858,16570,1.0,0.493158534483172]
[87704,16570,1.0,0.4147877405539418]
[118581,118578,1.0,0.9844011558971058]
[118581,118575,1.0,0.9885015185435198]
[46718,16570,1.0,0.7444800973760546]
[83777,16570,1.0,0.4338959262301859]
[87007,31849,1.0,0.5659355858144395]
[87007,80765,1.0,0.546349740735934]
[51427,16570,1.0,0.40709786227932265]
[31849,12909,1.0,0.4317361156188473]
[31849,22882,1.0,0.4018119564792925]
[67881,16570,1.0,0.48571688878338587]
[21067,16570,1.0,0.6009310081940187]
[80765,12909,1.0,0.48855332877119173]
[80765,22882,1.0,0.5433098476783934]
[80765,21520,1.0,0.6761406333290302]
[118584,118578,1.0,0.990752996586039]
[118584,118581,1.0,0.9929984661036967]
[118584,118575,1.0,0.9932836139634625]
[64050,64044,1.0,0.988413682643911]
[64050,64047,1.0,0.9652290689094053]
[89973,16570,1.0,0.43000290795993434]
[23902,16570,1.0,0.46243492200405784]
[50799,16570,1.0,0.41444324571976693]
[97393,16570,1.0,0.5961220772141196]
[16567,16564,1.0,0.9952227536000962]
[16567,12909,1.0,0.49455913656861705]
[68567,68561,1.0,0.9710847901720272]
[68567,16570,1.0,0.40234658164880793]
[68567,68558,1.0,0.9867654876444121]
[22882,16567,1.0,0.47269056797076503]
[64726,16570,1.0,0.5207670141257601]
[64047,64044,1.0,0.9833514052893394]
[19725,19722,1.0,0.9877726362494229]
[116503,108780,1.0,0.4554026823316334]
[57706,57703,1.0,0.99133259848331]
[57706,57700,1.0,0.99133259848331]
[66383,66380,1.0,0.9922234894189341]
[39626,39623,1.0,0.9795558377976246]
[97440,91819,1.0,0.5248648656289323]
[108780,52376,1.0,0.4100332453024761]
[108780,63743,1.0,0.4641271832956289]
[19728,19725,1.0,0.9877726362494229]
[19728,19722,1.0,0.9952227536000962]
[89770,52376,1.0,0.4962858887102528]
[57703,57700,1.0,0.9952227536000962]
[57703,28211,1.0,0.4154046186864123]
[75047,52376,1.0,0.48971080811558965]
[113544,61069,1.0,0.613423811921525]
[39629,39626,1.0,0.9838115848188781]
[39629,39623,1.0,0.9877726362494229]
[110307,52376,1.0,0.4888442705996856]
[71136,13201,1.0,0.4943947181019091]
[71136,49742,1.0,0.4930088168387959]
[43379,43376,1.0,0.9678041059642595]
[56526,56523,1.0,0.9926278674655746]
[56526,56520,1.0,0.9915688692058094]
[56523,56520,1.0,0.9952227536000962]
[43385,43379,1.0,0.8396239170866775]
[43385,43376,1.0,0.7322082413894452]
[43385,43382,1.0,0.6223100650641723]
[43382,43379,1.0,0.9366418309959622]
[43382,43376,1.0,0.9877726362494229]
[24545,19542,1.0,0.7008033876383823]
[82677,82674,1.0,0.9889469435919268]
[82683,24545,1.0,0.8209144444255306]
[82683,82677,1.0,0.9873253145995766]
[82683,37840,1.0,0.4935401818798094]
[82683,82674,1.0,0.9873253145995766]
[82683,56289,1.0,0.4340896991978944]
[82683,19542,1.0,0.6445040654004733]
[82683,82680,1.0,0.978469988389164]
[82683,72226,1.0,0.40783165908563446]
[82683,11959,1.0,0.6400209685451236]
[82683,56259,1.0,0.4896529256044796]
[82680,82677,1.0,0.9801766291725692]
[82680,82674,1.0,0.9911955626349124]
[102061,82683,1.0,0.5415399701198601]
[118770,118767,1.0,0.8895064194072531]
[118770,6565,1.0,0.46483096508335303]
[15943,15940,1.0,0.9876579688040311]
[47404,999,1.0,0.42630732544194505]
[47404,16917,1.0,0.5089204514591977]
[47404,47401,1.0,0.8462158805419375]
[47404,47395,1.0,0.9149750074859405]
[47404,47398,1.0,0.7455503039713745]
[47404,45540,1.0,0.6039867695758283]
[77449,77446,1.0,0.9952227536000962]
[47401,47395,1.0,0.9858317041241736]
[47401,47398,1.0,0.9127906200155701]
[109128,109119,1.0,0.9834125438639097]
[109128,109122,1.0,0.8756613541339889]
[109128,109125,1.0,0.9095996056488745]
[87721,86071,1.0,0.4255946406667852]
[47398,47395,1.0,0.9625284274897585]
[72128,47404,1.0,0.42388528624280875]
[109131,109128,1.0,0.748965170735901]
[109131,109119,1.0,0.8187857426394163]
[109131,109122,1.0,0.4539303518976571]
[109131,109125,1.0,0.6120686262211771]
[109122,109119,1.0,0.9092725602273967]
[109125,109119,1.0,0.9653064625165961]
[109125,109122,1.0,0.8358952605900107]
[57933,57930,1.0,0.9904487314658958]
[57936,57933,1.0,0.9828275157500639]
[57936,57930,1.0,0.9771731556943611]
[88210,88207,1.0,0.9615478238430683]
[57939,57933,1.0,0.9831558096904519]
[57939,57930,1.0,0.9877812743869288]
[57939,57936,1.0,0.9628552121455527]
[57942,57933,1.0,0.9749719063970844]
[57942,57930,1.0,0.9816850677477035]
[57942,57936,1.0,0.9924469388931019]
[57942,57939,1.0,0.9575278834726407]
[31132,31129,1.0,0.9883652126324259]
[4366,4357,1.0,0.9952227536000962]
[4366,4363,1.0,0.9641578481279176]
[4366,4360,1.0,0.9800103875839633]
[123505,123502,1.0,0.8152136404460182]
[123508,123505,1.0,0.492923400988186]
[123508,123502,1.0,0.9251878845079601]
[44480,44477,1.0,0.9930641667401623]
[44480,1150,1.0,0.4063197927204405]
[44480,4360,1.0,0.4073270095070102]
[4363,4357,1.0,0.9735013776498018]
[4363,4360,1.0,0.9187335499288104]
[44477,1150,1.0,0.41414546446985817]
[44477,4360,1.0,0.41735600935386524]
[44486,44480,1.0,0.9802520539947109]
[44486,44477,1.0,0.9859468788836804]
[44486,44483,1.0,0.9712929244331793]
[44486,4360,1.0,0.4218551334590507]
[44483,44480,1.0,0.9882208948688397]
[44483,44477,1.0,0.991764421343007]
[4360,4357,1.0,0.9937414724858964]
[31623,31614,1.0,0.9927478034069976]
[31623,31620,1.0,0.9852470270350612]
[31623,31617,1.0,0.9927478034069976]
[78603,78600,1.0,0.9919031889112758]
[7371,7368,1.0,0.4404005563479974]
[4356,4350,1.0,0.9914729588753374]
[31620,31614,1.0,0.9900789470761827]
[31620,31617,1.0,0.9900789470761827]
[31617,31614,1.0,0.9952227536000962]
[48097,14310,1.0,0.42702315664288976]
[78601,78598,1.0,0.853504659958345]
[78601,46279,1.0,0.4009402338919576]
[78601,78592,1.0,0.8790489856129534]
[78601,78595,1.0,0.9280110394680855]
[78601,78589,1.0,0.92348005378915]
[92234,92231,1.0,0.9952227536000962]
[72849,72846,1.0,0.9812115603546973]
[72849,72843,1.0,0.9952227536000962]
[72846,72843,1.0,0.890869329816416]
[78598,78592,1.0,0.8548261497633823]
[78598,78595,1.0,0.5455165156225765]
[78598,78589,1.0,0.9742499474737433]
[54848,54845,1.0,0.9524542485086065]
[54848,54842,1.0,0.9608219145091235]
[77300,26876,1.0,0.5458580410097492]
[77300,27340,1.0,0.41373191770642914]
[113383,10712,1.0,0.42771507378139817]
[113383,80737,1.0,0.5148263760262632]
[113383,113380,1.0,0.986947676253846]
[51317,51314,1.0,0.9219794242087583]
[51317,51311,1.0,0.9290112133266817]
[113386,113383,1.0,0.9697912249130789]
[113386,113380,1.0,0.9934505617865371]
[113389,113383,1.0,0.992791286396447]
[113389,113386,1.0,0.9854906960578738]
[113389,66899,1.0,0.586010573635067]
[113389,113380,1.0,0.9874290673474784]
[35041,35038,1.0,0.9923958418221456]
[115597,46436,1.0,0.5765476906698198]
[54845,54842,1.0,0.9833037846061902]
[78604,78601,1.0,0.9003425195823044]
[78604,78598,1.0,0.9709166461783028]
[78604,78592,1.0,0.9451569061425753]
[78604,78595,1.0,0.7407905455334448]
[78604,78589,1.0,0.990813318065473]
[78592,78589,1.0,0.9639033956660761]
[51314,51311,1.0,0.8947694472125799]
[78595,78592,1.0,0.47932340699665876]
[78595,78589,1.0,0.7802261571389522]
[66899,10712,1.0,0.416398313404474]
[80737,77300,1.0,0.47819128711184145]
[80737,66899,1.0,0.482258496294834]
[35044,35041,1.0,0.9923958418221456]
[35044,35038,1.0,0.9952227536000962]
[108726,16276,1.0,0.4342466320427766]
[93716,5520,1.0,0.44953213286757054]
[93716,93713,1.0,0.993588241188578]
[93716,13195,1.0,0.506006292754494]
[16276,12053,1.0,0.609994536110438]
[16276,13195,1.0,0.42021579473653653]
[9672,9666,1.0,0.7942694827038244]
[9672,9669,1.0,0.5479799238140558]
[92687,89423,1.0,0.4316547234985858]
[9669,9666,1.0,0.9599808093587266]
[93719,93716,1.0,0.9810836179176994]
[93719,93713,1.0,0.9826277423499531]
[45938,45935,1.0,0.9830680931574627]
[99489,99486,1.0,0.944470236807812]
[93722,93716,1.0,0.9573424787518752]
[93722,93719,1.0,0.9879921469481711]
[93722,93713,1.0,0.9823618622976097]
[45941,45935,1.0,0.9934637941520884]
[45941,45938,1.0,0.9778133177737037]
[99492,99489,1.0,0.944470236807812]
[99492,99486,1.0,0.9800243529901598]
[45944,45935,1.0,0.9895509735904369]
[45944,45938,1.0,0.9655424731593656]
[45944,45941,1.0,0.9709868108076855]
[64346,64343,1.0,0.9905718511065706]
[106465,106453,1.0,0.9707752412836702]
[106465,106456,1.0,0.906401889918687]
[106465,106462,1.0,0.9621472507832961]
[106465,106459,1.0,0.9621472507832961]
[106456,106453,1.0,0.9731035607253391]
[106462,106453,1.0,0.9927904021198166]
[106462,106456,1.0,0.9493298161907644]
[106462,106459,1.0,0.9927904021198166]
[93526,93523,1.0,0.9521784591576846]
[125416,125413,1.0,0.9689781062374443]
[106459,106453,1.0,0.9927904021198166]
[106459,106456,1.0,0.9493298161907644]
[74689,55325,1.0,0.5098664800453212]
[84997,84991,1.0,0.989349570683801]
[84997,84994,1.0,0.9727673019725345]
[59287,55325,1.0,0.5172476735333952]
[55325,8670,1.0,0.4613747220987232]
[55325,54322,1.0,0.4707196166379686]
[55325,36063,1.0,0.4381876215024422]
[55325,7787,1.0,0.4745889562030953]
[55325,31151,1.0,0.5089061246399019]
[116334,116331,1.0,0.9836350905762014]
[126795,55325,1.0,0.5170242083253352]
[65712,55325,1.0,0.4607674649521234]
[84991,55325,1.0,0.4199548442289354]
[84994,55325,1.0,0.4199548442289354]
[84994,84991,1.0,0.9922323843947127]
[354,348,1.0,0.9952227536000962]
[357,354,1.0,0.9952227536000962]
[357,348,1.0,0.993318996418406]
[6943,6940,1.0,0.9946939993737459]
[45855,354,1.0,0.48308888913338804]
[6949,6940,1.0,0.992401980840966]
[6949,6943,1.0,0.992240672104866]
[360,354,1.0,0.9918426894149314]
[360,357,1.0,0.9682677794313068]
[360,348,1.0,0.9918426894149314]
[81197,81191,1.0,0.4106690853774409]
[88242,84615,1.0,0.8065220553388978]
[114504,114501,1.0,0.9941113773414735]
[126892,84615,1.0,0.479656464545698]
[126892,126886,1.0,0.9766013108982112]
[49080,49077,1.0,0.8793003189804877]
[91685,84615,1.0,0.4623998438143286]
[44575,44572,1.0,0.9877726362494229]
[44578,44572,1.0,0.9930740227136815]
[44578,44575,1.0,0.9831996231557819]
[78055,49083,1.0,0.4198026225198335]
[107262,29210,1.0,0.4058572891675259]
[107262,43587,1.0,0.4708751205937103]
[107262,107259,1.0,0.9952227536000962]
[107262,70169,1.0,0.6745778483459417]
[107262,49083,1.0,0.7674968119906024]
[107262,101803,1.0,0.5866718589571082]
[107265,107262,1.0,0.9948039570617707]
[107265,107259,1.0,0.9948039570617707]
[108478,108475,1.0,0.9744669225307282]
[76503,39904,1.0,0.4850836769618806]
[106851,24271,1.0,0.45331554714349365]
[81631,81628,1.0,0.9923958418221456]
[78559,78556,1.0,0.8465252773889543]
[78559,78553,1.0,0.9876306572176281]
[126675,51115,1.0,0.42329733269883246]
[81634,81631,1.0,0.9470865618857324]
[81634,81628,1.0,0.9522865091823012]
[43161,43155,1.0,0.9927904021198166]
[43161,43158,1.0,0.9498604368005862]
[107562,107556,1.0,0.9633535978067279]
[107559,107556,1.0,0.4446320723699726]
[43158,43155,1.0,0.9663695317556878]
[127036,107562,1.0,0.404676341388662]
[127036,107556,1.0,0.4714917811094959]
[78556,78553,1.0,0.9237645584735161]
[33522,33519,1.0,0.9035150870630531]
[33525,33519,1.0,0.9952227536000962]
[33525,33522,1.0,0.9035150870630531]
[33528,33519,1.0,0.9934676728744796]
[33528,33522,1.0,0.9349701784766135]
[33528,33525,1.0,0.9934676728744796]
[3970,3967,1.0,0.9952227536000962]
[37481,37478,1.0,0.9867171327608819]
[3973,3970,1.0,0.9909251903137]
[3973,3967,1.0,0.9584737599925786]
[37484,37481,1.0,0.9856354913484188]
[37484,37478,1.0,0.992741519159376]
[57107,57104,1.0,0.9861464120448776]
[125238,17061,1.0,0.5748581960946603]
[11516,11510,1.0,0.9922736057122793]
[11516,11513,1.0,0.5007921844867208]
[54390,43750,1.0,0.43736280832742874]
[73167,73164,1.0,0.9905564682541387]
[11513,11510,1.0,0.6616289967964213]
[71175,2239,1.0,0.4417541326126895]
[73170,73164,1.0,0.9904184337670737]
[73170,73167,1.0,0.981259604062514]
[119748,86191,1.0,0.4291140928249912]
[64910,64907,1.0,0.992401980840966]
[127410,127401,1.0,0.9934197647450789]
[127410,127407,1.0,0.9853534467890913]
[57110,57107,1.0,0.7773294059578894]
[57110,57104,1.0,0.8092310107420014]
[59880,59868,1.0,0.9952227536000962]
[59880,59877,1.0,0.9727062733695063]
[59880,59871,1.0,0.9274696658914502]
[59877,59868,1.0,0.9797719876220439]
[17061,858,1.0,0.7082248654850953]
[43750,17061,1.0,0.5655207273323658]
[127407,127401,1.0,0.9891356835907431]
[59871,59868,1.0,0.49440499052491554]
[19922,17061,1.0,0.4281302477849714]
[127413,127410,1.0,0.9902047554425691]
[127413,127401,1.0,0.9952227536000962]
[127413,127407,1.0,0.9952227536000962]
[118474,17061,1.0,0.45201123814531396]
[101664,17061,1.0,0.4292437013351856]
[101664,75132,1.0,0.5108029564291509]
[34671,34668,1.0,0.9878800139951298]
[79587,79581,1.0,0.9952227536000962]
[34674,34671,1.0,0.8836925319182917]
[34674,34668,1.0,0.9611300942050455]
[102600,23794,1.0,0.5308034744364744]
[102600,23800,1.0,0.5308034744364744]
[23800,23794,1.0,0.9952227536000962]
[96889,96883,1.0,0.9881201293169646]
[54383,54380,1.0,0.9877726362494229]
[54386,54383,1.0,0.9877726362494229]
[54386,54380,1.0,0.9952227536000962]
[39139,39133,1.0,0.991588876391249]
[39139,39136,1.0,0.9695641223716808]
[125542,125539,1.0,0.9922323843947127]
[37337,37334,1.0,0.9952227536000962]
[54389,54383,1.0,0.8858225258169177]
[54389,54386,1.0,0.8938822016960232]
[54389,54380,1.0,0.8938822016960232]
[54392,54383,1.0,0.8691722344455083]
[54392,54386,1.0,0.9233089741529262]
[54392,54380,1.0,0.9233089741529262]
[54392,54389,1.0,0.918933803728858]
[39136,39133,1.0,0.9811801945757928]
[118314,118308,1.0,0.9879117902218573]
[118314,118311,1.0,0.9707460680294137]
[114697,64612,1.0,0.49465006862118643]
[41540,15609,1.0,0.49593637406367996]
[72966,23380,1.0,0.4218092306443818]
[72966,61252,1.0,0.4309959286048256]
[89503,313,1.0,0.5103516437643943]
[122680,122677,1.0,0.9070211231685509]
[122686,122680,1.0,0.8868321986694346]
[122686,122677,1.0,0.9936734116065394]
[112977,110227,1.0,0.4502549110314259]
[112977,6570,1.0,0.5115794503462494]
[112977,108063,1.0,0.4181025898966664]
[102622,33394,1.0,0.43458129526372824]
[102622,28847,1.0,0.5305135967668717]
[102622,72366,1.0,0.4464428163820718]
[95554,95548,1.0,0.9490310785036197]
[95554,95551,1.0,0.9638488178207999]
[118311,118308,1.0,0.9919994194217883]
[64612,40800,1.0,0.41888039879036965]
[95551,95548,1.0,0.968810323327699]
[94512,94509,1.0,0.7747129136633581]
[108063,27506,1.0,0.4966685136814914]
[108063,61252,1.0,0.40900904912097313]
[108063,313,1.0,0.6095666894057936]
[94515,94512,1.0,0.8404470994957545]
[94515,94509,1.0,0.9903515113586637]
[40800,313,1.0,0.4917032820817188]
[40800,40794,1.0,0.9936650057467088]
[118317,118314,1.0,0.972456852718968]
[118317,118308,1.0,0.9854398184613875]
[118317,118311,1.0,0.9645700305613049]
[63893,63890,1.0,0.9919031889112758]
[63893,63887,1.0,0.9952227536000962]
[63893,11224,1.0,0.40574040256023763]
[39924,39921,1.0,0.6853854579116595]
[19809,11224,1.0,0.4627998219811941]
[62147,37913,1.0,0.4438600094409365]
[19247,19244,1.0,0.9952227536000962]
[63890,63887,1.0,0.9919031889112758]
[67686,11224,1.0,0.4331338687123007]
[40232,39921,1.0,0.400563810768655]
[40232,11224,1.0,0.5822451397246186]
[22638,22635,1.0,0.9952227536000962]
[125548,19247,1.0,0.5303950059330719]
[25756,6923,1.0,0.4511902065144892]
[25756,12025,1.0,0.5419872294469884]
[25756,8197,1.0,0.43403085243279366]
[90364,72927,1.0,0.5188921634768361]
[90364,33164,1.0,0.46608733332895264]
[90364,34280,1.0,0.5379175217060362]
[83692,19790,1.0,0.6978988063515299]
[7445,7439,1.0,0.9394196820417084]
[7445,7436,1.0,0.99133259848331]
[7445,7442,1.0,0.9700875609524048]
[89592,19790,1.0,0.4007704056650373]
[85267,85261,1.0,0.9791680722535918]
[85267,85264,1.0,0.9574240233493019]
[43550,19790,1.0,0.4490337261904157]
[35292,6369,1.0,0.41460406221465246]
[35292,6923,1.0,0.5703593841278978]
[35292,3164,1.0,0.4058289457055325]
[35292,34280,1.0,0.4531481644003551]
[120498,35292,1.0,0.4641730750172634]
[97779,97752,1.0,0.5726082171459611]
[82553,25756,1.0,0.40492582832032487]
[82553,53161,1.0,0.4105654076510749]
[7439,7436,1.0,0.9752211899298606]
[72927,25756,1.0,0.4299750244225069]
[72927,63681,1.0,0.42420301222511575]
[53161,25756,1.0,0.4321625843220908]
[53161,12025,1.0,0.5549849511561057]
[26907,26901,1.0,0.9785844134677308]
[26907,26904,1.0,0.9785844134677308]
[26910,26901,1.0,0.9952227536000962]
[26910,26907,1.0,0.9862664485557137]
[26910,26904,1.0,0.9952227536000962]
[91227,72927,1.0,0.6163391114600272]
[91227,6923,1.0,0.4015753780726593]
[91227,53505,1.0,0.47389808981186665]
[91227,34280,1.0,0.5479231955207907]
[97749,25756,1.0,0.40545438415985136]
[68374,25756,1.0,0.41995001565471013]
[8200,8191,1.0,0.9905496488699075]
[8200,8197,1.0,0.9484609180333626]
[8200,8194,1.0,0.9675250608740062]
[7442,7439,1.0,0.8849142884151742]
[7442,7436,1.0,0.9720100787198886]
[53505,25756,1.0,0.4031262231402153]
[53505,35292,1.0,0.5617643409125936]
[53505,53161,1.0,0.41824467984560176]
[53505,26904,1.0,0.432728655645256]
[30474,19790,1.0,0.6714633186598552]
[128881,25738,1.0,0.43889290946203413]
[35906,19790,1.0,0.5783891610290213]
[86549,26904,1.0,0.5135092720767561]
[86549,19790,1.0,0.5358120359167868]
[67345,19790,1.0,0.4465473132157845]
[85273,85267,1.0,0.9504986599254946]
[85273,85261,1.0,0.9855261611895154]
[85273,85264,1.0,0.9703619887931868]
[85273,85270,1.0,0.9813376055470949]
[30862,19790,1.0,0.5083978771172428]
[30868,30862,1.0,0.9873038127208396]
[30868,30865,1.0,0.9594675455485234]
[30868,19790,1.0,0.557180106547283]
[97752,6923,1.0,0.45053027764969283]
[97752,97749,1.0,0.9156241295394709]
[97752,53505,1.0,0.42884184021281824]
[97752,12025,1.0,0.4062398310550541]
[80031,19790,1.0,0.6947340355196749]
[34280,26904,1.0,0.5641276808604331]
[76206,1555,1.0,0.4274663304038798]
[8197,8191,1.0,0.9689713971007305]
[8197,8194,1.0,0.9390556466347275]
[78184,25756,1.0,0.6773651507854795]
[30865,30862,1.0,0.9771654609219584]
[8194,8191,1.0,0.985700732946892]
[26904,26901,1.0,0.9952227536000962]
[26904,6923,1.0,0.5948831493450711]
[26913,26901,1.0,0.8822307964031754]
[26913,26907,1.0,0.8730678112640773]
[26913,26910,1.0,0.8822307964031754]
[26913,26904,1.0,0.8822307964031754]
[124155,25756,1.0,0.6040938955965822]
[63681,6369,1.0,0.4090172088725764]
[63681,6923,1.0,0.5730746262799268]
[63681,34280,1.0,0.473906920541816]
[19790,19271,1.0,0.4264758365445855]
[64245,35292,1.0,0.42314306337074314]
[85264,85261,1.0,0.9891700284774299]
[42397,19790,1.0,0.6426821509094955]
[85270,85267,1.0,0.951315003590616]
[85270,85261,1.0,0.9869300109068726]
[85270,85264,1.0,0.9722371147791821]
[53306,53161,1.0,0.4499516207336981]
[38628,38622,1.0,0.8520840752529069]
[38628,38625,1.0,0.8979106238563324]
[78440,68666,1.0,0.4931384771716351]
[68666,42041,1.0,0.5461948967907969]
[38625,38622,1.0,0.9856013414380667]
[124302,124299,1.0,0.9818497963517954]
[69603,16913,1.0,0.48345309954689536]
[5241,5232,1.0,0.9789045092733482]
[131601,131595,1.0,0.9852398701417726]
[131601,131592,1.0,0.9678041059642595]
[11700,11694,1.0,0.9927904021198166]
[64144,21785,1.0,0.4440950466303181]
[131595,131592,1.0,0.9103600552456927]
[33712,33709,1.0,0.9912365516097598]
[33715,33712,1.0,0.9757818933518976]
[33715,33709,1.0,0.977654719923328]
[44728,13341,1.0,0.4373879417450191]
[91134,44728,1.0,0.4352626573105182]
[91134,44731,1.0,0.4352626573105182]
[44734,44728,1.0,0.9865073723748478]
[44734,13341,1.0,0.44037910328609803]
[44734,44731,1.0,0.9865073723748478]
[44731,44728,1.0,0.9952227536000962]
[44731,13341,1.0,0.4373879417450191]
[67929,13341,1.0,0.41865456666358436]
[117160,108289,1.0,0.40603142531082065]
[117166,117160,1.0,0.9844199386674988]
[117166,108289,1.0,0.40477040956224286]
[117166,117163,1.0,0.9556165358211239]
[117163,117160,1.0,0.9932537467430427]
[42128,42122,1.0,0.9618522614006842]
[42131,42128,1.0,0.9775305732002657]
[42131,42125,1.0,0.5664296225808391]
[42131,42122,1.0,0.9861038653506263]
[42125,42122,1.0,0.5940160062639055]
[58216,2276,1.0,0.4505211918709677]
[62324,58216,1.0,0.5449549410010444]
[62324,42137,1.0,0.40885162920344253]
[42134,42128,1.0,0.9859412455986687]
[42134,42131,1.0,0.9086673058238499]
[42134,42122,1.0,0.9057159601902744]
[42137,42128,1.0,0.9715626287574592]
[42137,42131,1.0,0.9441699418228384]
[42137,42134,1.0,0.8157296299764452]
[42137,42122,1.0,0.9479146778627067]
[86288,58216,1.0,0.43561006467571123]
[86288,42137,1.0,0.5636904292561348]
[107119,62633,1.0,0.5451635919717651]
[114433,27311,1.0,0.4665937169726824]
[92825,27311,1.0,0.5268509094488215]
[83482,83476,1.0,0.9926278674655746]
[83482,83479,1.0,0.9560454457164516]
[83479,83476,1.0,0.9646658099134958]
[519,516,1.0,0.9839056397973164]
[76438,76435,1.0,0.9938804711395797]
[76441,76435,1.0,0.9923958418221456]
[76441,76438,1.0,0.9708976130188472]
[114826,57327,1.0,0.5539142041388847]
[19535,19532,1.0,0.9872021338195044]
[88858,22266,1.0,0.4119507861892765]
[19541,19532,1.0,0.9070211231685509]
[19541,19535,1.0,0.9070211231685509]
[19541,19538,1.0,0.9070211231685509]
[28694,22266,1.0,0.41879000074590933]
[125100,125097,1.0,0.9917143072082246]
[57167,19541,1.0,0.41275566458604135]
[22266,16843,1.0,0.4520600054242575]
[22266,4828,1.0,0.5448324735788261]
[22266,11761,1.0,0.4197297988690649]
[22266,22225,1.0,0.6024436478233334]
[63783,22266,1.0,0.5937737902543115]
[19538,19532,1.0,0.9872021338195044]
[19538,19535,1.0,0.9802912102865967]
[33681,11761,1.0,0.425357501235935]
[66266,22266,1.0,0.42625710031149416]
[126942,22266,1.0,0.45703604129947667]
[12997,12991,1.0,0.9929984661036967]
[12997,12994,1.0,0.9815471574949753]
[92640,90083,1.0,0.40663216000427127]
[12994,12991,1.0,0.9868044860132226]
[66841,25766,1.0,0.4695036044900685]
[130474,47935,1.0,0.4800492116237921]
[130474,66841,1.0,0.454290974295096]
[130474,25766,1.0,0.5719502897315945]
[102699,66841,1.0,0.4150772682223604]
[74932,25766,1.0,0.4261239436454659]
[22209,22206,1.0,0.9618342140178147]
[123741,123738,1.0,0.6848386129579418]
[123741,123735,1.0,0.7185581276756379]
[123738,123735,1.0,0.9945658731879131]
[129676,129673,1.0,0.9923138789423898]
[39444,39441,1.0,0.9880162063546997]
[102610,31657,1.0,0.4455466931302039]
[119859,3639,1.0,0.4604043396428963]
[119859,108847,1.0,0.4031259907237134]
[119859,948,1.0,0.49553822036852213]
[99844,71062,1.0,0.4536701402039432]
[123226,123223,1.0,0.9800466209768972]
[130923,31657,1.0,0.45864925048836463]
[71062,22455,1.0,0.40483269384749915]
[71062,60259,1.0,0.4893799797783208]
[71062,45458,1.0,0.4290390521115867]
[71062,31657,1.0,0.6342374725483396]
[71062,38627,1.0,0.43451280815004634]
[60259,39444,1.0,0.42488165693044455]
[60259,39441,1.0,0.42488165693044455]
[60259,43529,1.0,0.4250532574612247]
[60259,12500,1.0,0.4758827517513757]
[32822,32819,1.0,0.9659892516157599]
[32822,32816,1.0,0.9753890782616663]
[45458,34514,1.0,0.5102257544846669]
[74901,74895,1.0,0.9911457621988602]
[74901,74898,1.0,0.9752526601361377]
[32819,32816,1.0,0.9884976622176969]
[31657,12739,1.0,0.46443930175118564]
[30054,30048,1.0,0.9952227536000962]
[30054,30051,1.0,0.99133259848331]
[71749,71743,1.0,0.9923223414510011]
[71749,71746,1.0,0.9892570949703566]
[123625,22455,1.0,0.41114496827002506]
[43529,31657,1.0,0.5325324553464813]
[99847,99844,1.0,0.9930409068020026]
[99847,71062,1.0,0.4366183360515032]
[74898,74895,1.0,0.9859387121531329]
[116496,116493,1.0,0.9939632065849492]
[30051,30048,1.0,0.99133259848331]
[71746,71743,1.0,0.9931579754637436]
[60908,60899,1.0,0.9187787630148765]
[60908,60896,1.0,0.6563210935063981]
[60908,60893,1.0,0.9187787630148765]
[60899,60896,1.0,0.9910631054634527]
[60899,60893,1.0,0.9952227536000962]
[60905,60899,1.0,0.9594503656897847]
[60905,60893,1.0,0.4440729120594648]
[60896,60893,1.0,0.9689549742041956]
[88780,111,1.0,0.4465704382508135]
[88780,16377,1.0,0.4476515492581856]
[27036,27033,1.0,0.9952227536000962]
[72074,27033,1.0,0.4510534673144434]
[67260,27033,1.0,0.6069476771279083]
[69689,69686,1.0,0.9931579754637436]
[69692,69686,1.0,0.9809469414890544]
[69692,69689,1.0,0.9875711260327791]
[69695,69686,1.0,0.9829126443305097]
[69695,69689,1.0,0.9899971011995341]
[69695,69692,1.0,0.9809469414890544]
[20767,14966,1.0,0.43351004761964085]
[100669,100663,1.0,0.9952227536000962]
[100669,100666,1.0,0.9760042275373748]
[48400,48394,1.0,0.9952227536000962]
[48400,48397,1.0,0.9952227536000962]
[21434,21428,1.0,0.9611477790312511]
[21434,21431,1.0,0.9639581494360824]
[21434,21425,1.0,0.9738917626831155]
[21428,21425,1.0,0.9922169397144684]
[100666,100663,1.0,0.9638197504566107]
[129000,128997,1.0,0.9907453314477414]
[48406,48400,1.0,0.9933550320030448]
[48406,48394,1.0,0.9933550320030448]
[48406,48397,1.0,0.9933550320030448]
[129003,128997,1.0,0.980440746186995]
[129003,129000,1.0,0.9643736912249422]
[49308,49305,1.0,0.8634334408113997]
[100672,100669,1.0,0.8413617923556997]
[100672,100663,1.0,0.8413617923556997]
[100672,100666,1.0,0.6236733088099605]
[48409,48400,1.0,0.9937591786417587]
[48409,48406,1.0,0.991423544380468]
[48409,48394,1.0,0.9937591786417587]
[48409,48397,1.0,0.9937591786417587]
[48397,48394,1.0,0.9952227536000962]
[21431,21428,1.0,0.9888896272112955]
[21431,21425,1.0,0.9930750981066655]
[15587,15584,1.0,0.8482949359016783]
