[61404,45572,1.0,0.6237612927574454]
[81564,56192,1.0,0.9036596140481681]
[81564,45572,1.0,0.7424529838789194]
[110284,56192,1.0,0.5191633436591255]
[110284,45572,1.0,0.5447638082026917]
[56192,2841,1.0,0.4937755114776732]
[56192,43918,1.0,0.5035928698929624]
[56192,55919,1.0,0.4769097742691764]
[104056,56192,1.0,0.5453437866624219]
[104056,45572,1.0,0.42696053947109924]
[104056,67715,1.0,0.7216868373859694]
[89978,56192,1.0,0.4155975819580577]
[89978,89975,1.0,0.9933550320030448]
[89978,89969,1.0,0.9877726362494229]
[89975,89969,1.0,0.9877726362494229]
[131017,56192,1.0,0.8196759812195328]
[131017,45572,1.0,0.4914329039155037]
[61770,45572,1.0,0.466054702214772]
[89969,56192,1.0,0.4155975819580577]
[67715,56192,1.0,0.686507965047357]
[67715,45572,1.0,0.4668606236724624]
[22989,22986,1.0,0.9591292701647975]
[93140,50003,1.0,0.41279242555772455]
[93140,4812,1.0,0.6498702198383133]
[93140,86526,1.0,0.5472871235586882]
[22992,22989,1.0,0.9591292701647975]
[22992,22986,1.0,0.9952227536000962]
[105514,105508,1.0,0.9879380344778524]
[105514,105511,1.0,0.9839162497114156]
[73825,73822,1.0,0.9923780235864583]
[73825,73819,1.0,0.9923780235864583]
[54037,50003,1.0,0.418680621978623]
[30623,30620,1.0,0.9922323843947127]
[58732,58729,1.0,0.9728246645998971]
[94722,50003,1.0,0.43221973787354484]
[94722,54037,1.0,0.4124902736707151]
[93143,93140,1.0,0.991697717017138]
[93143,50003,1.0,0.4021535972477063]
[93143,4812,1.0,0.6100452453493773]
[93143,86526,1.0,0.5444588739668909]
[73822,73819,1.0,0.9952227536000962]
[105511,105508,1.0,0.9933550320030448]
[93146,93140,1.0,0.9913101250983285]
[93146,4812,1.0,0.6274912912736819]
[93146,93143,1.0,0.9871229616307193]
[93146,74386,1.0,0.4097616453219808]
[93146,86526,1.0,0.5472871235586882]
[58735,58732,1.0,0.9728246645998971]
[58735,58729,1.0,0.9891356835907431]
[129688,129682,1.0,0.9949181171750051]
[129688,129685,1.0,0.9155332513618808]
[129685,129682,1.0,0.9815032716905158]
[53859,53856,1.0,0.9952227536000962]
[71559,71553,1.0,0.9952227536000962]
[53862,53856,1.0,0.9939287085123063]
[53862,53859,1.0,0.9939287085123063]
[80825,63780,1.0,0.5360690649596871]
[5517,5514,1.0,0.9824654289063808]
[72414,72411,1.0,0.9558467813229484]
[67841,66291,1.0,0.5051827664210682]
[67841,1330,1.0,0.5787562715678454]
[33695,1327,1.0,0.4037752918651115]
[35892,24903,1.0,0.4996765500167886]
[35892,715,1.0,0.737454706855148]
[24903,715,1.0,0.5458330547459334]
[24903,718,1.0,0.5458330547459334]
[3888,1327,1.0,0.4224136382067248]
[66291,715,1.0,0.45652544143890084]
[66291,1327,1.0,0.6643444285832186]
[66291,1330,1.0,0.553332161369316]
[1327,1324,1.0,0.9950198389614197]
[718,715,1.0,0.9952227536000962]
[1330,1324,1.0,0.9929984661036967]
[1330,715,1.0,0.4862401362455438]
[1330,1327,1.0,0.9927120092200834]
[3891,3888,1.0,0.9917038292066669]
[3891,1327,1.0,0.4101364040313086]
[91292,1330,1.0,0.5027414254597141]
[73408,73405,1.0,0.9568927502359769]
[16175,16172,1.0,0.9881675669660751]
[16178,16172,1.0,0.9804216465673639]
[16178,16175,1.0,0.9028363281463219]
[16181,16172,1.0,0.9952227536000962]
[16181,16175,1.0,0.9640980401797136]
[16181,16178,1.0,0.9769322370595138]
[45851,45848,1.0,0.9952227536000962]
[31752,31749,1.0,0.6000362698078969]
[45854,45851,1.0,0.9464663037022119]
[45854,45848,1.0,0.9464663037022119]
[45857,45851,1.0,0.9406390965035246]
[45857,45854,1.0,0.7099560586003795]
[45857,45848,1.0,0.9406390965035246]
[18668,18665,1.0,0.9416685213114827]
[3583,3580,1.0,0.6747990848091358]
[56668,56665,1.0,0.900795683760055]
[56671,56668,1.0,0.9340013768031641]
[56671,56665,1.0,0.9909001262621822]
[103752,103749,1.0,0.9942129708818666]
[55356,158,1.0,0.6216620258721001]
[10220,10217,1.0,0.991468626206008]
[4755,4752,1.0,0.99379492272998]
[124654,55356,1.0,0.5255056591201029]
[4761,4752,1.0,0.8836687305830084]
[4761,4755,1.0,0.8623180484516599]
[4758,4752,1.0,0.44464752829711307]
[4758,4755,1.0,0.43293530284077814]
[10223,10220,1.0,0.9894743216324098]
[10223,10217,1.0,0.9940396568789889]
[10226,10220,1.0,0.9877812743869288]
[10226,10223,1.0,0.9745327630010344]
[10226,10217,1.0,0.9789863152991347]
[77443,158,1.0,0.4188097754609725]
[77443,10306,1.0,0.4193420574191642]
[36457,36451,1.0,0.9873051168859727]
[36457,36454,1.0,0.9691915840457866]
[81581,15192,1.0,0.504993085871228]
[17619,15192,1.0,0.5384455871922292]
[36454,36451,1.0,0.9775173751064177]
[124332,91911,1.0,0.5893963702973556]
[46536,46530,1.0,0.9917347607885293]
[46536,46533,1.0,0.6880631012265871]
[71937,71934,1.0,0.9469254612151817]
[71937,71931,1.0,0.9708142445219488]
[121914,121911,1.0,0.960308232562467]
[101608,101599,1.0,0.9952227536000962]
[101608,101602,1.0,0.9952227536000962]
[71934,71931,1.0,0.9902913432757028]
[46539,46536,1.0,0.9863277665412326]
[46539,46530,1.0,0.9927904021198166]
[46539,46533,1.0,0.6888302052761336]
[101602,101599,1.0,0.9952227536000962]
[46533,46530,1.0,0.7522682606079572]
[78249,8287,1.0,0.42216211672239595]
[78249,78246,1.0,0.9952227536000962]
[36341,19850,1.0,0.46967147989134883]
[93611,40821,1.0,0.41365580899962934]
[72012,40821,1.0,0.5024980947906741]
[124987,40821,1.0,0.4718791827920508]
[19907,19904,1.0,0.973291116460449]
[112626,40821,1.0,0.45356121914969694]
[100780,40821,1.0,0.44763445962618575]
[19913,19907,1.0,0.9573937352079747]
[19913,19910,1.0,0.986561341032257]
[19913,19904,1.0,0.9707904577271743]
[24009,24006,1.0,0.9880703288028593]
[60838,40821,1.0,0.45122128905003384]
[130353,40821,1.0,0.46564257162740547]
[122134,40821,1.0,0.5365077863896874]
[42405,42402,1.0,0.9905564682541387]
[43282,40821,1.0,0.5848252704588299]
[87853,40821,1.0,0.4413002837728601]
[40821,36341,1.0,0.4248005720824448]
[40821,19907,1.0,0.543999220014461]
[40821,28920,1.0,0.43998789359304236]
[40821,13738,1.0,0.48974961227743063]
[40821,19913,1.0,0.5164780533407518]
[40821,12879,1.0,0.4437481311115743]
[40821,19910,1.0,0.6455380137510766]
[40821,19904,1.0,0.5164780533407518]
[40821,26228,1.0,0.42646699369717056]
[40821,20777,1.0,0.42693941800915736]
[40821,24006,1.0,0.44838494003251184]
[40821,7421,1.0,0.4138226605283537]
[40821,40605,1.0,0.46448195022525446]
[40821,31667,1.0,0.40561675661714397]
[40821,24122,1.0,0.5505774598809227]
[40821,39855,1.0,0.5050629408644906]
[40821,36136,1.0,0.7326369528885048]
[19853,19850,1.0,0.9861490411931835]
[19910,19907,1.0,0.973291116460449]
[19910,19904,1.0,0.9952227536000962]
[61355,61352,1.0,0.9926561392683285]
[81566,40821,1.0,0.5047541883247498]
[106297,40821,1.0,0.7819433099587328]
[100047,40821,1.0,0.4536067545047674]
[47688,40821,1.0,0.516570415958411]
[128074,128071,1.0,0.9549276792176672]
[128077,40821,1.0,0.43425611921422635]
[128077,128074,1.0,0.9549276792176672]
[128077,128071,1.0,0.9952227536000962]
[64295,40821,1.0,0.5028127448300602]
[71907,40821,1.0,0.4328125764647462]
[45295,40821,1.0,0.46581239911349154]
[43505,42405,1.0,0.459319421317553]
[43505,40821,1.0,0.5652229376528012]
[47781,40821,1.0,0.40492116650004084]
[42402,40821,1.0,0.41553732839065693]
[124990,124987,1.0,0.9940557003391516]
[124990,40821,1.0,0.443092810571533]
[75023,40821,1.0,0.4993755038037148]
[75023,75020,1.0,0.9877726362494229]
[122518,40821,1.0,0.44709752309187345]
[83104,83098,1.0,0.9952227536000962]
[93904,36341,1.0,0.420845292842072]
[93904,40821,1.0,0.5325319681923291]
[92387,40821,1.0,0.5443181674345604]
[128080,128074,1.0,0.9172422657759268]
[128080,128077,1.0,0.9698234282321175]
[128080,128071,1.0,0.9698234282321175]
[46774,40821,1.0,0.5903540817119848]
[53743,40821,1.0,0.4492231391794912]
[73589,40821,1.0,0.5218151830048504]
[105042,40821,1.0,0.4914981247572963]
[75020,40821,1.0,0.40809904999370195]
[96988,40821,1.0,0.5994966860666088]
[106842,8891,1.0,0.5557946094056389]
[128071,40821,1.0,0.43425611921422635]
[83098,28920,1.0,0.43955115695412644]
[114910,40821,1.0,0.4888464764656446]
[48368,40821,1.0,0.45440671654592835]
[1923,1920,1.0,0.4772233854036447]
[124726,7850,1.0,0.6736723176865927]
[124726,6267,1.0,0.4933758321796197]
[124726,108969,1.0,0.4032432732932861]
[124726,26773,1.0,0.446212296362753]
[124726,9549,1.0,0.5319125782573763]
[124726,63863,1.0,0.4155259297123045]
[21151,21148,1.0,0.9927543544888627]
[108573,59560,1.0,0.49869286917664346]
[38815,1923,1.0,0.4143467146962977]
[38815,1926,1.0,0.4049248118758975]
[38815,1920,1.0,0.4049248118758975]
[71696,38815,1.0,0.539324797180789]
[112893,74103,1.0,0.4240557370439369]
[25919,25916,1.0,0.9874882310208049]
[59560,17704,1.0,0.41204426049495924]
[59560,9549,1.0,0.6797400061302029]
[59560,35641,1.0,0.45296137540332115]
[1926,1923,1.0,0.4772233854036447]
[1926,1920,1.0,0.9911228876444816]
[80776,43000,1.0,0.40008895572667974]
[80776,43042,1.0,0.5095087445937224]
[116337,43135,1.0,0.5143038587148091]
[129918,129915,1.0,0.8369922647114514]
[43135,9549,1.0,0.4289929860343973]
[87278,59560,1.0,0.4725162317096382]
[58686,38534,1.0,0.45229374063684896]
[83545,59560,1.0,0.571724732855798]
[125409,124726,1.0,0.4097489455279505]
[125409,59560,1.0,0.5963679579725005]
[26773,9549,1.0,0.40490144686549884]
[1025,1022,1.0,0.9917230705782029]
[130677,59560,1.0,0.6844680823488312]
[21626,21623,1.0,0.8902864169542115]
[73291,38815,1.0,0.437103979076257]
[73291,59560,1.0,0.4975476691099583]
[73291,38534,1.0,0.4234418956351582]
[21154,21151,1.0,0.9756116202953938]
[21154,21148,1.0,0.9832109866356551]
[121489,1022,1.0,0.505170348377827]
[121489,1025,1.0,0.48176869072118905]
[121489,9549,1.0,0.41047263980401]
[129373,124726,1.0,0.6224590782947251]
[129373,38815,1.0,0.5916138809701268]
[129373,112893,1.0,0.5363828562175621]
[129373,59560,1.0,0.491186643870166]
[129373,1022,1.0,0.412416587070507]
[129373,43135,1.0,0.40118525325188653]
[129373,121489,1.0,0.4089957608097179]
[63087,56844,1.0,0.4759331178902491]
[63087,58310,1.0,0.46672227084114876]
[56844,55970,1.0,0.4027145183548358]
[56844,14644,1.0,0.4955941519438803]
[56844,1432,1.0,0.6559755844895673]
[56844,14641,1.0,0.49846372612057027]
[56844,6701,1.0,0.433904288629509]
[56844,14635,1.0,0.4955941519438803]
[56844,54283,1.0,0.49467971821784706]
[56844,18647,1.0,0.4564422699540991]
[56844,14638,1.0,0.4955941519438803]
[56844,39110,1.0,0.4187751337368714]
[56844,38874,1.0,0.44469688195291485]
[56844,12705,1.0,0.4409698491318893]
[56844,24325,1.0,0.47821951392385614]
[67769,14644,1.0,0.43299325943583417]
[67769,3011,1.0,0.831818406162031]
[67769,8918,1.0,0.48904531970370846]
[67769,19462,1.0,0.8180662358377512]
[67769,21203,1.0,0.5506953980604669]
[67769,53520,1.0,0.5282090699382508]
[67769,50088,1.0,0.7493230828949902]
[67769,57278,1.0,0.5078155506814787]
[67769,59330,1.0,0.7407326415217558]
[43317,43314,1.0,0.9833582855895021]
[43317,43308,1.0,0.9942129708818666]
[14644,1432,1.0,0.5559089609691613]
[14644,14641,1.0,0.9671702994090313]
[14644,6701,1.0,0.41190367829007746]
[14644,14635,1.0,0.9952227536000962]
[14644,14638,1.0,0.9877726362494229]
[14644,7591,1.0,0.4057930467598335]
[69582,56844,1.0,0.43079124149110737]
[69582,14644,1.0,0.4329054722033055]
[69582,58310,1.0,0.4088144450692485]
[69582,68836,1.0,0.41929540403720156]
[116211,14644,1.0,0.4546500063818176]
[116211,87102,1.0,0.4294928406002553]
[116211,58310,1.0,0.53127887716078]
[116211,89315,1.0,0.4351470587545617]
[116211,68836,1.0,0.4185806661519374]
[99813,56844,1.0,0.48660234631763055]
[99813,58310,1.0,0.6924047248153385]
[99813,89315,1.0,0.41314392230392705]
[99813,68836,1.0,0.4384496744626999]
[99813,88811,1.0,0.4512216857426991]
[72810,56844,1.0,0.4979854545957354]
[72810,14644,1.0,0.414644324275433]
[72810,58310,1.0,0.45322074611368324]
[72810,59356,1.0,0.42757426942940024]
[89211,56844,1.0,0.4856693546394584]
[89211,88811,1.0,0.5162615293829795]
[94299,19462,1.0,0.4324028003731291]
[94299,59330,1.0,0.429850683375481]
[116089,14644,1.0,0.4337400151095296]
[116089,87102,1.0,0.430835043492737]
[116089,68836,1.0,0.5354581936372609]
[114898,14644,1.0,0.44015003443335005]
[114898,58310,1.0,0.4391245350767829]
[114898,89315,1.0,0.7049786236653893]
[114898,88811,1.0,0.43215841976753544]
[84024,56844,1.0,0.4211520814016798]
[122365,56844,1.0,0.44434350108313286]
[122365,14644,1.0,0.592905063528255]
[122365,58310,1.0,0.42278233031672857]
[122365,88811,1.0,0.6000484056858274]
[8918,3011,1.0,0.804294467119453]
[25555,14644,1.0,0.41089766819784157]
[19462,6788,1.0,0.5028841552982156]
[19462,3011,1.0,0.4129736737710082]
[19462,8918,1.0,0.769158493271285]
[87102,63087,1.0,0.4343596322056817]
[87102,4345,1.0,0.7443813051751346]
[87102,44562,1.0,0.5892915701103497]
[87102,69582,1.0,0.44045125130629487]
[87102,70174,1.0,0.6540041353736592]
[87102,29943,1.0,0.4117096291501561]
[87102,59356,1.0,0.5617544771471125]
[87102,72246,1.0,0.6059862620881883]
[87102,18647,1.0,0.4177476312823378]
[87102,60806,1.0,0.5181343848929538]
[87102,39110,1.0,0.4709172927825892]
[87102,14526,1.0,0.4425201665823387]
[98641,87102,1.0,0.4102700795333672]
[98641,58310,1.0,0.4332045614053778]
[98641,88811,1.0,0.4462994768600768]
[14641,14635,1.0,0.9671702994090313]
[14641,14638,1.0,0.9214188084673874]
[43314,43308,1.0,0.9738620836303188]
[111282,89315,1.0,0.4830569120978716]
[111282,68836,1.0,0.47377537643209616]
[70174,56844,1.0,0.6140741081357715]
[70174,14644,1.0,0.540746869124226]
[70174,58310,1.0,0.5672708376860535]
[70174,68836,1.0,0.5796209247051698]
[72155,67769,1.0,0.4256762867565459]
[72155,19462,1.0,0.6901138752679505]
[72155,50088,1.0,0.46322128862878165]
[72155,57278,1.0,0.5039695356379924]
[72155,72149,1.0,0.9936734116065394]
[72155,72152,1.0,0.9918114970405254]
[73779,56844,1.0,0.6594757332166465]
[73779,14644,1.0,0.4534227591801731]
[73779,58310,1.0,0.5031263014021757]
[58310,4345,1.0,0.41245396132494483]
[58310,8918,1.0,0.40644199061378466]
[58310,25555,1.0,0.4046600450345522]
[58310,14641,1.0,0.41672640127018606]
[58310,6701,1.0,0.45975405994897295]
[58310,14638,1.0,0.41811481978937315]
[58310,39110,1.0,0.4008466177886711]
[58310,26376,1.0,0.4097881681116633]
[58310,12705,1.0,0.5619873981916838]
[58310,14526,1.0,0.4114154947105952]
[76172,3011,1.0,0.46442978200880913]
[76172,19462,1.0,0.5874475377975072]
[110244,3011,1.0,0.5471352985462394]
[110244,8918,1.0,0.4061269026280782]
[110244,59330,1.0,0.42906755720810286]
[29943,14644,1.0,0.43272346329694295]
[21203,3011,1.0,0.5626341713787195]
[21203,8918,1.0,0.5559811270241536]
[21203,19462,1.0,0.711673055633921]
[88808,56844,1.0,0.40587923201768455]
[88808,14644,1.0,0.47380568128188205]
[88808,87102,1.0,0.4680076697246927]
[88808,58310,1.0,0.4291878887541756]
[88808,68836,1.0,0.4745018661845948]
[120540,67769,1.0,0.460788412828674]
[120540,3011,1.0,0.7168510455758346]
[120540,19462,1.0,0.7347084094800262]
[120540,89315,1.0,0.41752332801280984]
[120540,72028,1.0,0.400606660053893]
[120540,50088,1.0,0.6944946600553229]
[120540,57278,1.0,0.6329139156992456]
[120540,74042,1.0,0.5295741030950843]
[120540,59330,1.0,0.5411958610177747]
[76333,68836,1.0,0.4423476563597815]
[65715,56844,1.0,0.44293392959462485]
[65715,14644,1.0,0.43607941158849794]
[59356,56844,1.0,0.5581806836964841]
[59356,14644,1.0,0.6069524898707439]
[59356,58310,1.0,0.5626807304317272]
[89315,44562,1.0,0.48512619314871613]
[89315,72810,1.0,0.415221427435651]
[89315,25555,1.0,0.4852603390784566]
[89315,70174,1.0,0.6714520450340749]
[89315,29943,1.0,0.41191345059252604]
[89315,88808,1.0,0.43090487631104596]
[89315,49122,1.0,0.545046053672062]
[89315,6701,1.0,0.4388698125780424]
[89315,59356,1.0,0.51206581463227]
[89315,63417,1.0,0.414314908962176]
[89315,54283,1.0,0.5472917625133338]
[89315,74418,1.0,0.4214944956955774]
[89315,68836,1.0,0.42454476877586167]
[89315,71982,1.0,0.45996120120701245]
[89315,60806,1.0,0.5384323413622204]
[89315,88811,1.0,0.43090487631104596]
[89315,67706,1.0,0.46293186258938407]
[89315,922,1.0,0.5183595877514051]
[89315,46412,1.0,0.4096788114335522]
[89315,24325,1.0,0.45935799940929156]
[63417,58310,1.0,0.510138501978109]
[54283,14644,1.0,0.40186145277532126]
[77917,67769,1.0,0.40488707987106975]
[77917,3011,1.0,0.5472109631075125]
[77917,19462,1.0,0.5158880034370582]
[77917,21203,1.0,0.4029079867777678]
[77917,77914,1.0,0.993833290446873]
[77917,59330,1.0,0.4126107593528887]
[22516,22513,1.0,0.9847082129807171]
[74418,68836,1.0,0.4839023663554287]
[77566,19462,1.0,0.6028705621798814]
[129181,56844,1.0,0.4114313583022068]
[129181,14644,1.0,0.5184935858599373]
[129181,58310,1.0,0.4178955696105783]
[129181,89315,1.0,0.4013940235532379]
[129181,68836,1.0,0.47209078257638454]
[129181,88811,1.0,0.5506402585538768]
[72028,67769,1.0,0.42468164874417735]
[72028,3011,1.0,0.46683228289793854]
[72028,19462,1.0,0.5147737211840633]
[114046,87102,1.0,0.42022876656025865]
[114046,68836,1.0,0.5303161679659825]
[88814,14644,1.0,0.4614371573454241]
[88814,87102,1.0,0.41908217129710024]
[88814,88808,1.0,0.8825863828502087]
[88814,68836,1.0,0.4973569090381538]
[88814,88811,1.0,0.9649469386124938]
[6791,6788,1.0,0.9502587239380986]
[75196,19462,1.0,0.4599577729467664]
[75196,50088,1.0,0.5650979352754705]
[96505,14644,1.0,0.41719410417414066]
[96505,87102,1.0,0.43528356874953616]
[96505,68836,1.0,0.40617558482219857]
[74559,50088,1.0,0.42523529943739075]
[53520,3011,1.0,0.669327455671265]
[53520,8918,1.0,0.431200823171997]
[53520,19462,1.0,0.49856804102360786]
[68836,55970,1.0,0.4370541570933061]
[68836,43317,1.0,0.4802151692499311]
[68836,31443,1.0,0.40633859406123696]
[68836,1432,1.0,0.4575723592784961]
[68836,25555,1.0,0.4205253274165641]
[68836,43314,1.0,0.5090921849546449]
[68836,58310,1.0,0.4616462053234018]
[68836,49122,1.0,0.46414922156170435]
[68836,6701,1.0,0.5332945626254377]
[68836,59356,1.0,0.585688401855163]
[68836,63417,1.0,0.5099637557387943]
[68836,54283,1.0,0.43510500066362795]
[68836,60806,1.0,0.42475433456782735]
[68836,43308,1.0,0.5090921849546449]
[68836,39110,1.0,0.41676169265030655]
[68836,26376,1.0,0.4918453500134991]
[68836,922,1.0,0.44792600873275024]
[68836,7591,1.0,0.4222928412082372]
[68836,53347,1.0,0.5596138439490428]
[68836,46412,1.0,0.5607041187780939]
[68836,12705,1.0,0.5428742990102146]
[50088,8918,1.0,0.7720910063420555]
[50088,21203,1.0,0.5404704869390149]
[72246,58310,1.0,0.4164551060313283]
[71982,56844,1.0,0.517901502689659]
[71982,58310,1.0,0.4905361247301236]
[71982,68836,1.0,0.452285071830401]
[18647,14644,1.0,0.40163358208060906]
[93695,50088,1.0,0.4220017050420196]
[60806,56844,1.0,0.4483153213902495]
[60806,14644,1.0,0.4506067943920173]
[77920,67769,1.0,0.4054966666627687]
[77920,3011,1.0,0.5472109631075125]
[77920,19462,1.0,0.5158880034370582]
[77920,77917,1.0,0.9757715586184379]
[77920,77914,1.0,0.9798981948200864]
[77920,59330,1.0,0.4126107593528887]
[14638,14635,1.0,0.9708789308080225]
[77914,67769,1.0,0.40488707987106975]
[77914,3011,1.0,0.5472109631075125]
[77914,19462,1.0,0.5158880034370582]
[77914,21203,1.0,0.4029079867777678]
[77914,59330,1.0,0.4126107593528887]
[57278,3011,1.0,0.6380803363191111]
[57278,8918,1.0,0.7431321791172869]
[57278,19462,1.0,0.666881253485064]
[57278,50088,1.0,0.7408985885283345]
[88811,56844,1.0,0.40587923201768455]
[88811,55970,1.0,0.41602102143488506]
[88811,14644,1.0,0.47380568128188205]
[88811,72810,1.0,0.4804637285375124]
[88811,1432,1.0,0.4425552498929474]
[88811,25555,1.0,0.48632415161120507]
[88811,87102,1.0,0.4680076697246927]
[88811,14641,1.0,0.4518392879567649]
[88811,70174,1.0,0.6027901214353782]
[88811,73779,1.0,0.5327266421255792]
[88811,58310,1.0,0.4291878887541756]
[88811,29943,1.0,0.443432908839369]
[88811,22513,1.0,0.42998132143395107]
[88811,88808,1.0,0.9933550320030448]
[88811,49122,1.0,0.40598377726942664]
[88811,76333,1.0,0.4533116600057462]
[88811,65715,1.0,0.4146565184502163]
[88811,14635,1.0,0.47380568128188205]
[88811,59356,1.0,0.655845737415574]
[88811,63417,1.0,0.5058726455124655]
[88811,54283,1.0,0.5463026280635451]
[88811,22516,1.0,0.43729953271890537]
[88811,74418,1.0,0.49798648418593444]
[88811,68836,1.0,0.4745018661845948]
[88811,71982,1.0,0.42748555714734016]
[88811,18647,1.0,0.40050101780551806]
[88811,14638,1.0,0.47380568128188205]
[88811,74884,1.0,0.4970972106032875]
[88811,67706,1.0,0.42072893826936075]
[88811,922,1.0,0.40339419498711554]
[88811,7591,1.0,0.47303138451367716]
[88811,46412,1.0,0.41641685915857096]
[88811,38874,1.0,0.5025513002124105]
[88811,12705,1.0,0.5165818859300375]
[88811,14526,1.0,0.40801672633354624]
[88811,24325,1.0,0.4178923081568958]
[104235,56844,1.0,0.40974782450458186]
[104235,87102,1.0,0.5629867185906616]
[104235,58310,1.0,0.6047813356608581]
[104235,89315,1.0,0.4438200829156452]
[104235,68836,1.0,0.4601354521723585]
[74884,56844,1.0,0.4255751396422102]
[74884,14644,1.0,0.47622852026431794]
[74884,68836,1.0,0.43267526140435064]
[67706,58310,1.0,0.43081095804260017]
[97036,19462,1.0,0.5985377356191798]
[97036,59330,1.0,0.41657626118145485]
[108387,14644,1.0,0.4114605563785433]
[72149,67769,1.0,0.4269917712344287]
[72149,19462,1.0,0.6912489849665997]
[72149,50088,1.0,0.4642974074331767]
[72149,57278,1.0,0.5039695356379924]
[38874,14644,1.0,0.4266258378874648]
[103339,58310,1.0,0.42727166029586644]
[103339,68836,1.0,0.41590141327604385]
[103339,88811,1.0,0.5176484855508493]
[93701,50088,1.0,0.4220017050420196]
[93701,93695,1.0,0.9949181171750051]
[74042,19462,1.0,0.48556683324722316]
[74042,59330,1.0,0.40140028376455666]
[72152,67769,1.0,0.4528547419838425]
[72152,3011,1.0,0.43133492991560585]
[72152,19462,1.0,0.7438915222501219]
[72152,50088,1.0,0.4632140389337139]
[72152,57278,1.0,0.4490250715353057]
[72152,72149,1.0,0.9857484130768982]
[104238,56844,1.0,0.4732235987503375]
[104238,87102,1.0,0.540687761225615]
[104238,58310,1.0,0.45448099933063096]
[104238,89315,1.0,0.49502729751007724]
[104238,68836,1.0,0.41440416871519464]
[104238,104235,1.0,0.8783837223013795]
[24325,14644,1.0,0.4337412410229755]
[93704,93695,1.0,0.97205724574771]
[93704,93701,1.0,0.9708766855329373]
[59330,8918,1.0,0.7573121907422012]
[59330,21203,1.0,0.5823710737029791]
[59330,14280,1.0,0.4132196154244718]
[59330,51190,1.0,0.4388507710571841]
[59330,6791,1.0,0.4290569779670964]
[59330,53520,1.0,0.4312680485103823]
[59330,57278,1.0,0.7201570897139984]
[11195,11192,1.0,0.9914756223331858]
[11204,11195,1.0,0.9745482171101981]
[11204,11192,1.0,0.984825230687102]
[11204,11198,1.0,0.984825230687102]
[14936,11204,1.0,0.42315199371041784]
[14936,14933,1.0,0.9877726362494229]
[11198,11195,1.0,0.9914756223331858]
[11198,11192,1.0,0.9952227536000962]
[51421,277,1.0,0.43973599380170525]
[51421,51418,1.0,0.9911457621988602]
[4846,4840,1.0,0.9952227536000962]
[4846,4843,1.0,0.9922234894189341]
[4843,4840,1.0,0.9947262821994]
[36796,36790,1.0,0.9889558264007092]
[36796,36793,1.0,0.9651539688911591]
[36793,36790,1.0,0.9797561081996077]
[36799,36790,1.0,0.9736594399977243]
[36799,36796,1.0,0.9459192847743357]
[36799,36793,1.0,0.9086865375778514]
[20319,20316,1.0,0.6962183817234695]
[79789,41326,1.0,0.41884788171464316]
[68367,68364,1.0,0.9913030049860897]
[68367,68361,1.0,0.9918554701212371]
[30739,30736,1.0,0.9945658729539499]
[68364,68361,1.0,0.9915124492296166]
[30742,30736,1.0,0.9938275606708289]
[30742,30739,1.0,0.9901630037742963]
[54349,15600,1.0,0.48651647753612864]
[68370,68367,1.0,0.9872006607635848]
[68370,68364,1.0,0.9945334758502188]
[68370,68361,1.0,0.9952227536000962]
[71901,71898,1.0,0.9933607062578763]
[64082,64079,1.0,0.9905564682541387]
[64082,45080,1.0,0.4348268995268539]
[45080,45077,1.0,0.9952227536000962]
[98694,98688,1.0,0.9677967939140745]
[98694,77287,1.0,0.401346905006538]
[98694,98691,1.0,0.9738658217890254]
[98688,77287,1.0,0.4504864835764668]
[98691,98688,1.0,0.9591292701647975]
[98691,77287,1.0,0.5100924071935004]
[55522,44064,1.0,0.4166285859298437]
[60209,24763,1.0,0.4486704625181449]
[60209,44064,1.0,0.4104462929392295]
[60209,60206,1.0,0.9877961251623499]
[60209,60200,1.0,0.9892819917996648]
[60209,60203,1.0,0.9877961251623499]
[99178,86957,1.0,0.4517648515917181]
[44058,42000,1.0,0.4317651126776431]
[44058,8850,1.0,0.6172199473216194]
[130879,44064,1.0,0.5194454458908461]
[130879,124317,1.0,0.5287244680039351]
[130879,118377,1.0,0.4966946200139722]
[62225,44064,1.0,0.46093531076844074]
[86960,86954,1.0,0.9902570385699506]
[86960,86957,1.0,0.9689623764761063]
[30866,30860,1.0,0.6975114396693025]
[30866,30857,1.0,0.6975114396693025]
[94017,44064,1.0,0.48489797634305964]
[118866,44064,1.0,0.4668332569829162]
[80695,44064,1.0,0.42920093306526125]
[88273,44064,1.0,0.48279116779087794]
[76415,44064,1.0,0.5647922096553549]
[41997,41994,1.0,0.9939734548566995]
[65860,44064,1.0,0.6287313206765385]
[66926,44064,1.0,0.5495627687906713]
[52218,44064,1.0,0.4742795857531035]
[44067,44058,1.0,0.9765321913694015]
[44067,44064,1.0,0.703694350074705]
[44064,39490,1.0,0.5041846871566907]
[44064,24763,1.0,0.5002622703570735]
[44064,16782,1.0,0.41733822058823933]
[44064,3145,1.0,0.4628483888357474]
[44064,44058,1.0,0.8591264788129137]
[44064,33892,1.0,0.7843616456328893]
[44064,30866,1.0,0.470545600055704]
[44064,2930,1.0,0.4695100080509695]
[44064,20213,1.0,0.4793793523792184]
[44064,16412,1.0,0.7482337594302053]
[44064,36551,1.0,0.43523519238337527]
[44064,3018,1.0,0.44003155066963207]
[44064,30869,1.0,0.5890526500695714]
[44064,27213,1.0,0.6107311516049231]
[44064,32399,1.0,0.42048515913206697]
[44064,7240,1.0,0.516606067413217]
[44064,30860,1.0,0.5890526500695714]
[44064,4446,1.0,0.4402028928046817]
[44064,31678,1.0,0.44799265306950914]
[44064,30857,1.0,0.5890526500695714]
[124317,24763,1.0,0.43381787467047583]
[124317,2930,1.0,0.41140305303690694]
[124317,44064,1.0,0.5626341560264501]
[42000,41994,1.0,0.9596249371649687]
[42000,41997,1.0,0.9126554403803584]
[42000,15574,1.0,0.5166376992571975]
[73978,44064,1.0,0.49454894920585674]
[30869,30866,1.0,0.6975114396693025]
[30869,30860,1.0,0.9952227536000962]
[30869,30857,1.0,0.9952227536000962]
[67178,67175,1.0,0.9886551642455325]
[71939,44064,1.0,0.5536439241592128]
[62205,44064,1.0,0.6098688586972459]
[27213,24763,1.0,0.6014137164081917]
[103567,44064,1.0,0.5642384433212271]
[54357,44064,1.0,0.6054032014272647]
[60206,44064,1.0,0.41507334150963154]
[60206,60200,1.0,0.99236012770395]
[60206,60203,1.0,0.9821440985506226]
[60212,60209,1.0,0.9676365652979849]
[60212,44064,1.0,0.4292457589499208]
[60212,60206,1.0,0.982360959703431]
[60212,60200,1.0,0.9843249698265987]
[60212,60203,1.0,0.953526421662507]
[54360,24763,1.0,0.6437538881896451]
[54360,44064,1.0,0.6054032014272647]
[54360,54357,1.0,0.9905564682541387]
[54360,52891,1.0,0.6388155565710303]
[48112,8850,1.0,0.4432869433943391]
[67181,67175,1.0,0.9793336946622435]
[67181,67178,1.0,0.9761079978261433]
[80020,44064,1.0,0.790685010312845]
[80020,80017,1.0,0.9936282955531263]
[76358,44064,1.0,0.4968361904409479]
[103476,44064,1.0,0.4738826173085441]
[60215,60209,1.0,0.9161660626022695]
[60215,24763,1.0,0.43278631031386705]
[60215,44064,1.0,0.4142087394908435]
[60215,60206,1.0,0.9289276255077791]
[60215,60212,1.0,0.9640310302757685]
[60215,60200,1.0,0.9357493715343936]
[60215,60203,1.0,0.9289276255077791]
[30860,30857,1.0,0.9952227536000962]
[80017,44064,1.0,0.790685010312845]
[121528,44064,1.0,0.46809074177737353]
[68566,68563,1.0,0.9905564682541387]
[73376,44064,1.0,0.43676658162372567]
[103155,44064,1.0,0.5433728998244471]
[15574,8850,1.0,0.4696688095714947]
[15574,15571,1.0,0.9642724877282782]
[68569,68563,1.0,0.9897729302560215]
[68569,68566,1.0,0.981038110292129]
[86957,42000,1.0,0.4142121630126768]
[86957,8850,1.0,0.40439962219363385]
[86957,86954,1.0,0.9872398703983708]
[123780,44064,1.0,0.5338095688935423]
[57400,44064,1.0,0.5003581188354354]
[52891,44064,1.0,0.7469933538274373]
[60200,44064,1.0,0.4104462929392295]
[118377,60209,1.0,0.4386232029446611]
[118377,44064,1.0,0.5319007742436759]
[118377,27213,1.0,0.5943935878694943]
[83402,44064,1.0,0.5342203917913969]
[60203,44064,1.0,0.4142984569025928]
[60203,60200,1.0,0.9864608287311907]
[56387,44064,1.0,0.4785912140509109]
[118791,59060,1.0,0.4683999426918586]
[128764,128755,1.0,0.9952227536000962]
[128764,128758,1.0,0.9890884447071597]
[128764,59057,1.0,0.545820200042663]
[128764,59063,1.0,0.5051206629982946]
[128764,59060,1.0,0.8453487737764651]
[128764,53879,1.0,0.48459331762373675]
[55081,55078,1.0,0.9929495960445205]
[120705,59060,1.0,0.47641138816670253]
[124096,59060,1.0,0.5327529066078315]
[55084,55081,1.0,0.8999972530143941]
[55084,55078,1.0,0.9252282450723744]
[59101,59060,1.0,0.6578241384263702]
[87242,59060,1.0,0.5302144992296566]
[36123,20547,1.0,0.5094317034848656]
[106216,59057,1.0,0.5443468720409035]
[106216,59063,1.0,0.5070595138118783]
[106216,59060,1.0,0.815017071225125]
[84015,59060,1.0,0.4505028713975773]
[128755,59057,1.0,0.545820200042663]
[128755,59063,1.0,0.5051206629982946]
[128755,59060,1.0,0.8453487737764651]
[128755,53879,1.0,0.48459331762373675]
[105918,59060,1.0,0.5948078864056359]
[116709,59060,1.0,0.6757420882555296]
[116709,53879,1.0,0.5853924635251022]
[46383,46377,1.0,0.9902913432757028]
[59584,59575,1.0,0.6665343248127767]
[59584,59060,1.0,0.4155975553415035]
[59584,59581,1.0,0.6665343248127767]
[128758,128755,1.0,0.9890884447071597]
[128758,59057,1.0,0.42900423702635426]
[128758,59060,1.0,0.7369083126438575]
[128758,53879,1.0,0.48459331762373675]
[91557,59060,1.0,0.40023636320979933]
[59057,48173,1.0,0.4326922942762609]
[59057,4067,1.0,0.4234071911589698]
[113385,59060,1.0,0.620433501865503]
[59575,59060,1.0,0.652339940779202]
[60830,59060,1.0,0.6060760058974889]
[70079,59060,1.0,0.4709737104674556]
[59063,59057,1.0,0.9926463572570701]
[59063,59060,1.0,0.9782350125416981]
[63668,59060,1.0,0.5241235278260042]
[84021,84015,1.0,0.9905564682541387]
[84021,59060,1.0,0.41659052991496787]
[84021,84018,1.0,0.8248498651227729]
[46843,28447,1.0,0.5250748153340915]
[46843,34516,1.0,0.49604740666665975]
[59060,11599,1.0,0.481135158722892]
[59060,39833,1.0,0.4980231254844791]
[59060,2774,1.0,0.40638196503768287]
[59060,37296,1.0,0.44551010150294157]
[59060,36123,1.0,0.5933910357144796]
[59060,29798,1.0,0.42874057132113047]
[59060,23878,1.0,0.566307380472399]
[59060,20547,1.0,0.6524392195830663]
[59060,19517,1.0,0.5060287630320129]
[59060,46383,1.0,0.5089483859372046]
[59060,29286,1.0,0.4477634791940286]
[59060,28447,1.0,0.5658254565597463]
[59060,53842,1.0,0.6368741225159958]
[59060,23695,1.0,0.5845653339680802]
[59060,7991,1.0,0.5690768560223255]
[59060,44530,1.0,0.42759617155355034]
[59060,59057,1.0,0.9852952983157007]
[59060,57920,1.0,0.4228470737720043]
[59060,46377,1.0,0.6268591201654184]
[59060,20208,1.0,0.5613506258623897]
[59060,46843,1.0,0.4861123011634673]
[59060,53879,1.0,0.5691283836883342]
[59060,48173,1.0,0.5831341731021006]
[59060,26123,1.0,0.6374987749319517]
[59060,12578,1.0,0.5701694847581307]
[59060,25788,1.0,0.49688349460776876]
[59060,4067,1.0,0.7016194540809527]
[62133,59060,1.0,0.7107724824646099]
[84018,84015,1.0,0.8808947169618205]
[84018,59060,1.0,0.42641842029332006]
[88603,59060,1.0,0.547637511657851]
[61525,59060,1.0,0.40170048331692243]
[59581,59575,1.0,0.9952227536000962]
[59581,59060,1.0,0.652339940779202]
[59590,59584,1.0,0.6478714081993399]
[59590,59575,1.0,0.9782889444263958]
[59590,59060,1.0,0.652339940779202]
[59590,59581,1.0,0.9782889444263958]
[87876,87873,1.0,0.9952227536000962]
[19873,8647,1.0,0.4150115499192695]
[111669,111484,1.0,0.40969084241145604]
[111669,77510,1.0,0.5939412881483002]
[118771,118768,1.0,0.9952227536000962]
[126196,126193,1.0,0.9922323843947127]
[126196,126190,1.0,0.9922323843947127]
[97897,97891,1.0,0.9905888064088161]
[97897,97894,1.0,0.9887588506559962]
[126193,126190,1.0,0.9952227536000962]
[97900,97897,1.0,0.9560569722420614]
[97900,97891,1.0,0.9795479393180372]
[97900,97894,1.0,0.975597964086149]
[97894,97891,1.0,0.9942129708818666]
[20304,20301,1.0,0.9887163917404395]
[91331,91322,1.0,0.9670693723126726]
[91331,91325,1.0,0.9165912250630599]
[91331,91328,1.0,0.943684719526043]
[91325,91322,1.0,0.986085112696995]
[91328,91322,1.0,0.9719352649184447]
[91328,91325,1.0,0.9355572350702611]
[113238,63610,1.0,0.5202143866953478]
[113238,16351,1.0,0.687044683062556]
[88918,28229,1.0,0.4865436425795401]
[88918,44270,1.0,0.6431290126606513]
[127249,127243,1.0,0.9929243387519429]
[127249,127246,1.0,0.9692576128301235]
[127252,127249,1.0,0.9892355836775923]
[127252,127243,1.0,0.9926680456172919]
[127252,127246,1.0,0.9679378665776961]
[127246,127243,1.0,0.9865413521252184]
[122806,122803,1.0,0.9952227536000962]
[115530,115527,1.0,0.9910149508065733]
[122809,122806,1.0,0.9935872485809196]
[122809,122803,1.0,0.9935872485809196]
[95721,95718,1.0,0.9882146352825906]
[2366,2363,1.0,0.9560067083299896]
[126300,81255,1.0,0.4246971584212714]
[7457,7454,1.0,0.9652227426018116]
[50506,50503,1.0,0.699992112308962]
[7460,7457,1.0,0.990021243907815]
[7460,7454,1.0,0.9915149625185751]
[107964,107958,1.0,0.9925468645354409]
[73497,73494,1.0,0.6697798995012634]
[46444,37710,1.0,0.5597165997303323]
[46444,37713,1.0,0.5597165997303323]
[43674,11265,1.0,0.44243632216434575]
[74377,11265,1.0,0.5059190582735248]
[89895,11265,1.0,0.5583608524659552]
[116893,108664,1.0,0.516741819800147]
[116893,80425,1.0,0.44967156347151477]
[116893,14752,1.0,0.43560096739262294]
[116893,108661,1.0,0.4448143451399139]
[94501,11265,1.0,0.40629524975184306]
[86598,11265,1.0,0.46459923590606855]
[43190,11265,1.0,0.5558919489351797]
[29430,11265,1.0,0.42054548357424526]
[37336,11265,1.0,0.46121779079934205]
[35458,35452,1.0,0.9950881655021437]
[35458,35455,1.0,0.9484376191438262]
[108664,108279,1.0,0.4861677997435852]
[108664,108661,1.0,0.970626456715604]
[113094,43674,1.0,0.42167618169239873]
[113094,80061,1.0,0.557807848686493]
[121803,11265,1.0,0.4160994068845834]
[105853,11262,1.0,0.43548083481489375]
[105853,70710,1.0,0.45408527598793497]
[105853,45701,1.0,0.4390354181701962]
[105853,11265,1.0,0.6891360229485579]
[105853,105850,1.0,0.9591292701647975]
[85469,11265,1.0,0.5464114044072832]
[34776,11265,1.0,0.6823051809638012]
[80425,80422,1.0,0.9925540237939185]
[70710,45701,1.0,0.5223071657472306]
[70710,11265,1.0,0.7676949258192892]
[108568,34776,1.0,0.4404284711260068]
[108568,11265,1.0,0.6723054755488226]
[45701,11262,1.0,0.5021388097867812]
[45701,11265,1.0,0.7688921228389958]
[40656,11265,1.0,0.48772045625736943]
[43137,11265,1.0,0.5739665947987649]
[37713,37710,1.0,0.9884234729544201]
[81343,43674,1.0,0.5152435557517464]
[81343,37710,1.0,0.49622280557474424]
[81343,43137,1.0,0.5125751768262736]
[81343,37713,1.0,0.5482703722568996]
[81343,11265,1.0,0.6403436907850326]
[81343,80061,1.0,0.4969812724708163]
[100318,100315,1.0,0.7316878543972486]
[100318,25044,1.0,0.47284696190830205]
[35455,35452,1.0,0.9817455306110082]
[125791,81343,1.0,0.5358583833954612]
[125791,125788,1.0,0.9904184337670737]
[82591,11265,1.0,0.581758040274552]
[11265,4857,1.0,0.4351088400566544]
[11265,11262,1.0,0.9898849635669472]
[11265,2803,1.0,0.44158140689863284]
[11265,2376,1.0,0.4845679215033327]
[124375,108279,1.0,0.4451040799930304]
[105850,11262,1.0,0.45794111867855225]
[105850,34776,1.0,0.46319237448897516]
[105850,70710,1.0,0.5248239290995766]
[105850,45701,1.0,0.49334284928956074]
[105850,11265,1.0,0.7283518401349711]
[55415,34776,1.0,0.4012889452180323]
[55415,45701,1.0,0.402321350595963]
[55415,11265,1.0,0.7493149336466409]
[22781,11265,1.0,0.43157750302468456]
[46447,46444,1.0,0.9938289672647332]
[46447,37710,1.0,0.5287043776605868]
[46447,37713,1.0,0.5287043776605868]
[107887,11265,1.0,0.4393112844929267]
[22224,11265,1.0,0.4160783055822473]
[105856,11262,1.0,0.45794111867855225]
[105856,105853,1.0,0.9591292701647975]
[105856,34776,1.0,0.46319237448897516]
[105856,70710,1.0,0.5248239290995766]
[105856,45701,1.0,0.49334284928956074]
[105856,11265,1.0,0.7283518401349711]
[105856,105850,1.0,0.9952227536000962]
[125794,37710,1.0,0.4088769186069869]
[125794,37713,1.0,0.40766722696453156]
[125794,81343,1.0,0.5471133759306245]
[125794,125791,1.0,0.9876677184660024]
[125794,125788,1.0,0.9868101889146059]
[91209,34776,1.0,0.5246281136242387]
[91209,45701,1.0,0.4081772873700467]
[91209,11265,1.0,0.7371779104241537]
[80061,43674,1.0,0.5722975767491597]
[125788,81343,1.0,0.5358583833954612]
[116673,43674,1.0,0.6691159990589476]
[116673,11265,1.0,0.41634793683220944]
[116673,80061,1.0,0.566758712943591]
[83679,83676,1.0,0.9895707056247579]
[108661,108279,1.0,0.4611239883651899]
[47601,43674,1.0,0.4153678654802892]
[7686,7683,1.0,0.9896010848377497]
[7689,7686,1.0,0.9470728401616755]
[7689,7683,1.0,0.9804279012355797]
[56166,16127,1.0,0.6188600250383882]
[56166,50765,1.0,0.4540132812491025]
[90246,34650,1.0,0.4576186631263235]
[90246,39006,1.0,0.5165475941756014]
[41796,41793,1.0,0.636560139813203]
[41799,41796,1.0,0.7494848556456294]
[41799,41793,1.0,0.9934563718859224]
[93746,93743,1.0,0.9952227536000962]
[40894,28172,1.0,0.4351809134755727]
[26973,26970,1.0,0.9852398701417726]
[26976,26973,1.0,0.9918818867765093]
[26976,26970,1.0,0.9909196098134082]
[46555,46552,1.0,0.949231667447984]
[46558,46555,1.0,0.9753230996801955]
[46558,46552,1.0,0.9925468645354409]
[18782,18773,1.0,0.9916136505532891]
[18782,18779,1.0,0.9088976046574383]
[18782,18776,1.0,0.7463298680272328]
[51216,24744,1.0,0.5024139819284936]
[92191,51216,1.0,0.47223362794027207]
[18779,18773,1.0,0.9367300845364747]
[59317,51216,1.0,0.7211486819729729]
[121537,51216,1.0,0.6194204104882238]
[8440,8437,1.0,0.9936282955531263]
[46561,46555,1.0,0.9704417904700906]
[46561,46558,1.0,0.9925468645354409]
[46561,46552,1.0,0.9952227536000962]
[45227,17989,1.0,0.5054289345562812]
[18776,18773,1.0,0.7448686835752398]
[40642,17953,1.0,0.524423470201971]
[40642,14983,1.0,0.4586771160301812]
[96919,96916,1.0,0.990515878461667]
[5371,5368,1.0,0.7892765181254553]
[48776,48773,1.0,0.9876371974994277]
[5374,5368,1.0,0.981659156018156]
[5374,5371,1.0,0.7743910816912064]
[86351,29168,1.0,0.41101546328255767]
[39167,28049,1.0,0.46149648475248056]
[96381,28049,1.0,0.5691490330994259]
[109627,109624,1.0,0.9789045092733482]
[72409,28049,1.0,0.5166100048114279]
[109630,109624,1.0,0.9927651963494943]
[109630,109627,1.0,0.9906644251636456]
[123549,123543,1.0,0.9875860314151503]
[123549,123546,1.0,0.9180369021725503]
[102886,11473,1.0,0.5336715795897915]
[123546,123543,1.0,0.933984914937228]
[33064,33061,1.0,0.9754297878628926]
[33067,33064,1.0,0.9880171235325957]
[33067,33061,1.0,0.9942417618294649]
[53002,52996,1.0,0.9878139021328624]
[9735,9729,1.0,0.9949181171750051]
[52996,9729,1.0,0.49713342989745263]
[52996,9735,1.0,0.49177911450249323]
[76884,76875,1.0,0.9351901939023143]
[76884,76878,1.0,0.7609489939815894]
[76890,76884,1.0,0.9357745944944232]
[76890,76875,1.0,0.9894544311622477]
[76890,76878,1.0,0.9802385481644068]
[76890,76887,1.0,0.9780181524356243]
[76878,76875,1.0,0.9917681566914877]
[74669,74666,1.0,0.9938647243311929]
[76887,76884,1.0,0.8451469279233421]
[76887,76875,1.0,0.9824447499669513]
[76887,76878,1.0,0.9336875625092778]
[125676,74034,1.0,0.43960727606495237]
[46636,46633,1.0,0.984363876213866]
[123700,123697,1.0,0.9835933092060454]
[74034,68468,1.0,0.4316347854572328]
[127074,123703,1.0,0.407717368521171]
[46642,46636,1.0,0.6174443425750503]
[46642,46633,1.0,0.7873549254232739]
[46642,46639,1.0,0.7435559492330244]
[80526,46636,1.0,0.4272107661315282]
[47755,39316,1.0,0.409904371593361]
[47755,39322,1.0,0.409904371593361]
[46650,46647,1.0,0.6772385220826369]
[123703,68533,1.0,0.46939113099792956]
[123703,123700,1.0,0.981369600693693]
[123703,88486,1.0,0.45671036346521526]
[123703,123697,1.0,0.9890738476129565]
[123703,91805,1.0,0.5791668445611633]
[123703,68468,1.0,0.4225350503692757]
[123703,11744,1.0,0.4154348157302555]
[123703,46645,1.0,0.4347456210793226]
[123703,70840,1.0,0.5067728448032502]
[123703,75226,1.0,0.5323917614288739]
[123703,27149,1.0,0.5767507790767289]
[123703,73345,1.0,0.4905210845198871]
[123703,35489,1.0,0.4765781230393923]
[123703,70317,1.0,0.4035841511939228]
[123703,85755,1.0,0.48689957072730106]
[125859,74034,1.0,0.44868422724733287]
[125859,34090,1.0,0.5198415829156162]
[125859,80526,1.0,0.40030217058974377]
[125859,123703,1.0,0.40012751116171164]
[125859,78025,1.0,0.45216066951502326]
[125859,75226,1.0,0.44412141195715926]
[78025,46636,1.0,0.4213828044928276]
[32720,32717,1.0,0.9914756223331858]
[39322,39316,1.0,0.9902708064136467]
[39322,39319,1.0,0.9744608681527233]
[46645,46636,1.0,0.9684324810698673]
[46645,46642,1.0,0.5800582706810974]
[46645,46633,1.0,0.9739371703753684]
[46645,46639,1.0,0.9632434948482788]
[75226,74034,1.0,0.6176170197841373]
[75226,74720,1.0,0.7369953043541173]
[73345,50337,1.0,0.6645981020015669]
[73345,11172,1.0,0.7678789949832862]
[39319,39316,1.0,0.9894420841329872]
[34093,34090,1.0,0.9785985998371624]
[46639,46636,1.0,0.9790539372950802]
[46639,46633,1.0,0.9872509247319189]
[39328,39316,1.0,0.9905564682541387]
[39328,39322,1.0,0.9905564682541387]
[39328,18855,1.0,0.5238656875980433]
[39328,39319,1.0,0.9928534077896937]
[82625,77875,1.0,0.5232289660162519]
[77875,21482,1.0,0.5087610404050187]
[77875,57247,1.0,0.4509306170246762]
[77875,44233,1.0,0.5018932366731973]
[77875,51770,1.0,0.5263582066982534]
[77875,38090,1.0,0.4703841440715372]
[77875,35359,1.0,0.5018932366731973]
[99838,77875,1.0,0.5927992329492157]
[93680,30756,1.0,0.5914101427191362]
[93680,30750,1.0,0.5984730552166558]
[93680,30753,1.0,0.5207195348928518]
[107013,107007,1.0,0.9821428342044263]
[107013,107010,1.0,0.94409482584315]
[107013,107004,1.0,0.9713572223841915]
[107013,107001,1.0,0.9878330894543427]
[21920,21917,1.0,0.9895677345869986]
[30756,30750,1.0,0.9950198389614197]
[30756,30753,1.0,0.7831621945666795]
[80395,21920,1.0,0.4815584273884078]
[80395,21917,1.0,0.4830061187692174]
[80395,2441,1.0,0.6344568316536918]
[107007,107004,1.0,0.9825361585721515]
[107007,107001,1.0,0.9927510998302113]
[89047,89044,1.0,0.9952227536000962]
[21923,21920,1.0,0.7133188341489]
[21923,21917,1.0,0.7122396505324986]
[2258,2255,1.0,0.9709563204994277]
[2258,2249,1.0,0.9952227536000962]
[107010,107007,1.0,0.9859407687405959]
[107010,107004,1.0,0.9779747047651324]
[107010,107001,1.0,0.9904808726642894]
[30753,30750,1.0,0.7974107353306942]
[89050,89047,1.0,0.9934676728744796]
[89050,89044,1.0,0.9934676728744796]
[21926,21920,1.0,0.9841344207575875]
[21926,21923,1.0,0.5764471442682119]
[21926,21917,1.0,0.9891700284774299]
[2255,2249,1.0,0.9860808800493163]
[121123,80395,1.0,0.6455675505584184]
[121123,2258,1.0,0.5064438245973122]
[121123,2441,1.0,0.4622805827518369]
[113850,80395,1.0,0.529404265327732]
[107004,107001,1.0,0.9877726362494229]
[122068,122062,1.0,0.9952227536000962]
[122068,122065,1.0,0.9927904021198166]
[122065,122062,1.0,0.9927904021198166]
[130443,9743,1.0,0.41600968857941556]
[130443,127278,1.0,0.478155655553725]
[130443,28824,1.0,0.48196251961273745]
[127278,9743,1.0,0.4077484494427779]
[127278,28824,1.0,0.8471739558330256]
[109708,92057,1.0,0.43032298587065587]
[28824,9743,1.0,0.8318252477606558]
[91630,28824,1.0,0.44228301246917534]
[91633,91630,1.0,0.9891164748499857]
[92057,82004,1.0,0.4907160711587476]
[88450,88447,1.0,0.9698762889492096]
[4605,4602,1.0,0.9927510998302113]
[51188,51185,1.0,0.9548050833167695]
[88459,88447,1.0,0.9945658731879131]
[88459,88450,1.0,0.9667965015158958]
[88459,88453,1.0,0.9945658731879131]
[88459,88456,1.0,0.9498226714719838]
[132169,132166,1.0,0.9933550320030448]
[132172,132169,1.0,0.9774528064299429]
[132172,132166,1.0,0.9825102129763946]
[4608,4605,1.0,0.9813245392675702]
[4608,4602,1.0,0.9784179731365256]
[88453,88447,1.0,0.9952227536000962]
[88453,88450,1.0,0.9698762889492096]
[88456,88447,1.0,0.9605740695685999]
[88456,88450,1.0,0.9884133284968223]
[88456,88453,1.0,0.9605740695685999]
[51191,51188,1.0,0.9019051584087789]
[51191,51185,1.0,0.9833514052893394]
[108567,108561,1.0,0.9952227536000962]
[132175,132169,1.0,0.9816850677477035]
[132175,132172,1.0,0.9720077126499663]
[132175,132166,1.0,0.9859369605433117]
[24357,24354,1.0,0.9656139815577353]
[95766,24290,1.0,0.5644418682596843]
[104215,24354,1.0,0.4276161181117386]
[104215,24357,1.0,0.44913334143901723]
[80534,56327,1.0,0.44778694954223386]
[26779,4505,1.0,0.46435809298842307]
[24428,24425,1.0,0.9891356835907431]
[79684,57050,1.0,0.47708942650799074]
[29981,29975,1.0,0.9952227536000962]
[57050,26779,1.0,0.5169289200357077]
[57050,37862,1.0,0.5301497536732792]
[53452,53449,1.0,0.9451718965851833]
[53452,53446,1.0,0.9952227536000962]
[96219,96216,1.0,0.9952227536000962]
[46758,46755,1.0,0.9849197904794699]
[46758,46752,1.0,0.9836837386664243]
[10411,10408,1.0,0.9929447031128371]
[13402,13393,1.0,0.9816415659916065]
[112998,112995,1.0,0.9952227536000962]
[112998,112992,1.0,0.9926278674655746]
[58021,58012,1.0,0.9934847894123641]
[58021,58018,1.0,0.9693989792902843]
[58021,58015,1.0,0.9881744073791142]
[46755,46752,1.0,0.9926680456172919]
[112995,104122,1.0,0.40891952799490894]
[112995,13402,1.0,0.4642661293504246]
[112995,45200,1.0,0.510701991890551]
[112995,90339,1.0,0.4069761718092264]
[112995,11293,1.0,0.8728016757533994]
[112995,12091,1.0,0.4213663891607649]
[112995,85129,1.0,0.7362705117089846]
[112995,78376,1.0,0.5882599984315545]
[112995,45203,1.0,0.510701991890551]
[112995,13393,1.0,0.42040162576692075]
[112995,112992,1.0,0.9952227536000962]
[112995,85132,1.0,0.40237055549107376]
[118789,118786,1.0,0.9918616180838832]
[46761,46758,1.0,0.95985571244753]
[46761,46755,1.0,0.9783105281968234]
[46761,46752,1.0,0.993833290446873]
[85129,46755,1.0,0.5184158948913451]
[85129,11293,1.0,0.49629204425022916]
[85129,13393,1.0,0.40073599702061646]
[85129,53449,1.0,0.6003583350124442]
[58018,58012,1.0,0.9645438832999463]
[58018,58015,1.0,0.9507025591120247]
[118792,118789,1.0,0.9696581675908377]
[118792,118786,1.0,0.9909424776519933]
[45203,45200,1.0,0.9922323843947127]
[96222,96219,1.0,0.9799876457437787]
[96222,96216,1.0,0.9799876457437787]
[118798,118789,1.0,0.7896575755644804]
[118798,118786,1.0,0.9187787630148765]
[118798,118792,1.0,0.912230016211486]
[118798,118795,1.0,0.6055209263195802]
[53458,53452,1.0,0.988413682643911]
[53458,53449,1.0,0.9593425987161596]
[53458,53446,1.0,0.988413682643911]
[63925,1478,1.0,0.41383623930682234]
[53449,53446,1.0,0.9451718965851833]
[118795,118789,1.0,0.9600905226256492]
[118795,118786,1.0,0.9810979983664759]
[118795,118792,1.0,0.9845368408299523]
[104128,104122,1.0,0.8580248601136184]
[104128,104125,1.0,0.9460287747447732]
[127248,77113,1.0,0.44201353899047385]
[127248,118798,1.0,0.5228806961755382]
[121143,121140,1.0,0.8815129569482805]
[85132,85129,1.0,0.9883155955365193]
[104125,104122,1.0,0.992118598480181]
[104125,12091,1.0,0.4584760477828703]
[104125,85129,1.0,0.44830485617439475]
[96225,96219,1.0,0.9952227536000962]
[96225,96216,1.0,0.9952227536000962]
[96225,96222,1.0,0.9932537467430427]
[58015,58012,1.0,0.9897729302560215]
[69651,69645,1.0,0.9653234924033978]
[69651,69648,1.0,0.9431708029085978]
[69648,69645,1.0,0.991273886931284]
[28949,28946,1.0,0.9843854281128174]
[67704,32702,1.0,0.41109897526527334]
[119995,119992,1.0,0.9932537467430427]
[26347,26341,1.0,0.9730651142063869]
[26347,26344,1.0,0.9626876068265068]
[73991,73985,1.0,0.9676739319520252]
[25585,25582,1.0,0.9850722145093659]
[106416,81298,1.0,0.4241161511089397]
[81298,26344,1.0,0.4329494923173466]
[106419,106416,1.0,0.9937353308824888]
[106419,81298,1.0,0.4241161511089397]
[120001,119995,1.0,0.9829161346033729]
[120001,119992,1.0,0.9946424279692275]
[89254,89248,1.0,0.9866059292518626]
[119278,24338,1.0,0.6305867107211786]
[107260,67704,1.0,0.6219924765093198]
[26344,26341,1.0,0.9927742648919292]
[120004,119995,1.0,0.9771871253911438]
[120004,119992,1.0,0.9917040786028056]
[120004,120001,1.0,0.9850304364238592]
[117309,13225,1.0,0.4766096968865424]
[117309,117306,1.0,0.9918818867765093]
[45551,45548,1.0,0.9870842088008726]
[29304,29298,1.0,0.9280272530522296]
[29304,29301,1.0,0.978898527082501]
[29304,29295,1.0,0.9933677579237732]
[29298,29295,1.0,0.895261022347481]
[29301,29298,1.0,0.8335019107880307]
[29301,29295,1.0,0.9903630953180518]
[45554,45551,1.0,0.5374276089410437]
[45554,45548,1.0,0.49435408663310587]
[66499,66493,1.0,0.9947030106268565]
[66499,66496,1.0,0.9927647450923313]
[66496,66493,1.0,0.9822823109963214]
[65308,65302,1.0,0.9213228674390658]
[65308,65305,1.0,0.7273971352246746]
[65305,65302,1.0,0.9577624460465644]
[26560,26557,1.0,0.9245896884647298]
[131481,130362,1.0,0.46899286180951083]
[130362,130359,1.0,0.9952227536000962]
[130362,86537,1.0,0.684523956534054]
[79785,68780,1.0,0.42652197223951566]
[68095,44854,1.0,0.5564825793382284]
[86392,79785,1.0,0.5123534608052964]
[43331,43328,1.0,0.972472187948491]
[6107,6101,1.0,0.9873933981894876]
[6107,6104,1.0,0.9523728765571975]
[105214,44854,1.0,0.45193548665219424]
[65156,65153,1.0,0.9828886706050926]
[65156,45951,1.0,0.5487477514595268]
[6104,6101,1.0,0.980031274063621]
[65153,45951,1.0,0.40363400052793236]
[70024,70021,1.0,0.9900753867809837]
[13950,13947,1.0,0.9815743811685083]
[44854,13212,1.0,0.4460537122481114]
[68780,23839,1.0,0.5718589393073087]
[65159,65156,1.0,0.984000931730729]
[65159,65153,1.0,0.9927904021198166]
[70027,70021,1.0,0.8525304403992651]
[70027,70024,1.0,0.8340949542750442]
[70767,44854,1.0,0.4493673531458068]
[70767,45951,1.0,0.48030090111713125]
[65162,23004,1.0,0.4039868178890229]
[65162,65156,1.0,0.9782555427536409]
[65162,65153,1.0,0.9830615457577477]
[65162,65159,1.0,0.9759786426796937]
[65162,45951,1.0,0.5834487860963359]
[130174,43331,1.0,0.4983781337543896]
[130174,43328,1.0,0.4976992388123942]
[45951,38938,1.0,0.454996287952011]
[45951,44854,1.0,0.7867430427509574]
[98551,98545,1.0,0.9695316936707592]
[98551,98542,1.0,0.9859369605433117]
[98545,98542,1.0,0.9912664644969585]
[125658,125655,1.0,0.9928534077896937]
[41128,41125,1.0,0.9905564682541387]
[62313,62307,1.0,0.9758891731417159]
[90723,90720,1.0,0.9927904021198166]
[41134,41128,1.0,0.9538859219686973]
[41134,41125,1.0,0.9737528470796342]
[131610,48429,1.0,0.42952420959175436]
[85015,18810,1.0,0.6504637216302269]
[85015,47343,1.0,0.4281303146140961]
[105879,105876,1.0,0.9911955626349124]
[27742,18810,1.0,0.7269632361535896]
[100543,18810,1.0,0.7199816848129602]
[100543,1127,1.0,0.4067263759826347]
[100543,47343,1.0,0.4374384985875384]
[25935,18810,1.0,0.6628772820390529]
[20666,20663,1.0,0.9937025222972728]
[51133,18810,1.0,0.4882502634756243]
[51133,47343,1.0,0.42602622288409653]
[105882,105879,1.0,0.9837951923353343]
[105882,105876,1.0,0.9909196098134082]
[41366,41360,1.0,0.961220618892074]
[47343,25935,1.0,0.5864937821121528]
[41369,41366,1.0,0.9865954734301078]
[41369,41360,1.0,0.9927824540942585]
[71953,71950,1.0,0.9660237957788029]
[71953,71947,1.0,0.9728246645998971]
[71950,71947,1.0,0.9945658731879131]
[74548,39152,1.0,0.4662309810835543]
[103378,103372,1.0,0.9826654413355123]
[103378,103369,1.0,0.9826654413355123]
[103378,103375,1.0,0.9075152671969123]
[90098,90095,1.0,0.9952227536000962]
[100897,100891,1.0,0.9944660782509854]
[100897,100894,1.0,0.9932015542138997]
[90101,90098,1.0,0.9594222724908696]
[90101,90095,1.0,0.9594222724908696]
[103372,103369,1.0,0.9952227536000962]
[103375,103372,1.0,0.9663484505044586]
[103375,103369,1.0,0.9663484505044586]
[100894,100891,1.0,0.9941331399080218]
[100900,100897,1.0,0.979180592772412]
[100900,100891,1.0,0.9893749825601216]
[100900,100894,1.0,0.9870818735692527]
[43697,43694,1.0,0.9925468645354409]
[60714,60708,1.0,0.991667290086143]
[19567,19564,1.0,0.9695123876518082]
[125344,125341,1.0,0.7605703535095335]
[77399,77396,1.0,0.906309870361087]
[103188,103176,1.0,0.7461044135298551]
[103188,103179,1.0,0.9458428158987222]
[103188,103173,1.0,0.9458428158987222]
[103176,103173,1.0,0.9475509062099406]
[103179,103176,1.0,0.9475509062099406]
[103179,103173,1.0,0.9952227536000962]
[77402,77399,1.0,0.6707507383893969]
[77402,77396,1.0,0.8834982206917154]
[79334,63203,1.0,0.49290356660516343]
[79334,48683,1.0,0.5347283455370199]
[6781,6775,1.0,0.9852742148737038]
[108012,63203,1.0,0.4364882712261262]
[108012,96108,1.0,0.6259852255971851]
[69991,69988,1.0,0.9608660255820413]
[3227,3221,1.0,0.489738127945745]
[3227,3224,1.0,0.7344098902875185]
[96108,79334,1.0,0.509784905698848]
[96108,3224,1.0,0.4132034745647456]
[3224,3221,1.0,0.9952227536000962]
[112782,112776,1.0,0.9952227536000962]
[91797,91794,1.0,0.9878322765641779]
[100779,100770,1.0,0.9947262821994]
[100779,100776,1.0,0.9947262821994]
[101322,101316,1.0,0.9867427510983522]
[101322,101319,1.0,0.9825993158332178]
[101325,101316,1.0,0.9901913218822512]
[101325,101322,1.0,0.9625949448422687]
[101325,101319,1.0,0.9867166199517862]
[100776,100770,1.0,0.9952227536000962]
[101319,101316,1.0,0.9840130830510198]
[78407,78401,1.0,0.9952227536000962]
[78407,78404,1.0,0.864483047320273]
[78404,78401,1.0,0.8188008779240937]
[72242,72239,1.0,0.9917038292066669]
[129436,129430,1.0,0.9905564682541387]
[129436,129433,1.0,0.9399123364892378]
[53736,53727,1.0,0.9884976622176969]
[123211,53736,1.0,0.49531098648626837]
[59675,59669,1.0,0.9474006924421703]
[59675,59663,1.0,0.9910490392710076]
[59675,59672,1.0,0.9653135310819453]
[59675,59666,1.0,0.9633416591060734]
[79874,79865,1.0,0.4521257468666215]
[79874,79871,1.0,0.6379408896208859]
[79874,79868,1.0,0.9935588802635267]
[82051,82036,1.0,0.9877808984113821]
[82051,82042,1.0,0.9850306007164509]
[82051,82045,1.0,0.9688376405990579]
[82051,82048,1.0,0.9952227536000962]
[59669,59663,1.0,0.9687623031884353]
[59669,59666,1.0,0.8981333246338813]
[88641,53736,1.0,0.4635094395898008]
[88641,50191,1.0,0.6611247258005156]
[64454,64448,1.0,0.9905564682541387]
[68089,53736,1.0,0.47067427448622956]
[68089,50191,1.0,0.5216197274874355]
[71585,53736,1.0,0.4540476550267579]
[71585,64448,1.0,0.5087167075987437]
[71585,64454,1.0,0.527513189722764]
[83397,83391,1.0,0.9345107919626044]
[82042,82036,1.0,0.988916788134405]
[92447,92444,1.0,0.9952227536000962]
[129433,68089,1.0,0.40914114820069847]
[129433,129430,1.0,0.9689781062374443]
[82438,82435,1.0,0.9798527163739216]
[79871,79865,1.0,0.9853632553554731]
[79871,79868,1.0,0.6329430412802719]
[58271,58268,1.0,0.7248377195395763]
[58274,58271,1.0,0.6833111374879468]
[58274,58268,1.0,0.9830445090908695]
[59672,59669,1.0,0.8678545127991748]
[59672,59663,1.0,0.9705531298698393]
[59672,59666,1.0,0.8972460473800271]
[59666,59663,1.0,0.9851281100581999]
[82045,82036,1.0,0.9862126149897659]
[82045,82042,1.0,0.9818434753759072]
[79868,79865,1.0,0.44733006869824843]
[82048,44551,1.0,0.4804167881665667]
[82048,82036,1.0,0.9886387337506027]
[82048,82042,1.0,0.9916559856117075]
[82048,50191,1.0,0.4449343687045125]
[82048,82045,1.0,0.9696338160054941]
[81748,81745,1.0,0.9869485200005181]
[33900,33897,1.0,0.9478118880379239]
[118551,118548,1.0,0.9910404057934176]
[111028,42487,1.0,0.4377950245642397]
[111028,88582,1.0,0.6282078407537441]
[111028,69892,1.0,0.49461740467980086]
[111028,39034,1.0,0.49744609533311795]
[132361,111028,1.0,0.4321211868150438]
[114589,114577,1.0,0.9772406837617322]
[114589,114586,1.0,0.9455499911800043]
[67320,67317,1.0,0.9952227536000962]
[67323,67317,1.0,0.9130850358030916]
[67323,67320,1.0,0.9130850358030916]
[114586,114577,1.0,0.9673681309684957]
[67326,67317,1.0,0.9892784293723093]
[67326,67320,1.0,0.9892784293723093]
[67326,67323,1.0,0.7949037772111682]
[115084,115078,1.0,0.9922234894189341]
[115087,115078,1.0,0.44498668430448507]
[115087,115084,1.0,0.5627285319414127]
[75205,75199,1.0,0.9932074570990139]
[88212,88197,1.0,0.9907135146512817]
[88212,88206,1.0,0.9922300944084222]
[88212,88203,1.0,0.988538152550498]
[88212,88209,1.0,0.9681076690672209]
[45682,45679,1.0,0.9831374193776826]
[112708,35618,1.0,0.48847025576399405]
[115149,112708,1.0,0.40058316702541946]
[115149,74038,1.0,0.44208201063888386]
[115149,35618,1.0,0.5465328913218417]
[115149,75541,1.0,0.4191378537354112]
[88206,88197,1.0,0.9913719155278211]
[88206,88203,1.0,0.9766937761678081]
[99606,99603,1.0,0.9882924856899931]
[99606,99600,1.0,0.993386613593774]
[119260,35618,1.0,0.5702217179429035]
[88203,88197,1.0,0.9940528687790091]
[88203,88200,1.0,0.43146148279815294]
[99603,99600,1.0,0.9861733107709137]
[99609,99606,1.0,0.993386613593774]
[99609,99603,1.0,0.9914158582030105]
[99609,99600,1.0,0.9952227536000962]
[35618,23357,1.0,0.5175552791260097]
[35618,32075,1.0,0.504253059683619]
[35618,22811,1.0,0.469706913019304]
[35618,35615,1.0,0.9952227536000962]
[35618,23960,1.0,0.6192713873457238]
[88209,88197,1.0,0.9929318100825512]
[88209,88206,1.0,0.9920644046733915]
[88209,88203,1.0,0.9912664644969585]
[30659,30653,1.0,0.9930676807585843]
[30659,30656,1.0,0.9728374273196231]
[30656,30653,1.0,0.9825110507977985]
[36993,2383,1.0,0.5503201999641908]
[115870,115864,1.0,0.9741975390983036]
[115870,115867,1.0,0.9553556937917966]
[115867,115864,1.0,0.9909251903137]
[82471,74695,1.0,0.6036973971752919]
[55971,55968,1.0,0.9909251903137]
[55977,55968,1.0,0.9173211499004471]
[55977,55971,1.0,0.8896463510996221]
[55977,55974,1.0,0.6428328841807309]
[55974,55968,1.0,0.9812883570775192]
[55974,55971,1.0,0.9830225827227371]
[7311,7305,1.0,0.9930654591442889]
[91841,91838,1.0,0.7752188169911405]
[116073,116070,1.0,0.9947262821994]
[88942,30304,1.0,0.4263088397001666]
[88942,20701,1.0,0.4644068490172315]
[88942,51787,1.0,0.4149424871735199]
[65940,65937,1.0,0.9174993551817071]
[65940,65934,1.0,0.9795469253602875]
[65937,65934,1.0,0.9459386633338681]
[97366,97363,1.0,0.9952227536000962]
[91844,91841,1.0,0.7752188169911405]
[91844,91838,1.0,0.9800243529901598]
[116076,116073,1.0,0.9345019919990821]
[116076,116070,1.0,0.9551497443188914]
[65946,65940,1.0,0.9467474970256714]
[65946,65937,1.0,0.9462921234355542]
[65946,65934,1.0,0.9903426645926842]
[65946,65943,1.0,0.4419181252903128]
[123166,116076,1.0,0.4079054665015893]
[105066,88942,1.0,0.5430647384148476]
[53003,53000,1.0,0.9944660782509854]
[59385,59382,1.0,0.9753433409212019]
[72661,72658,1.0,0.9895147614263562]
[72661,44790,1.0,0.788332402713974]
[128856,128850,1.0,0.99162314315901]
[71508,71505,1.0,0.9410593460527406]
[71511,71508,1.0,0.8578213719960647]
[71511,71505,1.0,0.9719530969192763]
[41766,41760,1.0,0.9952227536000962]
[41766,41763,1.0,0.9932389807686144]
[53556,53553,1.0,0.9811903986105784]
[124816,5600,1.0,0.44772255413684275]
[124816,53254,1.0,0.4469428993690677]
[41769,41766,1.0,0.9934289110292495]
[41769,41760,1.0,0.9934289110292495]
[41769,41763,1.0,0.9906222795340808]
[111886,111880,1.0,0.8588678800811953]
[111886,111883,1.0,0.8819608075233769]
[41772,41766,1.0,0.9738445674390345]
[41772,41760,1.0,0.9738445674390345]
[41772,41769,1.0,0.9661776131416431]
[41772,41763,1.0,0.9915630826211536]
[41763,41760,1.0,0.9883623363716079]
[111883,111880,1.0,0.990077100204934]
[28166,28154,1.0,0.6240358119211871]
[28166,28160,1.0,0.9556859485301459]
[1070,1067,1.0,0.96203456069788]
[44982,33675,1.0,0.4427241604958563]
[117915,19510,1.0,0.4155693863567369]
[28160,28154,1.0,0.9952227536000962]
[72898,72895,1.0,0.994342093446844]
[28163,28154,1.0,0.965117613864606]
[28163,28160,1.0,0.9749710831501303]
[72901,4775,1.0,0.6248577084413691]
[72901,72895,1.0,0.9952227536000962]
[72901,72898,1.0,0.994342093446844]
[113149,72901,1.0,0.5260010686627189]
[106351,75144,1.0,0.5822058382018916]
[108856,42996,1.0,0.6146831728651287]
[108856,75144,1.0,0.4188891998982828]
[18283,18277,1.0,0.9929318100825512]
[126780,33989,1.0,0.4986441157909316]
[126780,33995,1.0,0.4986441157909316]
[126780,126777,1.0,0.9946743864336534]
[39653,39647,1.0,0.960122031184211]
[39653,39650,1.0,0.9214787701222797]
[33992,33989,1.0,0.9909251903137]
[21153,21147,1.0,0.9847923588064046]
[21153,21150,1.0,0.9321330032748787]
[21150,21147,1.0,0.9742116974721993]
[5837,5831,1.0,0.993833290446873]
[5837,5834,1.0,0.993833290446873]
[39650,39647,1.0,0.9814641492434756]
[33995,33992,1.0,0.9783254588067185]
[33995,33989,1.0,0.9877726362494229]
[126777,33989,1.0,0.499701039008483]
[126777,33995,1.0,0.499701039008483]
[5834,5831,1.0,0.9952227536000962]
[119175,119172,1.0,0.9869007397239745]
[119175,104506,1.0,0.46350979660112873]
[119172,104506,1.0,0.4262840781043055]
[20742,20739,1.0,0.7216970484067754]
[20745,20742,1.0,0.6746486152535067]
[20745,20739,1.0,0.986925116811151]
[35777,35774,1.0,0.8140277463132352]
[60523,60520,1.0,0.9946572280446236]
[20748,20742,1.0,0.5382782841967967]
[20748,20745,1.0,0.9742579563230361]
[20748,20739,1.0,0.9901918127542898]
[35780,35777,1.0,0.8957720511558859]
[35780,35774,1.0,0.9952227536000962]
[60529,60520,1.0,0.978433925725393]
[60529,60523,1.0,0.9803487978564581]
[109081,104506,1.0,0.40449634352972164]
[115651,115648,1.0,0.8244222106506817]
[27368,23600,1.0,0.4608227835555199]
[112303,104506,1.0,0.44253061103777946]
[23603,23597,1.0,0.9922444720626648]
[23603,23600,1.0,0.9803727891765528]
[23600,23597,1.0,0.9844646856159203]
[104506,88584,1.0,0.4560634902998163]
[119178,119175,1.0,0.9847412869878829]
[119178,119172,1.0,0.9930676807585843]
[2592,2583,1.0,0.9877726362494229]
[2592,2589,1.0,0.9445879154362528]
[104374,104371,1.0,0.9883562054263795]
[64171,64168,1.0,0.9894306778428257]
[2589,2583,1.0,0.9768107949989467]
[58450,58447,1.0,0.6170825076112322]
[58456,58447,1.0,0.9946073079597023]
[58456,58450,1.0,0.7470731108494096]
[58456,58453,1.0,0.9839450887270326]
[58453,58447,1.0,0.9933677579237732]
[58453,58450,1.0,0.7449212952082862]
[86482,19280,1.0,0.42679136439367305]
[106476,106473,1.0,0.9187787630148765]
[129510,129507,1.0,0.9764296683800824]
[108919,108916,1.0,0.9836328446143358]
[3972,3969,1.0,0.8807858598972899]
[71359,71356,1.0,0.9952227536000962]
[73400,43653,1.0,0.5497172390971015]
[53814,53808,1.0,0.9952227536000962]
[53814,53811,1.0,0.9803865462284124]
[34833,34830,1.0,0.9547723283630384]
[60911,33783,1.0,0.40121674349593295]
[12190,12187,1.0,0.9650562255948661]
[74732,74729,1.0,0.9707416567624779]
[60565,60559,1.0,0.9950198389614197]
[60565,33783,1.0,0.7355944084155375]
[60565,60562,1.0,0.9884080289819767]
[74735,74732,1.0,0.947015895582302]
[74735,74729,1.0,0.9897741622171188]
[60559,33783,1.0,0.7355944084155375]
[74472,71359,1.0,0.45629734558641266]
[92873,92864,1.0,0.9715204448845451]
[92873,92870,1.0,0.9464816105843135]
[92873,92867,1.0,0.875095100153318]
[92870,92864,1.0,0.9891356835907431]
[92870,92867,1.0,0.9297289493625637]
[33783,5702,1.0,0.46973233235251016]
[87053,87050,1.0,0.9952227536000962]
[92867,92864,1.0,0.9680079410266658]
[53811,53808,1.0,0.9803865462284124]
[34839,34833,1.0,0.9365352144051178]
[34839,34830,1.0,0.9927904021198166]
[87056,87050,1.0,0.9952227536000962]
[87056,87053,1.0,0.9952227536000962]
[60562,60559,1.0,0.988934812387235]
[60562,33783,1.0,0.7355944084155375]
[64952,64949,1.0,0.9929318100825512]
[123391,74433,1.0,0.5214756284626034]
[92990,92987,1.0,0.9876262889123769]
[22488,22485,1.0,0.9231363294728185]
[22488,22479,1.0,0.9554580811653951]
[53901,53898,1.0,0.9698578639321547]
[53904,53901,1.0,0.8166311254528039]
[53904,53898,1.0,0.9522614987769715]
[93703,74433,1.0,0.5660956806425087]
[93703,17400,1.0,0.7195192941316818]
[93703,29174,1.0,0.4942817579681129]
[93703,65582,1.0,0.5544100343679079]
[93703,22726,1.0,0.42245927174330333]
[93703,3125,1.0,0.4907799722891035]
[92993,92990,1.0,0.8576026779151742]
[92993,92987,1.0,0.9320862759127775]
[53907,53901,1.0,0.7556708922101463]
[53907,53904,1.0,0.8602677738229916]
[53907,53898,1.0,0.9232776506087448]
[65582,50767,1.0,0.4248043166058523]
[132651,132648,1.0,0.9871975936995795]
[22485,22479,1.0,0.9902529786349912]
[87772,9763,1.0,0.41699846137622665]
[47481,47478,1.0,0.9850413340580875]
[47481,47475,1.0,0.9850413340580875]
[9766,9757,1.0,0.9439381330981322]
[9766,9760,1.0,0.946123385587031]
[9766,9763,1.0,0.9044544874439292]
[52389,52386,1.0,0.9481702234494543]
[128235,128229,1.0,0.9753644462004469]
[128235,128232,1.0,0.4995974478676788]
[21955,21952,1.0,0.9678931473294259]
[9760,9757,1.0,0.9912498675642931]
[106240,106237,1.0,0.9901918127542898]
[52395,52386,1.0,0.9780667022002569]
[52395,52389,1.0,0.8031170820856033]
[52395,52392,1.0,0.9571236147406857]
[47478,35176,1.0,0.4122053587424303]
[47478,47475,1.0,0.9952227536000962]
[47475,35176,1.0,0.4122053587424303]
[32698,9763,1.0,0.4938615234882967]
[21958,21955,1.0,0.9378807802967181]
[21958,21952,1.0,0.988587028246309]
[128670,128667,1.0,0.9907076748592323]
[9763,9757,1.0,0.9892819917996648]
[9763,9760,1.0,0.9855376606941398]
[47956,9763,1.0,0.4236746658038627]
[128232,128229,1.0,0.5956403927861114]
[52392,52386,1.0,0.9140193573399228]
[52392,52389,1.0,0.5658312493821054]
[49009,49006,1.0,0.9932537467430427]
[49009,34201,1.0,0.40205757246084173]
[132100,49009,1.0,0.5563762549045791]
[19949,19943,1.0,0.9925500138987969]
[19949,19946,1.0,0.9220898524708796]
[19946,19943,1.0,0.9747944884945382]
