[90438,13719,1.0,0.4110521545613222]
[90717,90714,1.0,0.9695101423676042]
[28809,28806,1.0,0.8930305011908223]
[28809,28803,1.0,0.9024518222233315]
[81761,61164,1.0,0.5039638643658956]
[79199,79196,1.0,0.989130938950279]
[86495,61164,1.0,0.47092670063516223]
[28806,28803,1.0,0.9944419907168713]
[25441,25435,1.0,0.9256685013447122]
[82484,82481,1.0,0.992701799496002]
[70991,70988,1.0,0.9601720348000772]
[70991,70985,1.0,0.9788858347987297]
[70988,70985,1.0,0.9904163746902228]
[70994,70991,1.0,0.9788858347987297]
[70994,70988,1.0,0.9927904021198166]
[70994,70985,1.0,0.9952227536000962]
[9239,9236,1.0,0.991295858210494]
[97186,97183,1.0,0.8020814127431166]
[97186,97180,1.0,0.830380470498669]
[97183,97180,1.0,0.9885533974006622]
[71886,71883,1.0,0.9952227536000962]
[97192,97186,1.0,0.8562709841294378]
[97192,97183,1.0,0.9816910242886439]
[97192,97189,1.0,0.9874882310208049]
[97192,97180,1.0,0.9874882310208049]
[9242,9239,1.0,0.9891774245423216]
[9242,9236,1.0,0.9901853375655832]
[71889,71886,1.0,0.9719478742110121]
[71889,71883,1.0,0.9719478742110121]
[97189,97186,1.0,0.9326100725994705]
[97189,97183,1.0,0.9925730774292407]
[97189,97180,1.0,0.9952227536000962]
[22125,22116,1.0,0.9934197647450789]
[22125,22122,1.0,0.9724900216967671]
[22125,22119,1.0,0.9932240095778775]
[22122,22116,1.0,0.9932994450714147]
[22122,22119,1.0,0.9890435964868651]
[22119,22116,1.0,0.9933967299774795]
[97014,97011,1.0,0.8842537604816413]
[114342,114339,1.0,0.9912124474460464]
[34291,34285,1.0,0.9949785116292866]
[34291,34288,1.0,0.9943339461866441]
[34288,34285,1.0,0.9914062220490981]
[116814,116808,1.0,0.9872041229503918]
[116437,77576,1.0,0.5429693938521577]
[77576,38530,1.0,0.4930012761108701]
[77576,57691,1.0,0.43531135103149327]
[77576,40844,1.0,0.5246587286527653]
[77576,54123,1.0,0.4376537705077719]
[77576,63267,1.0,0.4072473111752151]
[77576,38727,1.0,0.5920465391576435]
[77576,44345,1.0,0.4603546270864008]
[77576,76888,1.0,0.5016062394231062]
[77576,45384,1.0,0.4132367507620756]
[77576,40023,1.0,0.4942834894059314]
[77576,55887,1.0,0.4546623461069059]
[77576,28407,1.0,0.458656889168056]
[77576,24322,1.0,0.48376985629424063]
[77576,856,1.0,0.44028795591188635]
[77576,1461,1.0,0.44985354715690085]
[91431,77576,1.0,0.4432640825509395]
[108142,77576,1.0,0.5393825967169235]
[108142,108139,1.0,0.958417473178252]
[122992,77576,1.0,0.4554762372908418]
[97395,77576,1.0,0.42829543006657134]
[106789,77576,1.0,0.4018868912942051]
[102555,77576,1.0,0.45453114033296005]
[128631,77576,1.0,0.4945596031484604]
[130423,77576,1.0,0.4891878101597096]
[78665,77576,1.0,0.46862388713575237]
[108139,77576,1.0,0.48696667447694725]
[97302,97296,1.0,0.9944137477184412]
[97302,97299,1.0,0.9485041972698783]
[33487,33484,1.0,0.9853632553554731]
[116991,116982,1.0,0.8067758446699601]
[116991,116979,1.0,0.9877890492516855]
[116991,116985,1.0,0.9773733837494306]
[116991,116988,1.0,0.9790139143479302]
[116982,116979,1.0,0.8764970540337793]
[63343,12858,1.0,0.4530348675129668]
[35698,35689,1.0,0.9694217072576142]
[35698,35695,1.0,0.8526934232687277]
[35698,35692,1.0,0.9208144206030666]
[70981,12858,1.0,0.5289309338490384]
[47046,47043,1.0,0.8696097134365935]
[47046,47037,1.0,0.9772893063349323]
[47046,47040,1.0,0.8527783157541463]
[58668,58662,1.0,0.9550473876099596]
[58668,58665,1.0,0.9550473876099596]
[116985,116982,1.0,0.7593368068269956]
[116985,116979,1.0,0.9865624949379863]
[70987,70981,1.0,0.9823254101001315]
[70987,70984,1.0,0.9369075160388247]
[70987,12858,1.0,0.5069396692301776]
[116988,116982,1.0,0.8676237352381256]
[116988,116979,1.0,0.9946939993737459]
[116988,116985,1.0,0.9908806059493015]
[47043,47037,1.0,0.965452633616885]
[47043,47040,1.0,0.9940528687790091]
[68673,12858,1.0,0.533091999039043]
[105988,12858,1.0,0.47314476944879613]
[41609,12858,1.0,0.4702647456903876]
[63524,12858,1.0,0.4991714394520314]
[116053,12858,1.0,0.7729957453248947]
[81162,12858,1.0,0.4302334386170231]
[124527,12858,1.0,0.7675165596706425]
[70984,70981,1.0,0.9741387706123681]
[70984,12858,1.0,0.44330181223386483]
[35695,35689,1.0,0.9643869747308647]
[35695,35692,1.0,0.957290596991968]
[33490,33487,1.0,0.9452108415209903]
[33490,33484,1.0,0.9602445983984975]
[35692,35689,1.0,0.983764074582516]
[54560,12858,1.0,0.4883031408748194]
[91914,12858,1.0,0.40008243132001037]
[97299,97296,1.0,0.9540122162234606]
[97299,12858,1.0,0.4036442080492762]
[58671,58662,1.0,0.8976446022459265]
[58671,58668,1.0,0.7989217401997649]
[58671,58665,1.0,0.8872291553155017]
[58665,58662,1.0,0.9922065352129551]
[47040,47037,1.0,0.9593569513159991]
[53310,53307,1.0,0.9858222226907821]
[126273,126270,1.0,0.9573229255043886]
[51768,51762,1.0,0.9817937409421006]
[51768,51765,1.0,0.9593609162562072]
[35542,35539,1.0,0.9896531926838535]
[95155,95149,1.0,0.9806022801496218]
[95155,95152,1.0,0.9154522208461608]
[54728,53310,1.0,0.411859358640388]
[54728,53313,1.0,0.8135842561069612]
[54728,53319,1.0,0.4525857309005485]
[54728,53307,1.0,0.4525857309005485]
[53313,53310,1.0,0.9725305590882292]
[53313,38414,1.0,0.6053713121557205]
[53313,53307,1.0,0.9879297688509316]
[53319,53310,1.0,0.9816528441723703]
[53319,53313,1.0,0.9670040936556996]
[53319,53316,1.0,0.9837182661522439]
[53319,53307,1.0,0.9904142011965744]
[126279,126273,1.0,0.9374342436898069]
[126279,126270,1.0,0.9936684359343184]
[126279,126276,1.0,0.9923843812777472]
[51765,51762,1.0,0.9881400224254403]
[53316,53310,1.0,0.9780966436283907]
[53316,53313,1.0,0.9411899380616406]
[53316,53307,1.0,0.9837182661522439]
[119226,95149,1.0,0.5063616870491539]
[119226,12207,1.0,0.6168734414592757]
[119226,53313,1.0,0.42365024974212506]
[119226,95152,1.0,0.4900746505981048]
[126276,126273,1.0,0.8963393002569302]
[126276,126270,1.0,0.9864649573459062]
[51771,51768,1.0,0.9258485748184188]
[51771,51762,1.0,0.9421530364573268]
[51771,51765,1.0,0.8809950570995155]
[95152,95149,1.0,0.9608618134415539]
[75842,885,1.0,0.5429871518505582]
[75842,62396,1.0,0.48102691598627795]
[75842,28826,1.0,0.6697263073004925]
[75842,23849,1.0,0.4139225767743808]
[74381,74378,1.0,0.7130446280262481]
[43889,43886,1.0,0.9936282955531263]
[62390,62387,1.0,0.947814887732162]
[62390,62384,1.0,0.9900557380065189]
[62387,62384,1.0,0.9882922630613086]
[65842,28826,1.0,0.4525840833160862]
[74384,74381,1.0,0.64512342262638]
[74384,74378,1.0,0.9836706966997675]
[119302,28826,1.0,0.6256647558350966]
[100347,75842,1.0,0.4310075036151636]
[100347,92902,1.0,0.692734946826543]
[62396,62390,1.0,0.9917038292066669]
[62396,62387,1.0,0.9846857206365827]
[62396,62393,1.0,0.9001136195051265]
[62396,62384,1.0,0.9917038292066669]
[62393,62390,1.0,0.866223271426543]
[62393,62387,1.0,0.8164360525153721]
[62393,47372,1.0,0.48259233352222974]
[62393,62384,1.0,0.8910446795237315]
[114390,72065,1.0,0.4626114159549949]
[114390,885,1.0,0.48275833712736527]
[114390,62396,1.0,0.4171622755776319]
[114390,28826,1.0,0.4765697478215232]
[114390,92902,1.0,0.647214802077488]
[114390,23849,1.0,0.6802053212442597]
[119305,119302,1.0,0.9870296742923048]
[119305,28800,1.0,0.40753839206601433]
[119305,28826,1.0,0.5892135600979584]
[119305,92902,1.0,0.4354664279981938]
[119305,23849,1.0,0.4156039009176814]
[33971,885,1.0,0.46221692758644367]
[92902,75842,1.0,0.562442865587511]
[23849,12804,1.0,0.7313744942247403]
[106759,23849,1.0,0.4143018428989981]
[119308,75842,1.0,0.44402343193675575]
[119308,119302,1.0,0.9740346645580945]
[119308,62396,1.0,0.41454712197951515]
[119308,119305,1.0,0.9480697187458623]
[119308,28826,1.0,0.675256916933169]
[119308,92902,1.0,0.5070443270863191]
[119308,23849,1.0,0.4678936409311225]
[75702,63622,1.0,0.449435988096489]
[132397,132394,1.0,0.9844501585390922]
[132397,132391,1.0,0.9900850340350941]
[41806,41803,1.0,0.9781763007549912]
[41806,41800,1.0,0.9929567358026622]
[132394,132391,1.0,0.9767838477422809]
[63616,35609,1.0,0.4133003933227701]
[132400,132397,1.0,0.844354481703302]
[132400,132394,1.0,0.8756446125362689]
[132400,132391,1.0,0.9104448627745803]
[41803,41800,1.0,0.9936650057467088]
[63622,63369,1.0,0.49790724902290984]
[63622,33563,1.0,0.5512432775894769]
[63622,63616,1.0,0.9952227536000962]
[63622,35609,1.0,0.4133003933227701]
[63622,3894,1.0,0.41276495020211373]
[63622,53164,1.0,0.5750657752985957]
[63622,63619,1.0,0.9724664495447636]
[63622,54851,1.0,0.43593936918208565]
[63622,38058,1.0,0.4060961761007639]
[63622,1244,1.0,0.4304820721278425]
[63622,54004,1.0,0.4854145712101596]
[63622,43016,1.0,0.56524255831432]
[76341,76338,1.0,0.9952227536000962]
[76341,63622,1.0,0.573888639579126]
[63619,63616,1.0,0.9295446012837383]
[63619,35609,1.0,0.42913862696678606]
[63625,63616,1.0,0.9921471266607758]
[63625,35609,1.0,0.4187235474111517]
[63625,63622,1.0,0.9921471266607758]
[63625,63619,1.0,0.8977322232093854]
[100813,100810,1.0,0.9911062383984502]
[100819,100813,1.0,0.9637486512822657]
[100819,100810,1.0,0.9937591786417587]
[100819,100816,1.0,0.990906106689618]
[100816,100813,1.0,0.9647628424741653]
[100816,100810,1.0,0.9938647243311929]
[100822,100813,1.0,0.709054303947186]
[100822,100819,1.0,0.8334382404003047]
[100822,100810,1.0,0.8907797128083997]
[100822,100816,1.0,0.8907797128083997]
[42349,42346,1.0,0.9952227536000962]
[96864,96858,1.0,0.9791552438945694]
[96864,96855,1.0,0.9937374522518729]
[63339,63333,1.0,0.9933550320030448]
[63339,63336,1.0,0.9833989120617518]
[63336,63333,1.0,0.9877812743869288]
[104470,25521,1.0,0.6106200342250854]
[104470,104467,1.0,0.9522600924911583]
[69962,25521,1.0,0.4805054791128448]
[96858,63339,1.0,0.4587973661260848]
[96858,96210,1.0,0.487069194108966]
[96858,63230,1.0,0.4693443588884827]
[96858,96855,1.0,0.9825412398505713]
[51639,51633,1.0,0.9952227536000962]
[51639,51636,1.0,0.9926463572570701]
[55517,51636,1.0,0.5563309466833621]
[51636,51633,1.0,0.9936734116065394]
[39715,39706,1.0,0.9859369605433117]
[39715,39709,1.0,0.595628898661896]
[39715,39712,1.0,0.9795858148421493]
[59362,59353,1.0,0.9578112893879108]
[59362,59359,1.0,0.9578112893879108]
[119008,39864,1.0,0.4729681018762711]
[59359,59353,1.0,0.9952227536000962]
[39709,39706,1.0,0.6645304591204274]
[39712,39706,1.0,0.9515066795995041]
[39712,39709,1.0,0.4366190686939603]
[59368,59353,1.0,0.8915369716881465]
[59368,59362,1.0,0.8058359736387775]
[59368,59359,1.0,0.9365067404416226]
[52520,39709,1.0,0.41444245633118654]
[39718,39715,1.0,0.9548634418322056]
[39718,39706,1.0,0.979920847219761]
[39718,39709,1.0,0.5072453031176867]
[39718,39712,1.0,0.9304068063433546]
[63014,61656,1.0,0.48249170663780233]
[95019,95013,1.0,0.9677875977324694]
[95019,95016,1.0,0.9677875977324694]
[14757,14754,1.0,0.973461815584348]
[14763,14757,1.0,0.9900703464554919]
[14763,14760,1.0,0.9810417150068876]
[14763,14754,1.0,0.9946149626479851]
[14760,14757,1.0,0.9782248035990359]
[14760,14754,1.0,0.9880422337730947]
[123208,9866,1.0,0.4962858989032272]
[130081,9866,1.0,0.5158850792388384]
[95016,95013,1.0,0.9952227536000962]
[66782,9866,1.0,0.44099233061653514]
[116721,116718,1.0,0.9952227536000962]
[115341,115338,1.0,0.9680219380310235]
[81886,81883,1.0,0.8629638245096095]
[81886,81880,1.0,0.9380362039389649]
[81883,81880,1.0,0.9931849791411032]
[116796,29014,1.0,0.5923735635983227]
[116796,36410,1.0,0.5255762481514086]
[116796,83212,1.0,0.4265214798869344]
[29011,29008,1.0,0.9877726362494229]
[27464,27461,1.0,0.8688230467621881]
[27464,27458,1.0,0.9212014227153822]
[77184,69972,1.0,0.5065722914035362]
[29014,29011,1.0,0.9933550320030448]
[29014,29008,1.0,0.9877726362494229]
[77030,77027,1.0,0.9940396568789889]
[77030,69972,1.0,0.4108406036917994]
[27461,27458,1.0,0.956414854861077]
[129576,116796,1.0,0.7216748318152654]
[129576,129567,1.0,0.9877726362494229]
[129576,129573,1.0,0.9493666520264797]
[129576,129570,1.0,0.9761089870075881]
[111129,69972,1.0,0.5868322861002154]
[129573,129567,1.0,0.9754545024915552]
[129573,129570,1.0,0.8851908904744388]
[77027,69972,1.0,0.4121285731041757]
[69972,58530,1.0,0.45271934276196035]
[69972,69966,1.0,0.9871839901426746]
[69972,69969,1.0,0.9698658678474127]
[69972,22575,1.0,0.5695123583097327]
[69969,69966,1.0,0.9888114240479933]
[129570,129567,1.0,0.9757686170797604]
[102747,102741,1.0,0.9938518221698669]
[102747,102744,1.0,0.9938518221698669]
[102744,102741,1.0,0.9952227536000962]
[56639,56633,1.0,0.9945658731879131]
[56639,56636,1.0,0.9924469388931019]
[52723,52720,1.0,0.9840400852543235]
[56642,56639,1.0,0.9856015184049558]
[56642,56633,1.0,0.9903603280347645]
[56642,56636,1.0,0.9910123785238677]
[56636,56633,1.0,0.9933550320030448]
[113349,63349,1.0,0.4942058079586334]
[113349,86122,1.0,0.4005888330112122]
[113349,113346,1.0,0.9742389893361426]
[8164,8158,1.0,0.9831788139626679]
[8164,8155,1.0,0.9867593649390504]
[8164,8161,1.0,0.9462859030907513]
[8158,8155,1.0,0.9895803537595389]
[113352,63349,1.0,0.40913009007256357]
[113352,113349,1.0,0.9523530965947208]
[113352,113346,1.0,0.9901918127542898]
[86487,54434,1.0,0.4223647801114157]
[8161,8158,1.0,0.9616457101410089]
[8161,8155,1.0,0.9864509318307814]
[113346,63349,1.0,0.5067011838181791]
[28630,28627,1.0,0.9872456115577496]
[28630,28624,1.0,0.9902755058255863]
[31426,31423,1.0,0.9923692732722803]
[74873,74867,1.0,0.9581972034952769]
[70633,70630,1.0,0.9948237371826054]
[10431,5567,1.0,0.5961114018489209]
[16398,16395,1.0,0.9150627297134729]
[16398,16392,1.0,0.9454041330413486]
[37829,37823,1.0,0.96800123354782]
[37829,37826,1.0,0.9156052883555081]
[39201,39198,1.0,0.9861464120448776]
[72959,72953,1.0,0.9763304655031183]
[72959,72956,1.0,0.7131535892457261]
[72956,72953,1.0,0.9262113499923901]
[16395,16392,1.0,0.9759430940551219]
[34697,34685,1.0,0.9952227536000962]
[132304,23082,1.0,0.5493612810668738]
[34700,34685,1.0,0.9905564682541387]
[34700,34697,1.0,0.9905564682541387]
[28627,28624,1.0,0.9936316227624803]
[37826,37823,1.0,0.9415615486579412]
[39207,39201,1.0,0.9413259065944197]
[39207,39204,1.0,0.9428894925324334]
[39207,39198,1.0,0.9499911111968504]
[107802,98605,1.0,0.4265500619636462]
[107802,23571,1.0,0.49873215107597035]
[107802,11365,1.0,0.5022993686164134]
[107802,5567,1.0,0.43676093914518493]
[39204,39201,1.0,0.970446545245308]
[39204,39198,1.0,0.9892915941144211]
[14112,14109,1.0,0.9655879937319397]
[28633,28630,1.0,0.9870230167756849]
[28633,28627,1.0,0.9880266505804242]
[28633,28624,1.0,0.9908816929606714]
[77190,63626,1.0,0.40099331477577776]
[14115,14109,1.0,0.99379492272998]
[14115,14112,1.0,0.9699189726157398]
[23082,5567,1.0,0.51947249207787]
[20105,18452,1.0,0.44719049268476013]
[63626,18452,1.0,0.5034439504352213]
[63626,12421,1.0,0.571454730459876]
[63626,35994,1.0,0.5625675374183113]
[63626,5567,1.0,0.6561639542341073]
[90435,90429,1.0,0.9872021338195044]
[90435,90432,1.0,0.9742883381914356]
[17593,17590,1.0,0.981659156018156]
[99124,39991,1.0,0.4994577810008515]
[109710,78546,1.0,0.4209827713235957]
[109710,39991,1.0,0.5681289627696531]
[109710,45898,1.0,0.432076172560914]
[90432,90429,1.0,0.9821912566808162]
[17599,17593,1.0,0.9389902705982565]
[17599,17590,1.0,0.9810675129406619]
[17599,17596,1.0,0.4758218744261586]
[53202,53199,1.0,0.9334798375616832]
[17596,17593,1.0,0.43962212694936764]
[17596,17590,1.0,0.6775392973961881]
[17881,17875,1.0,0.9952227536000962]
[17881,17878,1.0,0.9944660782509854]
[17878,17875,1.0,0.9905462164601453]
[111255,111249,1.0,0.9952227536000962]
[111258,111255,1.0,0.9882545825196181]
[111258,111249,1.0,0.9882545825196181]
[86282,86279,1.0,0.6479683839232128]
[114879,114876,1.0,0.9844278613380729]
[31184,31181,1.0,0.9504717458912374]
[31184,31178,1.0,0.9900407891064325]
[31181,31178,1.0,0.969099703798819]
[114882,114876,1.0,0.9641058832840652]
[114882,114879,1.0,0.9116290065552525]
[31187,31184,1.0,0.9777023874710701]
[31187,31181,1.0,0.9230751122622232]
[31187,31178,1.0,0.9856643585680709]
[126018,126015,1.0,0.9950711485237386]
[126021,126018,1.0,0.9059960681318446]
[126021,126015,1.0,0.9078591530487943]
[8950,8941,1.0,0.5852774761351098]
[8950,8944,1.0,0.40168125105722474]
[8950,8947,1.0,0.5248502410848229]
[8944,8941,1.0,0.9868451309766241]
[8947,8941,1.0,0.9934197647450789]
[8947,8944,1.0,0.9903603280347645]
[43243,43240,1.0,0.9918426894149314]
[119332,74494,1.0,0.41917378807546096]
[103809,103806,1.0,0.9920757573321467]
[103809,103803,1.0,0.9913719155278211]
[103806,103803,1.0,0.9920757573321467]
[107707,107704,1.0,0.9828614534772158]
[107713,107707,1.0,0.8039560807253608]
[107713,107710,1.0,0.7217196720715627]
[107713,107704,1.0,0.906933355089905]
[107710,107707,1.0,0.9326643210571074]
[107710,107704,1.0,0.9646296700949296]
[48846,48840,1.0,0.4357087558337978]
[48849,48843,1.0,0.7920302209468548]
[48849,48840,1.0,0.9064170581400461]
[48849,9767,1.0,0.4059976431217655]
[48843,48840,1.0,0.9847375110123062]
[110266,48846,1.0,0.491496497822199]
[110266,48849,1.0,0.4687306695975703]
[110266,48843,1.0,0.42720718118238127]
[110266,48840,1.0,0.51780840285443]
[48840,9767,1.0,0.4059976431217655]
[114388,114385,1.0,0.9762163335244034]
[114388,114382,1.0,0.9829126443305097]
[92708,63786,1.0,0.4655685766773208]
[118761,118758,1.0,0.993318996418406]
[109297,109294,1.0,0.9798935405476058]
[127198,127189,1.0,0.987473059009343]
[127192,127189,1.0,0.42323918092948387]
[109300,109297,1.0,0.7933353129683258]
[109300,109294,1.0,0.9826277423499531]
[107910,107907,1.0,0.9539455766746646]
[82650,82638,1.0,0.9952227536000962]
[82650,82641,1.0,0.9952227536000962]
[82641,82638,1.0,0.9923958418221456]
[114385,114382,1.0,0.9825843814616981]
[109303,109297,1.0,0.7252047416909736]
[109303,109294,1.0,0.9299514093147301]
[109303,109300,1.0,0.915693097141086]
[117330,20894,1.0,0.41320330738761474]
[118764,118761,1.0,0.9774678346736404]
[118764,118758,1.0,0.9895707056247579]
[18828,18825,1.0,0.9889469435919268]
[18831,18828,1.0,0.9853107645707897]
[18831,18825,1.0,0.9935292479653834]
[61330,61327,1.0,0.9934567839627333]
[67971,67965,1.0,0.9702899909630562]
[61336,61327,1.0,0.886663345517289]
[61336,61330,1.0,0.8558526121273785]
[67279,61292,1.0,0.5555928774748097]
[39570,39567,1.0,0.987503095599593]
[39579,39570,1.0,0.9873801025337047]
[39579,39576,1.0,0.9870689678656526]
[39579,39567,1.0,0.9886966968248019]
[39579,39573,1.0,0.9611632730525099]
[39576,39570,1.0,0.9871950196465828]
[39576,39567,1.0,0.9934197647450789]
[39576,39573,1.0,0.9761679297377698]
[63634,63631,1.0,0.9843149579776517]
[39573,39570,1.0,0.9567475699616916]
[39573,39567,1.0,0.9823429541907487]
[121149,30562,1.0,0.4302022891801758]
[121149,30568,1.0,0.5507261863116234]
[44353,30562,1.0,0.4468430212806905]
[44353,30568,1.0,0.5474385276046602]
[36609,30568,1.0,0.40870852615557607]
[30571,30559,1.0,0.9873910827562782]
[30571,30565,1.0,0.9873910827562782]
[30571,30562,1.0,0.9896193278833233]
[30571,30568,1.0,0.9278262680522763]
[70597,30562,1.0,0.5907071803114019]
[70597,30568,1.0,0.6429407069154298]
[92048,30568,1.0,0.6442373982346529]
[92186,30562,1.0,0.4256967676791558]
[73613,30568,1.0,0.42425661841343787]
[54730,30562,1.0,0.48866570636694107]
[54730,30568,1.0,0.5540786412266688]
[2027,2024,1.0,0.9952227536000962]
[132535,132532,1.0,0.9926639252986225]
[37956,30562,1.0,0.476461284198567]
[37956,30568,1.0,0.427471965616251]
[114213,30571,1.0,0.538683330544914]
[114213,30559,1.0,0.5536351694367581]
[114213,30565,1.0,0.5536351694367581]
[114213,30562,1.0,0.5536351694367581]
[114213,30568,1.0,0.6112419013397922]
[75708,30562,1.0,0.5264885816450702]
[75708,30568,1.0,0.6280916171908585]
[75708,75705,1.0,0.9925468645354409]
[32791,30562,1.0,0.5427039871878783]
[32791,30568,1.0,0.48280392303989833]
[86370,30571,1.0,0.5187545736535646]
[86370,30559,1.0,0.5223989731998425]
[86370,30565,1.0,0.5223989731998425]
[86370,30562,1.0,0.5223989731998425]
[86370,30568,1.0,0.4750501211842296]
[75711,75708,1.0,0.7920499838882217]
[75711,30562,1.0,0.5222509803680419]
[75711,30568,1.0,0.6255004325206459]
[75711,75705,1.0,0.8333046401055196]
[100854,30562,1.0,0.4798250018793978]
[100854,30568,1.0,0.540173836319153]
[86999,38555,1.0,0.4221995954232147]
[86999,30568,1.0,0.5326720734409512]
[30565,30559,1.0,0.9952227536000962]
[30565,30562,1.0,0.9952227536000962]
[122061,30562,1.0,0.5849898902021284]
[122061,30568,1.0,0.5715499454224885]
[30562,2024,1.0,0.463721680881271]
[30562,22103,1.0,0.4284417673362223]
[30562,4334,1.0,0.4351899722296157]
[30562,2027,1.0,0.5802097556752034]
[30562,30559,1.0,0.9952227536000962]
[30562,1982,1.0,0.42836611741930575]
[30562,16861,1.0,0.4792729488722621]
[30562,7090,1.0,0.5352182763198037]
[99141,30562,1.0,0.4850425758247979]
[99141,30568,1.0,0.42899489954521275]
[30568,2024,1.0,0.5198887246896035]
[30568,4334,1.0,0.4504969021004417]
[30568,2027,1.0,0.6383486744957514]
[30568,30559,1.0,0.961548125321837]
[30568,1982,1.0,0.4421025978121515]
[30568,16861,1.0,0.43372279930033836]
[30568,30565,1.0,0.961548125321837]
[30568,30562,1.0,0.961548125321837]
[30568,7090,1.0,0.6389018284921181]
[75705,30562,1.0,0.5508844884028038]
[75705,30568,1.0,0.6520600567881625]
[45037,30562,1.0,0.5724331306781628]
[45037,30568,1.0,0.6009483694267228]
[49776,5984,1.0,0.4226397811324491]
[57172,5984,1.0,0.5154606330974386]
[57795,57786,1.0,0.9832085765154336]
[57795,57792,1.0,0.9715040720735992]
[39756,39753,1.0,0.9942819304487751]
[103720,33517,1.0,0.40597125956906066]
[57792,57786,1.0,0.9883652126324259]
[116637,116631,1.0,0.9940141113486761]
[116637,116628,1.0,0.9940141113486761]
[116637,116634,1.0,0.626009668868843]
[96460,96457,1.0,0.9930676807585843]
[116631,116628,1.0,0.9952227536000962]
[96463,96460,1.0,0.9623484081937114]
[96463,96457,1.0,0.9676263457925154]
[54500,54497,1.0,0.9923958418221456]
[116634,116631,1.0,0.973963814971573]
[116634,116628,1.0,0.655233170565043]
[121104,28843,1.0,0.5436668070204208]
[121104,88817,1.0,0.6067130465948254]
[99571,88817,1.0,0.4756635309996003]
[125044,88817,1.0,0.6118433900043196]
[119143,88817,1.0,0.5701081711260766]
[118588,88817,1.0,0.5531495256277952]
[42673,28843,1.0,0.505738353589499]
[130591,88817,1.0,0.4204137823309464]
[10108,10102,1.0,0.9842365892721153]
[10108,10105,1.0,0.9142501895961637]
[94045,88817,1.0,0.47107858881485093]
[10111,10102,1.0,0.9836929302879048]
[10111,10108,1.0,0.9519125851937271]
[10111,10105,1.0,0.9445025354303441]
[88817,84272,1.0,0.45583267313349995]
[88817,15919,1.0,0.40224647713456435]
[88817,42673,1.0,0.5090169631924405]
[88817,61388,1.0,0.7692759217748428]
[88817,15376,1.0,0.45093399452888094]
[88817,44306,1.0,0.4388273874401432]
[88817,28843,1.0,0.4794409225115227]
[88817,72402,1.0,0.40033628650854103]
[88817,22946,1.0,0.486657548966019]
[10105,10102,1.0,0.9674433924906908]
[131869,131863,1.0,0.971915110009696]
[131869,131866,1.0,0.971915110009696]
[131866,131863,1.0,0.9936282955531263]
[9994,9988,1.0,0.9846666032031758]
[130410,130404,1.0,0.994754850866769]
[58339,58336,1.0,0.9904844431418558]
[6587,6575,1.0,0.9891101026332965]
[44117,44111,1.0,0.9770249749043571]
[120930,31319,1.0,0.43394702979328564]
[120930,120927,1.0,0.9837042094279277]
[130821,130818,1.0,0.9881761805738833]
[130824,130821,1.0,0.6577346374849086]
[130824,130818,1.0,0.6738175704713086]
[130827,130821,1.0,0.7615518595770241]
[130827,130818,1.0,0.8737103380728031]
[107218,107212,1.0,0.9906652439071119]
[107218,107215,1.0,0.9906652439071119]
[107215,107212,1.0,0.9952227536000962]
[43121,31319,1.0,0.5140770478090966]
[43121,36615,1.0,0.44518484676388276]
[130830,130821,1.0,0.896976978272687]
[130830,130824,1.0,0.40983660886193424]
[130830,130827,1.0,0.44029709920121995]
[130830,130818,1.0,0.9273418347443889]
[126531,126528,1.0,0.966139551187818]
[60536,60533,1.0,0.9788533098921377]
[55785,55782,1.0,0.9871839901426746]
[120927,31319,1.0,0.43394702979328564]
[74104,16892,1.0,0.5439624739713389]
[122523,16892,1.0,0.5903063142427072]
[16892,3452,1.0,0.42844860166971915]
[108159,16892,1.0,0.5313553068868507]
[108159,69090,1.0,0.6750472269378391]
[69090,16892,1.0,0.70306698171705]
[68422,16892,1.0,0.40546352620884546]
[4572,4569,1.0,0.9925500138987969]
[80741,4,1.0,0.410211789312709]
[80741,60513,1.0,0.48511674592932047]
[106467,103782,1.0,0.5203838034647102]
[127597,127591,1.0,0.6514607565001889]
[127597,127594,1.0,0.9675936573404353]
[127597,127588,1.0,0.9675936573404353]
[127597,103782,1.0,0.6232255528305247]
[16588,16585,1.0,0.9926680456172919]
[127591,127588,1.0,0.889823174133052]
[127591,101064,1.0,0.42120792822151193]
[79830,15866,1.0,0.4955415486830701]
[79830,47554,1.0,0.434994432283025]
[79830,20333,1.0,0.7944379386100595]
[127594,127591,1.0,0.9116178395778757]
[127594,79830,1.0,0.4323321778870745]
[127594,47554,1.0,0.44799994501569723]
[127594,127588,1.0,0.9952227536000962]
[127594,16585,1.0,0.5005039263213622]
[127594,103779,1.0,0.6647375864267804]
[127594,103782,1.0,0.6374065427126884]
[131355,131352,1.0,0.9763026400366621]
[131355,131349,1.0,0.9926278674655746]
[104701,103782,1.0,0.4835188716516471]
[121741,103782,1.0,0.6168871525697269]
[121696,103782,1.0,0.556779009049169]
[121722,121710,1.0,0.9900850340350941]
[121722,121716,1.0,0.9835473918683262]
[121722,121719,1.0,0.9900850340350941]
[23243,20333,1.0,0.4061856917833719]
[131352,131349,1.0,0.9777558540550304]
[39156,39153,1.0,0.9601197407384561]
[39156,39150,1.0,0.6619063793321774]
[62977,56244,1.0,0.5008729135948697]
[127588,103782,1.0,0.6374065427126884]
[39153,39150,1.0,0.7867156678869756]
[118693,103782,1.0,0.4828838602416506]
[121699,121696,1.0,0.9952227536000962]
[121699,103782,1.0,0.556779009049169]
[21999,20333,1.0,0.4683721270178971]
[121716,121710,1.0,0.9919031889112758]
[131358,131355,1.0,0.559527838221336]
[131358,131352,1.0,0.4634455422879135]
[131358,131349,1.0,0.5285630769664885]
[16591,16588,1.0,0.9840457996279112]
[16591,16585,1.0,0.9947262821994]
[103779,31227,1.0,0.45524623603779946]
[103782,15866,1.0,0.44137813133606424]
[103782,16588,1.0,0.539456539579879]
[103782,47554,1.0,0.4560095524688332]
[103782,63987,1.0,0.46259620465621326]
[103782,23243,1.0,0.41391885713912]
[103782,8309,1.0,0.5124378830923618]
[103782,89630,1.0,0.4474913417466692]
[103782,11478,1.0,0.4626995202674302]
[103782,31227,1.0,0.8085526624124898]
[103782,48877,1.0,0.5903377655890374]
[103782,96489,1.0,0.6174424121049451]
[103782,16585,1.0,0.5450060102998384]
[103782,65357,1.0,0.47275155034689514]
[103782,16591,1.0,0.4369022968872521]
[103782,103779,1.0,0.9904844431418558]
[103782,29087,1.0,0.5888490402093776]
[121719,121710,1.0,0.9952227536000962]
[121719,121716,1.0,0.9919031889112758]
[79835,24915,1.0,0.4202944528149418]
[79835,40244,1.0,0.4344102241116019]
[79835,33476,1.0,0.42696907765921444]
[81384,33476,1.0,0.5801126733292422]
[81384,71767,1.0,0.4877423982066821]
[90319,71767,1.0,0.415649379792751]
[111219,70008,1.0,0.43117752715344926]
[24915,14074,1.0,0.4811666813316814]
[68467,24915,1.0,0.48780374018584904]
[68467,33476,1.0,0.43763580895176984]
[129025,69399,1.0,0.4898864999449584]
[129025,33476,1.0,0.41442320153232093]
[69399,14074,1.0,0.44662081015973226]
[69399,33476,1.0,0.4141693356947028]
[111225,111219,1.0,0.9446239849681646]
[111225,111222,1.0,0.9446239849681646]
[437,434,1.0,0.9193116713395325]
[40244,24915,1.0,0.44843424745468974]
[40244,33476,1.0,0.4534207361588202]
[33476,24915,1.0,0.5693249789439707]
[111222,111219,1.0,0.9952227536000962]
[111222,24915,1.0,0.4758468877908167]
[111222,69399,1.0,0.40954569972305344]
[111222,10850,1.0,0.5372907126837151]
[111222,18198,1.0,0.41830770905061865]
[111222,70008,1.0,0.43117752715344926]
[108460,108454,1.0,0.9915972733907298]
[108460,108457,1.0,0.9773388692630758]
[113826,71767,1.0,0.46137549367359787]
[98847,71767,1.0,0.4520836445722679]
[120021,71767,1.0,0.5615992244700371]
[71767,53213,1.0,0.4112784676686251]
[71767,12110,1.0,0.6093114008833288]
[71767,68467,1.0,0.5559966356976196]
[71767,49345,1.0,0.4218727936153859]
[71767,33282,1.0,0.41745233503867735]
[71767,25276,1.0,0.40260933736724347]
[71767,9002,1.0,0.5584282613077138]
[71767,64445,1.0,0.4215889060638286]
[71767,45836,1.0,0.4343544510523875]
[71767,437,1.0,0.513034408820861]
[71767,40244,1.0,0.4326173278235951]
[71767,33476,1.0,0.5850922212751858]
[71767,18198,1.0,0.5426071121228858]
[71767,35622,1.0,0.5404568415109444]
[71767,13480,1.0,0.4299815324515052]
[71767,13307,1.0,0.42850478825020416]
[71767,27774,1.0,0.4198971866231457]
[71767,26456,1.0,0.5386810780561901]
[71767,40247,1.0,0.4326173278235951]
[108048,69399,1.0,0.4385646418103633]
[108048,71767,1.0,0.5407725981491236]
[119223,119220,1.0,0.9903008180884986]
[119223,69399,1.0,0.4226639775494684]
[119223,71767,1.0,0.4357120432568403]
[78499,71767,1.0,0.4430344032817489]
[81387,81384,1.0,0.9952227536000962]
[81387,24915,1.0,0.49285651047014223]
[81387,33476,1.0,0.5801126733292422]
[81387,71767,1.0,0.4877423982066821]
[105801,71767,1.0,0.5230815985018358]
[108457,108454,1.0,0.9901969120488172]
[40247,40244,1.0,0.9877726362494229]
[40247,33476,1.0,0.4534207361588202]
[27143,27140,1.0,0.6465079408454099]
[27143,27137,1.0,0.9935047841791984]
[6160,6157,1.0,0.9920041539259471]
[83293,83290,1.0,0.9511404960132256]
[27140,27137,1.0,0.6523515126105587]
[28164,6163,1.0,0.4497948160801723]
[24935,6163,1.0,0.43727187669290946]
[6163,6160,1.0,0.9920041539259471]
[6163,6157,1.0,0.9899899668414485]
[11849,967,1.0,0.5133764877906812]
[36043,36037,1.0,0.9877726362494229]
[36043,36040,1.0,0.964192173523138]
[36040,36037,1.0,0.981659156018156]
[78857,78854,1.0,0.9196691384771489]
[78863,78857,1.0,0.9508549569636046]
[78863,78854,1.0,0.9917038292066669]
[78863,78860,1.0,0.9927904021198166]
[89011,89008,1.0,0.8564899118301172]
[78866,78857,1.0,0.9732546091228709]
[78866,78863,1.0,0.9946572280446236]
[78866,78854,1.0,0.9952227536000962]
[78866,78860,1.0,0.9927904021198166]
[78860,78857,1.0,0.9517146146719972]
[78860,78854,1.0,0.9927904021198166]
[121456,27243,1.0,0.4700149761528799]
[104481,27243,1.0,0.522064793858673]
[107685,29597,1.0,0.44155195464633695]
[107685,107682,1.0,0.9952227536000962]
[115342,14661,1.0,0.46519702988814327]
[115342,107685,1.0,0.40600245429837467]
[107688,107685,1.0,0.9922241080961267]
[107688,107682,1.0,0.9922241080961267]
[33022,33019,1.0,0.9894092130653104]
[33025,33022,1.0,0.9870169278916765]
[33025,33019,1.0,0.9895661266482731]
[23475,23472,1.0,0.6267052586206454]
[50544,33022,1.0,0.4048467308362231]
[50544,33019,1.0,0.4356484198556301]
[50544,33025,1.0,0.4356484198556301]
[55352,32965,1.0,0.40808969781764615]
[99897,99894,1.0,0.9895886685017411]
[99900,99894,1.0,0.9797629530768877]
[99900,99897,1.0,0.981075013325056]
[55237,55234,1.0,0.9851734429796715]
[39851,39845,1.0,0.9883744600506598]
[131014,32652,1.0,0.607923297347233]
[23478,23472,1.0,0.9835927440235476]
[23478,23475,1.0,0.4091894516862486]
[55243,55234,1.0,0.9847632746599054]
[55243,55237,1.0,0.9571749107469741]
[55243,55240,1.0,0.9815593082664769]
[23481,23472,1.0,0.9927904021198166]
[23481,23475,1.0,0.5670080936992736]
[23481,23478,1.0,0.9888103411039121]
[55240,55234,1.0,0.9946572280446236]
[55240,55237,1.0,0.9836228498201729]
[57856,13999,1.0,0.41943179251609103]
[24559,20723,1.0,0.4271404085276091]
[35429,20723,1.0,0.4255902819882307]
[93861,20723,1.0,0.4836325282275628]
[79441,20723,1.0,0.49903461813086464]
[111747,111744,1.0,0.9707620068433519]
[111750,111747,1.0,0.9644704935860887]
[111750,111744,1.0,0.9939673730620086]
[22039,22036,1.0,0.958134746688328]
[22045,22036,1.0,0.6241958999913303]
[22045,22042,1.0,0.9740560846302667]
[22042,22036,1.0,0.7060143118863486]
[65265,20723,1.0,0.4646831054135731]
[20723,16933,1.0,0.6025277779177607]
[90396,90393,1.0,0.9842879504501727]
[40685,40679,1.0,0.9933096261446815]
[90399,90396,1.0,0.9765938377120729]
[90399,90393,1.0,0.9925540237939185]
[71716,71707,1.0,0.9832332261128869]
[71716,71710,1.0,0.897520341945518]
[71716,71713,1.0,0.7958184094067363]
[32017,32014,1.0,0.9662406918441814]
[32017,32008,1.0,0.970391688714275]
[32017,32011,1.0,0.9817221177180359]
[32017,32005,1.0,0.9831043118009118]
[91343,91337,1.0,0.9257272819012362]
[91343,91340,1.0,0.8978552543904992]
[71719,71716,1.0,0.9321171741456676]
[71719,71707,1.0,0.9664821156830575]
[71719,71710,1.0,0.9002905886520391]
[71719,71713,1.0,0.5916805597053526]
[8535,8526,1.0,0.9861693649400155]
[8535,8532,1.0,0.988421098306559]
[91340,91337,1.0,0.9907384285552737]
[71710,71707,1.0,0.9353405732970794]
[32014,32008,1.0,0.9500028136938373]
[32014,32011,1.0,0.9666516107869362]
[32014,32005,1.0,0.9690920041310773]
[56101,56098,1.0,0.9911457621988602]
[32008,32005,1.0,0.9911103021184903]
[32011,32008,1.0,0.9900768877680087]
[32011,32005,1.0,0.9947914724003593]
[8532,8526,1.0,0.994205387626701]
[56104,56098,1.0,0.9952227536000962]
[56104,56101,1.0,0.9911457621988602]
[81413,81407,1.0,0.9926833917401131]
[81413,81410,1.0,0.9862423864661758]
[81410,81407,1.0,0.9908314798157312]
[71713,71707,1.0,0.7232507341846295]
[84961,84955,1.0,0.9500361634186484]
[84961,84958,1.0,0.9423565603527819]
[84958,84955,1.0,0.9941331399080218]
[60403,60397,1.0,0.9937353308824888]
[60406,60403,1.0,0.7944990499609378]
[60406,60397,1.0,0.8234208915075095]
[69298,33080,1.0,0.45779448581111115]
[69298,33086,1.0,0.43852711817718565]
[86417,6281,1.0,0.400659937075572]
[86417,75881,1.0,0.45767608899112416]
[65888,6281,1.0,0.46507550327764235]
[65888,64833,1.0,0.45844132690111666]
[121522,54258,1.0,0.6991850232654654]
[125043,125040,1.0,0.992137291304444]
[125043,125037,1.0,0.9892602126433948]
[125043,125034,1.0,0.9929984661036967]
[121465,6281,1.0,0.44406956651376456]
[121465,75881,1.0,0.42315764960998725]
[91546,26461,1.0,0.41673313923567246]
[91546,22978,1.0,0.5066063650761539]
[126805,75881,1.0,0.445612771247162]
[54258,6281,1.0,0.4248015401994174]
[33077,33074,1.0,0.9946424279692275]
[82263,82260,1.0,0.9927904021198166]
[78118,78115,1.0,0.9890436160513563]
[33080,33077,1.0,0.9456789595410174]
[33080,33074,1.0,0.965635998453161]
[33083,33077,1.0,0.9939115630013113]
[33083,33080,1.0,0.9556166113731142]
[33083,33074,1.0,0.993224508025956]
[64833,54258,1.0,0.43057356078801684]
[64833,64702,1.0,0.5588753891753155]
[64833,19012,1.0,0.4056141271890315]
[33086,33077,1.0,0.9910494253290887]
[33086,33080,1.0,0.965635998453161]
[33086,33083,1.0,0.9910494253290887]
[33086,33074,1.0,0.9952227536000962]
[125040,125037,1.0,0.9933550320030448]
[125040,125034,1.0,0.9913719155278211]
[78121,78115,1.0,0.9729529599445066]
[78121,78118,1.0,0.9624025811095527]
[33089,33077,1.0,0.9910494253290887]
[33089,33080,1.0,0.965635998453161]
[33089,33083,1.0,0.9910494253290887]
[33089,33086,1.0,0.9952227536000962]
[33089,33074,1.0,0.9952227536000962]
[99222,6281,1.0,0.5240191660558143]
[99222,75881,1.0,0.48438187820336204]
[125037,125034,1.0,0.9881035808360453]
[86253,6281,1.0,0.6314494162167051]
[86253,64833,1.0,0.5215852396999221]
[86253,75881,1.0,0.5234458394784123]
[51985,6281,1.0,0.4160451165178723]
[80578,80575,1.0,0.9952227536000962]
[80578,35608,1.0,0.4574827111165328]
[80578,22978,1.0,0.4310599427280217]
[105367,6281,1.0,0.45302546771739854]
[126808,126805,1.0,0.9646140126573469]
[38008,6281,1.0,0.5273486832259753]
[122700,33086,1.0,0.43480069750544975]
[71325,6281,1.0,0.41146634097623747]
[71325,64833,1.0,0.486435556587318]
[75881,65888,1.0,0.5373826771948865]
[75881,54258,1.0,0.4462510517248701]
[75881,51985,1.0,0.417485270459092]
[75881,61958,1.0,0.4332206423650772]
[82190,64833,1.0,0.46862011102357326]
[38014,6281,1.0,0.4947740626247369]
[38014,38008,1.0,0.9927904021198166]
[38014,38011,1.0,0.7211738676737263]
[38011,6281,1.0,0.4062661722766302]
[38011,38008,1.0,0.7533011622032842]
[61958,6281,1.0,0.4004040423322921]
[115983,115977,1.0,0.9940396568789889]
[41344,41338,1.0,0.9124441458140327]
[41344,41341,1.0,0.9124441458140327]
[44874,44871,1.0,0.9209901098673113]
[44874,44868,1.0,0.9952227536000962]
[85303,85297,1.0,0.9900096249183904]
[85303,85300,1.0,0.9416673712512937]
[41341,41338,1.0,0.9952227536000962]
[41347,41344,1.0,0.9124441458140327]
[41347,41338,1.0,0.9952227536000962]
[41347,41341,1.0,0.9952227536000962]
[44871,44868,1.0,0.9209901098673113]
[77721,77718,1.0,0.9940396568789889]
[77724,77721,1.0,0.9796474858983798]
[77724,77718,1.0,0.9832606747218102]
[44880,44874,1.0,0.9798976275315483]
[44880,44871,1.0,0.7913432282189922]
[44880,44868,1.0,0.9798976275315483]
[14621,14618,1.0,0.98667542276505]
[85300,85297,1.0,0.937522996332469]
[130345,130339,1.0,0.9926410909555647]
[130345,130342,1.0,0.9863639465487107]
[53552,53549,1.0,0.936972168553122]
[53552,53546,1.0,0.9917038292066669]
[130342,130339,1.0,0.9909357581587459]
[53549,53546,1.0,0.9570658323902884]
[123574,1583,1.0,0.4128716259410359]
[37848,1390,1.0,0.42847547843043365]
[37848,11558,1.0,0.4436098944756596]
[84940,84937,1.0,0.9914756223331858]
[46184,27022,1.0,0.5127254734630786]
[46184,11558,1.0,0.5830368286008489]
[51206,51203,1.0,0.9686531057828666]
[31585,11558,1.0,0.737744531024987]
[39983,11558,1.0,0.4166659571442404]
[27022,18493,1.0,0.5396925420511326]
[27022,11558,1.0,0.5035487659965658]
[115095,115092,1.0,0.9758017877114323]
[77494,11558,1.0,0.4217457410944179]
[59977,11558,1.0,0.5752714965024711]
[114256,114253,1.0,0.9942129708818666]
[93582,11558,1.0,0.5063216738242411]
[13398,11558,1.0,0.4288602178036578]
[51215,51206,1.0,0.893429373936383]
[51215,51203,1.0,0.9778637470697327]
[51215,51209,1.0,0.8993862355784976]
[33201,11558,1.0,0.5255718967035585]
[76763,11558,1.0,0.47226411587922507]
[11558,4497,1.0,0.5008662501354406]
[51209,51206,1.0,0.8510562793052563]
[51209,51203,1.0,0.930400486094385]
[74853,74850,1.0,0.9919839916101322]
[117922,117916,1.0,0.9479372303104746]
[117922,117919,1.0,0.9060628628831103]
[117919,117916,1.0,0.9853465220284336]
[92545,92542,1.0,0.9952227536000962]
[13553,13550,1.0,0.9871502113999701]
[110874,110871,1.0,0.9918756543936526]
[110877,110874,1.0,0.9907392479344355]
[110877,110871,1.0,0.9929495960445205]
[125677,41051,1.0,0.5195544865385685]
[110880,110874,1.0,0.5495548052342007]
[110880,110877,1.0,0.857557177671004]
[110880,110871,1.0,0.5146924562891182]
[86886,86877,1.0,0.9901632260005578]
[86886,86880,1.0,0.9481161970199432]
[86880,86877,1.0,0.9666382426001355]
[86889,86886,1.0,0.9871561709007113]
[86889,86877,1.0,0.9946572280446236]
[86889,86880,1.0,0.9562963915835065]
[86883,52935,1.0,0.4425792279996585]
[86883,44207,1.0,0.4292142307407055]
[59979,59976,1.0,0.9926258435128178]
[48047,48044,1.0,0.9891164748499857]
[48050,48044,1.0,0.9846524837713491]
[48050,48047,1.0,0.9845871621343155]
[79682,79131,1.0,0.4193703371861357]
[79682,16121,1.0,0.805926186395517]
[79682,79676,1.0,0.9884375416376]
[79682,79679,1.0,0.9828264888360067]
[79682,79673,1.0,0.9952227536000962]
[98599,98596,1.0,0.9643340016111487]
[97345,16121,1.0,0.5792659129425776]
[98602,98599,1.0,0.7064442532132985]
[98602,98596,1.0,0.8804308486980901]
[84356,16121,1.0,0.578768949741197]
[84356,61431,1.0,0.6392423089934844]
[61431,16121,1.0,0.42017220481421197]
[61431,14274,1.0,0.5040765350468206]
[61431,31147,1.0,0.42204961803982266]
[79685,79682,1.0,0.8901921822692274]
[79685,16121,1.0,0.6092678670091126]
[79685,79676,1.0,0.8839017301439214]
[79685,79679,1.0,0.8614578892764803]
[79685,79673,1.0,0.8901921822692274]
[97354,97345,1.0,0.9952227536000962]
[79676,16121,1.0,0.8044613884040179]
[79676,79673,1.0,0.9922241080961267]
[51856,51853,1.0,0.8997215587324463]
[51856,16121,1.0,0.4926638334628658]
[31147,16121,1.0,0.586003442649287]
[79679,79676,1.0,0.9775097771095497]
[79679,31147,1.0,0.5045182967069697]
[79679,79673,1.0,0.9853897532734801]
[79673,79131,1.0,0.4193703371861357]
[79673,16121,1.0,0.805926186395517]
[114838,114835,1.0,0.9913582483459156]
[56786,56783,1.0,0.5495235058871385]
[56786,56780,1.0,0.9666197335460971]
[56786,56777,1.0,0.664055901789157]
[56786,56774,1.0,0.975498160124207]
[44429,44426,1.0,0.9952227536000962]
[56783,56780,1.0,0.481208548666102]
[56783,56777,1.0,0.4183991475425354]
[56783,56774,1.0,0.5183909214577833]
[71672,44429,1.0,0.4524445127856243]
[71672,44426,1.0,0.4524445127856243]
[71672,44432,1.0,0.4524445127856243]
[71672,55469,1.0,0.5435290727576059]
[56780,56777,1.0,0.6074358865575689]
[56780,56774,1.0,0.9927904021198166]
[44432,44429,1.0,0.9952227536000962]
[44432,44426,1.0,0.9952227536000962]
[56777,56774,1.0,0.664055901789157]
[56789,56786,1.0,0.9920303239020365]
[56789,56783,1.0,0.5118550258174936]
[56789,56780,1.0,0.9901223336939969]
[56789,56777,1.0,0.664055901789157]
[56789,56774,1.0,0.993318996418406]
[45435,25950,1.0,0.7625276537929725]
[45435,25956,1.0,0.7905333224942384]
[45435,25947,1.0,0.7763303401713835]
[119944,48085,1.0,0.41526608384702074]
[119944,25950,1.0,0.5812428779287635]
[119944,25956,1.0,0.5690849765662581]
[119944,25947,1.0,0.5687712937971295]
[467,464,1.0,0.9891825997941533]
[76363,76354,1.0,0.989322065558414]
[76363,76357,1.0,0.9859124341329859]
[48085,25950,1.0,0.896871865301533]
[48085,25956,1.0,0.896871865301533]
[48085,25947,1.0,0.8906313453452807]
[25950,14071,1.0,0.5774552283904402]
[25950,11363,1.0,0.7228921692324514]
[25950,25947,1.0,0.9925468645354409]
[25956,14071,1.0,0.5774552283904402]
[25956,25950,1.0,0.9900096249183904]
[25956,11363,1.0,0.6872725650783417]
[25956,25947,1.0,0.988934812387235]
[11711,11708,1.0,0.9893797184702542]
[99138,68755,1.0,0.4290253781003328]
[11714,11711,1.0,0.9605135335863277]
[11714,11708,1.0,0.9828946572860252]
[470,467,1.0,0.9613897964175585]
[470,464,1.0,0.9806631336236957]
[76357,76354,1.0,0.9918277652578084]
[76357,73959,1.0,0.46780087080386235]
[25947,14071,1.0,0.5649435361585872]
[25947,11363,1.0,0.7051328020190004]
[79137,1580,1.0,0.44279541060993943]
[62703,34436,1.0,0.43732318082647653]
[34436,6296,1.0,0.5312720683785568]
[80399,80396,1.0,0.9952227536000962]
[25209,25197,1.0,0.9946065170958023]
[25209,25206,1.0,0.9931021671432834]
[25209,25200,1.0,0.964751627164107]
[25209,25203,1.0,0.9763872727319675]
[32293,8695,1.0,0.5568151283982532]
[34831,34828,1.0,0.40911639970555436]
[34834,34828,1.0,0.9877726362494229]
[132111,80399,1.0,0.4042899825455848]
[132111,37804,1.0,0.4804634506541269]
[132111,77834,1.0,0.4402368032839411]
[132111,77837,1.0,0.4402368032839411]
[132111,28289,1.0,0.45132031761554836]
[132111,80396,1.0,0.40441798160776093]
[132111,73703,1.0,0.5427938829860325]
[38446,31895,1.0,0.4382869913713145]
[38446,8695,1.0,0.5001026256347635]
[29498,8695,1.0,0.5128087753230313]
[58229,38446,1.0,0.5739825707807904]
[77837,77834,1.0,0.9852473946591458]
[112437,38446,1.0,0.4209153379661478]
[112437,29498,1.0,0.41405421084348554]
[25206,25197,1.0,0.9898088221309072]
[25206,25200,1.0,0.9398792094668064]
[25206,25203,1.0,0.9830715697683917]
[25200,25197,1.0,0.9635262030677983]
[80402,80399,1.0,0.994342093446844]
[80402,80396,1.0,0.994342093446844]
[25203,25197,1.0,0.9615117980323782]
[25203,25200,1.0,0.8696871360592008]
[118513,118510,1.0,0.9664850857516036]
[118513,8695,1.0,0.4865312160555952]
[118513,116058,1.0,0.41190540519494706]
[39774,39771,1.0,0.9901548625228898]
[109164,109161,1.0,0.9952227536000962]
[109170,109164,1.0,0.9925500138987969]
[109170,109161,1.0,0.9925500138987969]
[109170,109167,1.0,0.9424106341397458]
[109173,109164,1.0,0.9786027099366932]
[109173,109170,1.0,0.967911121629311]
[109173,109161,1.0,0.9786027099366932]
[109173,109167,1.0,0.8639600750287828]
[109167,109164,1.0,0.9608369014445782]
[109167,109161,1.0,0.9608369014445782]
[66307,66304,1.0,0.9932015542138997]
[50384,50381,1.0,0.6945420903720395]
[14483,14480,1.0,0.9901918127542898]
[14486,14483,1.0,0.7153423719550077]
[14486,14480,1.0,0.8100269589780815]
[1775,1772,1.0,0.8303367282678952]
[1775,1766,1.0,0.9544750580232791]
[12510,12504,1.0,0.9898859765963028]
[12510,12507,1.0,0.8262915703251534]
[26769,26766,1.0,0.9051185108262564]
[1772,1766,1.0,0.9723595598872737]
[26772,26769,1.0,0.8476131772885017]
[26772,26766,1.0,0.9813459657510388]
[74072,26772,1.0,0.49725739921241946]
[74072,38199,1.0,0.5459145667307003]
[12507,12504,1.0,0.8250649967590781]
[12150,12147,1.0,0.9952227536000962]
[12153,12147,1.0,0.9913719155278211]
[12153,12150,1.0,0.9913719155278211]
[21372,21369,1.0,0.9788903401332759]
[93433,52628,1.0,0.44500863062011]
[93430,93427,1.0,0.9947262821994]
[42299,42293,1.0,0.9942602332331908]
[42299,42296,1.0,0.9826727436248469]
[42305,42299,1.0,0.9871579060387233]
[42305,42293,1.0,0.991590926211103]
[42305,42302,1.0,0.9797661176301001]
[42305,42296,1.0,0.9751850149424126]
[18465,18462,1.0,0.9842365892721153]
[42302,42299,1.0,0.9783833373476927]
[42302,42293,1.0,0.9877726362494229]
[42302,42296,1.0,0.9675633205264846]
[101490,12943,1.0,0.704317772796546]
[42296,42293,1.0,0.9852952983157007]
[89944,80743,1.0,0.44650972772342545]
[64922,64913,1.0,0.9842824184182096]
[64922,64919,1.0,0.7881178378534338]
[2538,2535,1.0,0.9894689031644148]
[2538,2532,1.0,0.9879679365409008]
[2535,2532,1.0,0.9775155965772943]
[80743,63148,1.0,0.40916708979164707]
[80743,1613,1.0,0.47824719515385655]
[80743,24373,1.0,0.4801382119915906]
[80743,2538,1.0,0.6126668305420963]
[80743,2535,1.0,0.6166882387450279]
[80743,46733,1.0,0.410690019231554]
[80743,58889,1.0,0.5369249973517566]
[80743,35051,1.0,0.4100823853393472]
[80743,18523,1.0,0.6135087711237577]
[80743,52337,1.0,0.5589987292546279]
[80743,2532,1.0,0.6126668305420963]
[80743,62727,1.0,0.48807344653262735]
[80743,36392,1.0,0.4222359593895448]
[80743,12486,1.0,0.43468763819515815]
[80743,56776,1.0,0.49582857735089303]
[80743,15138,1.0,0.6335686665644701]
[80743,37853,1.0,0.5155174221402055]
[80743,19800,1.0,0.5895267526786927]
[80743,42559,1.0,0.4876045179988401]
[52337,2535,1.0,0.4328318932218893]
[64919,64913,1.0,0.7233641689200401]
[81944,80743,1.0,0.46345856318364864]
[121369,80743,1.0,0.43426627994474226]
[42559,2535,1.0,0.4019002622150385]
[76588,76585,1.0,0.9826861298258273]
[36517,617,1.0,0.44250427400084397]
[76591,76588,1.0,0.9869530600818881]
[76591,76585,1.0,0.9939115630013113]
[41758,36517,1.0,0.40360960124921685]
[62807,62798,1.0,0.9843801087564016]
[78594,38943,1.0,0.7170680366566883]
[78594,78591,1.0,0.9919897335370477]
[60611,23210,1.0,0.459098903376407]
[60611,23207,1.0,0.403242177187222]
[64173,38943,1.0,0.6549051137587941]
[2084,2081,1.0,0.9918602888581872]
[68000,67988,1.0,0.9856693195607518]
[68000,67997,1.0,0.9676967321178108]
[68000,67994,1.0,0.9566604048656163]
[68000,67991,1.0,0.9495566283564677]
[78597,78594,1.0,0.9922548256035936]
[78597,78591,1.0,0.9945658731879131]
[38943,14591,1.0,0.6613700676110608]
[38943,23210,1.0,0.474913577597073]
[38943,21193,1.0,0.4658291272386493]
[38943,23207,1.0,0.474913577597073]
[38943,34628,1.0,0.6431583865487684]
[91069,78594,1.0,0.44132864973107294]
[91069,23216,1.0,0.4478565630557976]
[91069,23210,1.0,0.4006662985728683]
[91069,23207,1.0,0.4804249692632467]
[23216,23210,1.0,0.9211261653526482]
[23216,23207,1.0,0.9924224524485649]
[127272,38943,1.0,0.5163157383761265]
[23210,23207,1.0,0.9292971836717788]
[74194,74191,1.0,0.9895217647365457]
[67997,67988,1.0,0.9822459731383829]
[67997,67994,1.0,0.9843464270963135]
[67997,67991,1.0,0.9266101748568788]
[67994,67988,1.0,0.9845303044678939]
[67994,67991,1.0,0.9399702667395833]
[74197,74194,1.0,0.9895217647365457]
[74197,74191,1.0,0.9952227536000962]
[67991,67988,1.0,0.9720023510069425]
[30276,30270,1.0,0.9783618737338904]
[30276,30273,1.0,0.9618200795253227]
[85579,1800,1.0,0.44675538396591863]
[51204,51198,1.0,0.962731917267075]
[51204,51201,1.0,0.5477697524576276]
[31845,31839,1.0,0.9770186392345521]
[53709,53706,1.0,0.9337643527979832]
[51201,51198,1.0,0.46431877679697275]
[130150,11725,1.0,0.5306228236035662]
[31842,31839,1.0,0.5661707718059866]
[30273,30270,1.0,0.9905564682541387]
[111193,111187,1.0,0.8302153694195781]
[111190,111187,1.0,0.6902778137997778]
[111196,111193,1.0,0.7517638058954386]
[111196,111190,1.0,0.6065121340114966]
[111196,111187,1.0,0.9938647243311929]
[19289,19286,1.0,0.986144483056593]
[85506,85500,1.0,0.9379746517641031]
[26106,26100,1.0,0.9688974638784572]
[26106,26103,1.0,0.9842879504501727]
[26103,26100,1.0,0.9952227536000962]
[85509,85506,1.0,0.9135068917325432]
[85509,85500,1.0,0.8866200118103014]
[18632,18626,1.0,0.9922241080961267]
[19292,19289,1.0,0.9775781041734778]
[19292,19286,1.0,0.9681691572830166]
[8460,8457,1.0,0.9830523570355123]
[71145,71139,1.0,0.9917038292066669]
[124980,11043,1.0,0.44627086152046674]
[124980,103728,1.0,0.5401803315633188]
[124980,22161,1.0,0.43734036181654123]
[105439,105436,1.0,0.9081856806110371]
[49214,11043,1.0,0.5288227450425527]
[49214,22161,1.0,0.5895120442255806]
[103728,49214,1.0,0.5507302251344368]
[119643,119640,1.0,0.9952227536000962]
[56497,34649,1.0,0.5056116944546776]
[27067,27064,1.0,0.9938745906529297]
[1397,1388,1.0,0.9941331399080218]
[1397,1391,1.0,0.9824490092455813]
[1397,1394,1.0,0.9927947882037378]
[6026,6023,1.0,0.9936220614614262]
[6029,6023,1.0,0.9870002210182802]
[6029,6026,1.0,0.9609473014154422]
[1391,1388,1.0,0.992137291304444]
[1394,1388,1.0,0.9941331399080218]
[1394,1391,1.0,0.9814918591039978]
[70252,64034,1.0,0.4077267274265842]
[64034,61647,1.0,0.47969233264516886]
[64034,17012,1.0,0.5376496973449334]
[64034,34316,1.0,0.5192120079055663]
[102826,102823,1.0,0.9943041326293257]
[18334,18331,1.0,0.9728813631845037]
[18334,18322,1.0,0.9889640329299473]
[18334,18328,1.0,0.9889640329299473]
[18334,18325,1.0,0.9140096300221559]
[18331,18322,1.0,0.979615781474369]
[18331,18328,1.0,0.979615781474369]
[18331,18325,1.0,0.9317889759162635]
[102832,102826,1.0,0.6302804423811682]
[102832,102823,1.0,0.6582895761922981]
[18328,18322,1.0,0.9952227536000962]
[18328,18325,1.0,0.9317889759162635]
[69107,69104,1.0,0.9916975038550923]
[67423,57068,1.0,0.45540812954732135]
[67423,17012,1.0,0.5309199215844895]
[18325,18322,1.0,0.9317889759162635]
[80264,80258,1.0,0.9935581113465117]
[80264,80261,1.0,0.9610026627418709]
[80261,80258,1.0,0.9772745788830081]
[33921,33912,1.0,0.9866071658367505]
[33921,33909,1.0,0.9952227536000962]
[33921,33918,1.0,0.9794023499222901]
[33921,33915,1.0,0.9920798712095941]
[93222,93213,1.0,0.9656139815577353]
[93222,93216,1.0,0.9330962236592202]
[93222,93219,1.0,0.9163869947982896]
[73920,73914,1.0,0.9952227536000962]
[73920,73917,1.0,0.988413682643911]
[73920,13126,1.0,0.44366233982511866]
[73920,28868,1.0,0.4373948663200327]
[130516,73920,1.0,0.4124063699277695]
[33912,33909,1.0,0.9799085667003917]
[33918,33912,1.0,0.9796702613384333]
[33918,33909,1.0,0.9886684500893549]
[33918,33915,1.0,0.9920798712095941]
[93225,93213,1.0,0.9944660782509854]
[93225,93222,1.0,0.9616376999645689]
[93225,73920,1.0,0.46169591899221474]
[93225,93216,1.0,0.9798024275860081]
[93225,93219,1.0,0.985339224566345]
[75235,75232,1.0,0.9514628549466385]
[93216,93213,1.0,0.9823941572316303]
[93216,73920,1.0,0.467502090107622]
[73917,73914,1.0,0.9881658927632492]
[93219,93213,1.0,0.9871699834760413]
[93219,93216,1.0,0.9623418929960884]
[33915,33912,1.0,0.9943451600656311]
[33915,33909,1.0,0.9947803113316972]
[33915,6717,1.0,0.41284852288328416]
[85855,85852,1.0,0.9192944077481224]
[111406,68691,1.0,0.4553839902033922]
[111406,73920,1.0,0.45967568771462847]
[25860,25857,1.0,0.9912498675642931]
[58556,58547,1.0,0.9952227536000962]
[43779,43770,1.0,0.9927904021198166]
[43779,43776,1.0,0.9480232384663031]
[43779,43773,1.0,0.9760136688087946]
[25863,25860,1.0,0.9052428390045411]
[25863,25857,1.0,0.9003493894007868]
[43776,43770,1.0,0.9744190361604407]
[43776,43773,1.0,0.9318298964417611]
[81189,81186,1.0,0.9952227536000962]
[43773,43770,1.0,0.9829714173435662]
[92880,92874,1.0,0.9846162197965601]
[66989,66980,1.0,0.6678329308083032]
[66989,66983,1.0,0.5442439369297652]
[66983,66980,1.0,0.8619641316812585]
[114807,114804,1.0,0.9826959638187077]
[9804,9801,1.0,0.9914350583586673]
[127956,62450,1.0,0.4173438749317543]
[127956,32,1.0,0.4383302610053266]
[127956,65892,1.0,0.46953148005669915]
[127956,76434,1.0,0.41555131154029185]
[127956,119539,1.0,0.45160385742024917]
[130282,58034,1.0,0.5077055544686027]
[130282,72800,1.0,0.5265434409073867]
[130282,91573,1.0,0.41106038434676456]
[130282,88878,1.0,0.43341405755090395]
[21753,32,1.0,0.40603122821728266]
[58034,52460,1.0,0.40670787458274027]
[58034,52238,1.0,0.6497346343959864]
[58034,5192,1.0,0.514163997997436]
[58034,1387,1.0,0.43432855173219476]
[58034,32600,1.0,0.651702872405111]
[58034,22653,1.0,0.46700705152951166]
[58034,29757,1.0,0.437844345762481]
[58034,23962,1.0,0.6268922107065613]
[58034,15079,1.0,0.4438188085079434]
[58034,32,1.0,0.45398264906322927]
[58034,47766,1.0,0.4775245507178629]
[58034,8644,1.0,0.4365703204299737]
[58034,18610,1.0,0.546720486078343]
[58034,22995,1.0,0.47196873418302565]
[58034,6463,1.0,0.5184219211084997]
[58034,6780,1.0,0.8067247670791541]
[58034,21517,1.0,0.4429563838732712]
[58034,18261,1.0,0.7192555195709696]
[58034,19512,1.0,0.40942050749684356]
[58034,1848,1.0,0.4404951415835204]
[58034,8408,1.0,0.43700231628934494]
[58034,39337,1.0,0.5110510565267566]
[58034,4156,1.0,0.45378529166153364]
[58034,16378,1.0,0.5675694420781537]
[89270,72800,1.0,0.4294729378341184]
[89270,62450,1.0,0.478226577994277]
[126504,65892,1.0,0.5400108264492697]
[127156,72800,1.0,0.41857322129552355]
[127156,62450,1.0,0.4737926081556269]
[127156,91573,1.0,0.42847408144607574]
[127156,65892,1.0,0.44338342534710645]
[127156,6780,1.0,0.42529975116028335]
[127156,119539,1.0,0.424085982008412]
[72800,58034,1.0,0.6853460546287797]
[72800,39121,1.0,0.4487691387167945]
[72800,66691,1.0,0.48558709331307826]
[72800,52238,1.0,0.47096903244549326]
[72800,60272,1.0,0.6242466611550734]
[72800,64194,1.0,0.537359922904021]
[72800,62450,1.0,0.8031987926270958]
[72800,58689,1.0,0.43746383584063536]
[72800,29757,1.0,0.4391531963991533]
[72800,46542,1.0,0.5385684761540119]
[72800,15079,1.0,0.4653488483129414]
[72800,32,1.0,0.7520347272885382]
[72800,65892,1.0,0.645783535346897]
[72800,21517,1.0,0.4407906009071136]
[72800,65105,1.0,0.4895625310953962]
[72800,18261,1.0,0.4309594954367226]
[72800,19512,1.0,0.4081166983567487]
[72800,48144,1.0,0.4458037753610442]
[72800,39337,1.0,0.4444689292744273]
[9939,32,1.0,0.4096820800400207]
[76422,62450,1.0,0.4353366095159667]
[43660,43654,1.0,0.9924234816517693]
[43660,32,1.0,0.4300588702000325]
[43660,43657,1.0,0.9924234816517693]
[39121,32,1.0,0.5764997022719656]
[39121,6780,1.0,0.45759726751889096]
[66691,58034,1.0,0.4456803985451358]
[66691,32,1.0,0.4164943331204695]
[66691,6780,1.0,0.4214709056054746]
[52238,32,1.0,0.6345093618024708]
[52238,47766,1.0,0.40309974104243146]
[52238,6780,1.0,0.48653697553715547]
[78836,58034,1.0,0.46763540849151275]
[78836,62450,1.0,0.45894383440662856]
[78836,32,1.0,0.44976767485307073]
[78836,65892,1.0,0.5248721822347335]
[78836,76434,1.0,0.4020003778232619]
[60272,58034,1.0,0.7161766151773679]
[60272,32,1.0,0.6698430534789284]
[60272,6780,1.0,0.586792392135159]
[97224,58034,1.0,0.8408509337519943]
[97224,72800,1.0,0.5115685623448744]
[97224,86004,1.0,0.4059929047550179]
[97224,76422,1.0,0.484275562556336]
[97224,52238,1.0,0.4369208262570415]
[97224,60272,1.0,0.6225670240987715]
[97224,62450,1.0,0.7766805027676317]
[97224,29757,1.0,0.49774822555877585]
[97224,69304,1.0,0.47033658668376255]
[97224,32,1.0,0.56792694356609]
[97224,63737,1.0,0.5211539874954723]
[97224,86287,1.0,0.4902596447613906]
[97224,91573,1.0,0.7623246203798129]
[97224,65892,1.0,0.6489342043914962]
[97224,88878,1.0,0.6806221621341003]
[97224,76434,1.0,0.6949997642250549]
[64194,58034,1.0,0.6072660562723708]
[5192,32,1.0,0.43344014930477415]
[62450,52460,1.0,0.4736011425438319]
[62450,50293,1.0,0.4640255500841817]
[62450,43654,1.0,0.4914385143966864]
[62450,51973,1.0,0.4591174401253381]
[62450,43660,1.0,0.4914385143966864]
[62450,39121,1.0,0.6590428615967031]
[62450,52238,1.0,0.5651864657981127]
[62450,60272,1.0,0.7501207383432956]
[62450,9850,1.0,0.434725431604849]
[62450,1387,1.0,0.423763396204187]
[62450,43663,1.0,0.4914385143966864]
[62450,29312,1.0,0.4134005143722374]
[62450,22653,1.0,0.45374252836835516]
[62450,29757,1.0,0.43017396055025037]
[62450,46542,1.0,0.5147668163696044]
[62450,15079,1.0,0.4428945303435326]
[62450,47766,1.0,0.47265791751764114]
[62450,8644,1.0,0.4361252486815001]
[62450,42718,1.0,0.4054214165984728]
[62450,18610,1.0,0.439639992500302]
[62450,43657,1.0,0.4914385143966864]
[62450,44542,1.0,0.4174596766335535]
[62450,22995,1.0,0.4639502709502591]
[62450,38177,1.0,0.4142609274766513]
[62450,60004,1.0,0.4106346026491965]
[62450,6780,1.0,0.7749056221956205]
[62450,13865,1.0,0.5039127093743716]
[62450,33256,1.0,0.4226763955239937]
[62450,19512,1.0,0.5072799349789575]
[62450,48144,1.0,0.4735992300788497]
[62450,39337,1.0,0.4422270505325546]
[62450,4156,1.0,0.42945192022496254]
[62450,54285,1.0,0.44193544850175104]
[62450,52774,1.0,0.46046887568309697]
[65889,58034,1.0,0.5232302189948373]
[65889,62450,1.0,0.5865013874557943]
[65889,32,1.0,0.5086454267941838]
[32600,32,1.0,0.5036825310083454]
[32600,6780,1.0,0.42371584291239495]
[111439,65892,1.0,0.4102679035393995]
[111439,88878,1.0,0.41332192205125784]
[43663,43654,1.0,0.9911034572663633]
[43663,43660,1.0,0.9887265085595325]
[43663,43657,1.0,0.9911034572663633]
[29312,32,1.0,0.4991511870257929]
[29312,6780,1.0,0.432701176293576]
[58689,32,1.0,0.4614414436161269]
[22653,32,1.0,0.46537772879319306]
[29757,32,1.0,0.548474158174395]
[29757,6780,1.0,0.48162390669829175]
[46542,32,1.0,0.5121972605849101]
[23962,32,1.0,0.4376647883046847]
[63291,58034,1.0,0.4842409614612495]
[63291,62450,1.0,0.4146020910251822]
[63291,32,1.0,0.4984063280297474]
[63291,6780,1.0,0.6807045805532643]
[81015,58034,1.0,0.5227605141575885]
[81015,32,1.0,0.4269929773051986]
[81015,76434,1.0,0.4220874442504692]
[69304,58034,1.0,0.47475960538791157]
[47766,32,1.0,0.46656247669152157]
[47766,6780,1.0,0.4098889421894386]
[8644,32,1.0,0.4075203815357408]
[63737,32,1.0,0.4217484290156278]
[95211,58034,1.0,0.5035055470678763]
[95211,32,1.0,0.4384220981552488]
[86287,58034,1.0,0.5085848849362888]
[86287,62450,1.0,0.4080835458600397]
[86287,76434,1.0,0.42382028860334936]
[86287,6780,1.0,0.40361023989696704]
[18610,6780,1.0,0.43839160983185455]
[91573,58034,1.0,0.4448824588143112]
[91573,72800,1.0,0.7338583087751783]
[91573,43654,1.0,0.46958444369818353]
[91573,9939,1.0,0.4198122121799013]
[91573,76422,1.0,0.4506679807213875]
[91573,43660,1.0,0.46771119556441787]
[91573,39121,1.0,0.46240196817547147]
[91573,52238,1.0,0.5387858838756504]
[91573,78836,1.0,0.5127393469751363]
[91573,60272,1.0,0.6985834398963673]
[91573,5192,1.0,0.42575354749759386]
[91573,62450,1.0,0.4022080209775366]
[91573,65889,1.0,0.41693855066129637]
[91573,9850,1.0,0.5720166988612173]
[91573,1387,1.0,0.47973904803977296]
[91573,32600,1.0,0.4492732052850064]
[91573,43663,1.0,0.46958444369818353]
[91573,58689,1.0,0.4493065530803192]
[91573,22653,1.0,0.4713791130305883]
[91573,87150,1.0,0.4138570661300686]
[91573,29757,1.0,0.45923460623141055]
[91573,23962,1.0,0.4788686350256594]
[91573,63291,1.0,0.4790973591116744]
[91573,69304,1.0,0.4265621302712776]
[91573,15079,1.0,0.40909780625812103]
[91573,86287,1.0,0.43826351082504283]
[91573,43657,1.0,0.46958444369818353]
[91573,67535,1.0,0.597079437762157]
[91573,44542,1.0,0.4055847893595223]
[91573,69082,1.0,0.49986925790688763]
[91573,6463,1.0,0.4348198986931376]
[91573,65892,1.0,0.4419808403402393]
[91573,60004,1.0,0.43530043730816637]
[91573,76434,1.0,0.4916684905180108]
[91573,6780,1.0,0.802580267951526]
[91573,21517,1.0,0.44306524564839406]
[91573,84366,1.0,0.5095519050137575]
[91573,18261,1.0,0.44496230535409065]
[91573,88011,1.0,0.40226434843105235]
[91573,53013,1.0,0.41508718177359283]
[91573,33256,1.0,0.41788918440616174]
[91573,80620,1.0,0.4061118025388025]
[91573,19512,1.0,0.4521364872322365]
[91573,48144,1.0,0.41527044375735894]
[91573,8408,1.0,0.6246789229115055]
[91573,81777,1.0,0.47730301255793095]
[91573,4156,1.0,0.5406146897474056]
[91573,71187,1.0,0.4041566383251391]
[91573,16378,1.0,0.46035039725078186]
[91573,58298,1.0,0.4360752294202236]
[91573,52774,1.0,0.45874855157398853]
[43657,43654,1.0,0.9952227536000962]
[67535,58034,1.0,0.47477206793148885]
[67535,62450,1.0,0.4943337015653248]
[107772,43654,1.0,0.41480319029513124]
[107772,43660,1.0,0.4109787560734265]
[107772,62450,1.0,0.46833895772670847]
[107772,43663,1.0,0.41385560465897786]
[107772,91573,1.0,0.45368936832667583]
[107772,43657,1.0,0.41480319029513124]
[107772,88878,1.0,0.4831230333852634]
[44542,32,1.0,0.45881723025176663]
[69082,62450,1.0,0.5613082535729181]
[22995,32,1.0,0.44086632667244785]
[120025,58034,1.0,0.40702135186762844]
[120025,32,1.0,0.5331477087610114]
[120025,91573,1.0,0.40836160269425165]
[120025,65892,1.0,0.4314883083627399]
[120025,88878,1.0,0.43482449987535526]
[120025,6780,1.0,0.4089628255600572]
[6463,32,1.0,0.5010108962414231]
[38177,32,1.0,0.4017466933641522]
[65892,52460,1.0,0.4456212896594968]
[65892,50293,1.0,0.4262962100224338]
[65892,9939,1.0,0.48279328789949477]
[65892,51973,1.0,0.43821822771345753]
[65892,39121,1.0,0.4419028765504091]
[65892,52238,1.0,0.5944116512454164]
[65892,60272,1.0,0.6757404269323022]
[65892,9850,1.0,0.43138316788772074]
[65892,1387,1.0,0.47848037499145935]
[65892,58689,1.0,0.5111462670511884]
[65892,22653,1.0,0.4742966284780511]
[65892,38177,1.0,0.4270409640928146]
[65892,6780,1.0,0.7882006668956044]
[65892,53013,1.0,0.4095321414209119]
[65892,8408,1.0,0.4132753665684797]
[65892,58298,1.0,0.4283484470659043]
[65892,52774,1.0,0.5078526415794881]
[60004,58034,1.0,0.6052198335336612]
[60004,32,1.0,0.46903374545456117]
[88878,50293,1.0,0.4683157424446547]
[88878,72800,1.0,0.7513763651121036]
[88878,43654,1.0,0.49174478990500964]
[88878,51973,1.0,0.4948867713162098]
[88878,43660,1.0,0.49018112225917365]
[88878,39121,1.0,0.5051721495172634]
[88878,52238,1.0,0.5701263577400729]
[88878,78836,1.0,0.4347369835613102]
[88878,60272,1.0,0.5574342338817283]
[88878,62450,1.0,0.4692585218125217]
[88878,9850,1.0,0.42167247521922563]
[88878,1387,1.0,0.4962469521417068]
[88878,43663,1.0,0.49174478990500964]
[88878,22653,1.0,0.4226250294997541]
[88878,87150,1.0,0.4382582606432097]
[88878,29757,1.0,0.6045685126416793]
[88878,63291,1.0,0.5436693623885624]
[88878,47766,1.0,0.417595369505071]
[88878,63737,1.0,0.4288015018944726]
[88878,86287,1.0,0.44141123303225827]
[88878,42718,1.0,0.489061436594352]
[88878,43657,1.0,0.49174478990500964]
[88878,44542,1.0,0.41412665042499247]
[88878,38177,1.0,0.42585860955780247]
[88878,60004,1.0,0.4633317394627019]
[88878,6780,1.0,0.7936379068513912]
[88878,13865,1.0,0.48176610790464336]
[88878,33256,1.0,0.5044431239419063]
[88878,1848,1.0,0.5145937210871978]
[88878,81777,1.0,0.40120020421893515]
[88878,75551,1.0,0.43950257284249045]
[88878,54285,1.0,0.40406393362585846]
[88878,58298,1.0,0.4258067192556346]
[88878,52774,1.0,0.5821878875284512]
[76434,21753,1.0,0.4294381672635202]
[76434,72800,1.0,0.6821558344526264]
[76434,9939,1.0,0.4203785654325377]
[76434,76422,1.0,0.44629399075538667]
[76434,39121,1.0,0.44910771198634575]
[76434,52238,1.0,0.6266214428571114]
[76434,60272,1.0,0.6145295655804132]
[76434,62450,1.0,0.4261308089670804]
[76434,65889,1.0,0.4092560104489365]
[76434,9850,1.0,0.48084859653746054]
[76434,1387,1.0,0.43084565958081383]
[76434,22653,1.0,0.5267669705604116]
[76434,46542,1.0,0.43353715658232633]
[76434,69304,1.0,0.4717947832123177]
[76434,32,1.0,0.5247105543451434]
[76434,44542,1.0,0.42235983522999715]
[76434,69082,1.0,0.44844184049817915]
[76434,60004,1.0,0.5002989978183293]
[76434,6780,1.0,0.6235368295819729]
[76434,65105,1.0,0.43459650551602974]
[76434,33256,1.0,0.4452493432577613]
[76434,4156,1.0,0.45439144904135836]
[76434,21084,1.0,0.42093056056347317]
[76434,52774,1.0,0.5386655732863695]
[6780,32,1.0,0.8434426753101268]
[13865,32,1.0,0.5485949314202118]
[84366,58034,1.0,0.5088134713042827]
[84366,32,1.0,0.41332942229586944]
[18261,32,1.0,0.5107499299458657]
[88011,58034,1.0,0.4053009164481944]
[88011,72800,1.0,0.4579145014581289]
[88011,32,1.0,0.5051241199964844]
[88011,65892,1.0,0.446508761699322]
[88011,6780,1.0,0.41821983963531384]
[72232,58034,1.0,0.4501205687521576]
[72232,65892,1.0,0.5072649046803342]
[72232,6780,1.0,0.48780026784034713]
[80620,58034,1.0,0.40145845596768226]
[80620,62450,1.0,0.4830132434408772]
[108124,58034,1.0,0.4651236076223695]
[108124,72800,1.0,0.5141728724883323]
[108124,62450,1.0,0.46141884016570206]
[1848,32,1.0,0.41814058705959223]
[68766,58034,1.0,0.4209154410289674]
[68766,32,1.0,0.6430841628964515]
[93612,76434,1.0,0.4610642736826919]
[93612,6780,1.0,0.49676746913457587]
[39337,32,1.0,0.48208083469104257]
[119539,52460,1.0,0.5543044286842379]
[119539,58034,1.0,0.45181598955065144]
[119539,72800,1.0,0.6090352280418009]
[119539,86004,1.0,0.43425819732449894]
[119539,9939,1.0,0.5388589421032914]
[119539,43660,1.0,0.45716719122261773]
[119539,66691,1.0,0.4177372752192932]
[119539,52238,1.0,0.4846048099663802]
[119539,60272,1.0,0.62149698126597]
[119539,97224,1.0,0.5975531518540816]
[119539,64194,1.0,0.4028317618280551]
[119539,65889,1.0,0.5481888711731867]
[119539,29312,1.0,0.43752897275397457]
[119539,58689,1.0,0.43262258928446445]
[119539,22653,1.0,0.46279115131560045]
[119539,23962,1.0,0.5619499007636201]
[119539,15079,1.0,0.4379633021339656]
[119539,32,1.0,0.4093373563466645]
[119539,47766,1.0,0.4708167894269667]
[119539,95211,1.0,0.5599372077453928]
[119539,86287,1.0,0.4633350993440404]
[119539,18610,1.0,0.46834552034527305]
[119539,67535,1.0,0.532695213260764]
[119539,96870,1.0,0.4825576132048243]
[119539,44542,1.0,0.48525883607304876]
[119539,69082,1.0,0.4245732666675553]
[119539,6463,1.0,0.4440711912314162]
[119539,60004,1.0,0.49003522257907084]
[119539,88878,1.0,0.4008523455513635]
[119539,76434,1.0,0.44461963653361064]
[119539,6780,1.0,0.7423672631911153]
[119539,84366,1.0,0.442730349495818]
[119539,18261,1.0,0.4224939048144246]
[119539,88011,1.0,0.4050641372565036]
[119539,72232,1.0,0.4982910654809514]
[119539,33256,1.0,0.4460792835497339]
[119539,80620,1.0,0.4046430354447299]
[119539,1848,1.0,0.4569871013871494]
[119539,39337,1.0,0.47796483810314994]
[119539,81777,1.0,0.4971535049942036]
[119539,4156,1.0,0.4919221695079457]
[119539,75551,1.0,0.5636041748571945]
[119539,52774,1.0,0.4453658975520942]
[81777,58034,1.0,0.6174059127447913]
[81777,32,1.0,0.47734839556517367]
[81777,65892,1.0,0.4152310998900258]
[81777,76434,1.0,0.4218976059838349]
[81777,6780,1.0,0.47182637371638114]
[92196,58034,1.0,0.4710108482820832]
[92196,72800,1.0,0.4262217701486821]
[92196,62450,1.0,0.42645617310898853]
[92196,32,1.0,0.4809333206925592]
[92196,91573,1.0,0.47021803949085583]
[92196,6780,1.0,0.4291322868463735]
[75551,58034,1.0,0.4989920318163559]
[75551,72800,1.0,0.49549563825058485]
[71187,58034,1.0,0.5195645517796111]
[71187,60272,1.0,0.42590913131737873]
[71187,32,1.0,0.4131410512893542]
[71187,65892,1.0,0.4148181582424258]
[21084,32,1.0,0.4572459975465055]
[16378,32,1.0,0.44988017509398126]
[97039,58034,1.0,0.4488008720253469]
[97039,32,1.0,0.42450573517095036]
[97039,76434,1.0,0.47194070168675595]
[97039,6780,1.0,0.46430968441850773]
[94202,58034,1.0,0.5881860845549446]
[94202,32,1.0,0.40194350145621954]
[94202,91573,1.0,0.4218942936069322]
[94202,88878,1.0,0.47626838398657045]
[58298,32,1.0,0.523741419961639]
[52774,32,1.0,0.48668061139542707]
[102141,102138,1.0,0.9952227536000962]
[67265,67262,1.0,0.9143384605120564]
[5303,5300,1.0,0.618431594563916]
[5303,5297,1.0,0.9952227536000962]
[30478,30475,1.0,0.957989317021527]
[5300,5297,1.0,0.8105834511889215]
[22667,14290,1.0,0.4141505649035266]
[22667,14287,1.0,0.4903914524184968]
[22667,6059,1.0,0.43387799457700327]
[22676,22667,1.0,0.9904277818523912]
[22676,6059,1.0,0.4563192680033854]
[107760,26093,1.0,0.4231794340539783]
[37942,14287,1.0,0.40811521953228674]
[68473,22667,1.0,0.424129668791124]
[68473,22676,1.0,0.552043854085723]
[68473,26093,1.0,0.4214837259820528]
[67268,67265,1.0,0.7761726269943494]
[67268,67262,1.0,0.9810675129406619]
[35500,14290,1.0,0.5099371046900081]
[35500,14287,1.0,0.4964415504005229]
[14290,14281,1.0,0.9952227536000962]
[14290,14287,1.0,0.6656561334788201]
[14290,14284,1.0,0.9872021338195044]
[14287,14281,1.0,0.6656561334788201]
[14287,14284,1.0,0.6094365286227844]
[24229,14287,1.0,0.4823089713254485]
[14284,14281,1.0,0.9807730251998207]
[23733,14287,1.0,0.43116855683252153]
[124650,124647,1.0,0.9952227536000962]
[124650,124644,1.0,0.9877812743869288]
[124650,124641,1.0,0.9952227536000962]
[124647,124644,1.0,0.9877812743869288]
[124647,124641,1.0,0.9952227536000962]
[124653,124650,1.0,0.9895707056247579]
[124653,124647,1.0,0.9895707056247579]
[124653,124644,1.0,0.9877812743869288]
[124653,124641,1.0,0.9895707056247579]
[124644,124641,1.0,0.9877812743869288]
[63861,46042,1.0,0.5408717677574915]
[22686,22683,1.0,0.9748884214503769]
[22689,22686,1.0,0.9447437861570224]
[22689,22683,1.0,0.9761724026084452]
[22695,22686,1.0,0.7850178839903149]
[22695,22689,1.0,0.7300021344804734]
[22695,22683,1.0,0.8993502558048063]
