[18350,18344,1.0,0.9922323843947127]
[18350,18347,1.0,0.9625840951893142]
[132819,73024,1.0,0.7869581711374136]
[66025,66022,1.0,0.984323343469261]
[18353,18350,1.0,0.5323173841009277]
[18353,18344,1.0,0.5967026016799633]
[18353,18347,1.0,0.6007201356335189]
[2816,2810,1.0,0.9087637485031048]
[2816,2813,1.0,0.8516764582093092]
[18347,18344,1.0,0.989349570683801]
[2813,2810,1.0,0.9895707056247579]
[98344,98341,1.0,0.9952227536000962]
[4411,4408,1.0,0.9891700284774299]
[28831,28828,1.0,0.7034599134943494]
[66959,66950,1.0,0.9952227536000962]
[66959,66953,1.0,0.9930676807585843]
[66953,66950,1.0,0.9930676807585843]
[88141,831,1.0,0.4356401553339391]
[54749,831,1.0,0.47140248937871787]
[55749,55740,1.0,0.9877726362494229]
[53220,53217,1.0,0.6770469908323081]
[53223,53220,1.0,0.7190592686685733]
[53223,53217,1.0,0.9934197647450789]
[53223,13629,1.0,0.609417263440788]
[35275,35272,1.0,0.9911959333624409]
[13629,831,1.0,0.4411400920703382]
[41904,831,1.0,0.4842976369082576]
[432,429,1.0,0.9952227536000962]
[32873,16531,1.0,0.4069592113615655]
[83335,63871,1.0,0.47098489541337746]
[16682,16531,1.0,0.4718693511619678]
[15289,15286,1.0,0.9916077540363532]
[121684,16531,1.0,0.4479672825679755]
[24882,24879,1.0,0.7349003848472959]
[63871,63060,1.0,0.4738792702004521]
[63871,42280,1.0,0.5140970596756828]
[24619,24616,1.0,0.9927904021198166]
[36328,36325,1.0,0.9898295876907048]
[80891,80885,1.0,0.9918818867765093]
[80891,80888,1.0,0.8497621116005116]
[78784,78775,1.0,0.9949181171750051]
[78784,78778,1.0,0.9877726362494229]
[78784,78781,1.0,0.9878191197814067]
[80888,80885,1.0,0.9177835377589921]
[86414,65200,1.0,0.5381841983521157]
[86414,83034,1.0,0.5051748441642001]
[86414,24154,1.0,0.6523523163982662]
[86414,9989,1.0,0.48265745218145606]
[86414,23673,1.0,0.4297685907018013]
[86414,9871,1.0,0.5184700189537484]
[78778,78775,1.0,0.9877726362494229]
[78781,78775,1.0,0.9922241080961267]
[78781,78778,1.0,0.9811801945757928]
[36331,36328,1.0,0.9810747863611631]
[36331,36325,1.0,0.9879077146724935]
[92914,92905,1.0,0.9952227536000962]
[92914,92911,1.0,0.9902977383422663]
[17250,17244,1.0,0.9952227536000962]
[17250,17247,1.0,0.9927098780643752]
[92911,92905,1.0,0.9842319906864564]
[92917,92914,1.0,0.9769613905293926]
[92917,92905,1.0,0.9769613905293926]
[92917,92911,1.0,0.958264131566769]
[17247,17244,1.0,0.990005726151338]
[91762,42845,1.0,0.4511298274834838]
[42842,42839,1.0,0.9934197647450789]
[42845,42839,1.0,0.9934197647450789]
[42845,42842,1.0,0.9887173423656065]
[23952,23946,1.0,0.9907968838392182]
[23955,23946,1.0,0.9952227536000962]
[23955,23952,1.0,0.9899554537734846]
[23958,23946,1.0,0.9890875246752008]
[23958,23952,1.0,0.9845560292671481]
[23958,23955,1.0,0.9890875246752008]
[45790,45787,1.0,0.9946149626479851]
[66141,66135,1.0,0.9952227536000962]
[66141,66138,1.0,0.9603981541668426]
[45793,45790,1.0,0.9921471266607758]
[45793,45787,1.0,0.9952227536000962]
[52008,50829,1.0,0.6575375039513851]
[17268,17265,1.0,0.9914756223331858]
[17271,17265,1.0,0.9933607062578763]
[17271,17268,1.0,0.9883339238383336]
[66138,66135,1.0,0.9603981541668426]
[66624,66615,1.0,0.9718488247366609]
[66624,66621,1.0,0.9796973057639825]
[66624,66618,1.0,0.6966616497170709]
[66144,66141,1.0,0.9952227536000962]
[66144,66135,1.0,0.9952227536000962]
[66144,66138,1.0,0.9603981541668426]
[66621,66615,1.0,0.987856038582727]
[66621,66618,1.0,0.8348921997600816]
[66618,66615,1.0,0.9490297636097319]
[45796,45790,1.0,0.9908103182610722]
[45796,45787,1.0,0.9919830834895477]
[45796,45793,1.0,0.9919830834895477]
[90132,90126,1.0,0.7843291642994993]
[90132,90123,1.0,0.8563790931613086]
[90132,90129,1.0,0.8377372068351199]
[90126,90123,1.0,0.9915076221285565]
[56020,35098,1.0,0.44715674210735207]
[56020,49359,1.0,0.6666663556421732]
[127977,12786,1.0,0.4208033805083581]
[127977,127837,1.0,0.48433504842812286]
[127977,127971,1.0,0.9952227536000962]
[127837,90132,1.0,0.7100417342969734]
[127837,40759,1.0,0.8209896718703991]
[127837,69473,1.0,0.8283636811157569]
[127837,90126,1.0,0.7308746411109769]
[127837,20972,1.0,0.753928811713708]
[127837,86963,1.0,0.6422854511696792]
[127837,34967,1.0,0.7681199075736991]
[127837,34575,1.0,0.768794373700048]
[127837,90123,1.0,0.7100417342969734]
[127837,58282,1.0,0.4646714313372659]
[127837,12786,1.0,0.56535147959892]
[127837,67458,1.0,0.7493178063926091]
[127837,50032,1.0,0.7299168498826236]
[127837,106033,1.0,0.8082557017678057]
[127837,12927,1.0,0.5125470187647989]
[127837,41619,1.0,0.5084710134665272]
[127837,44206,1.0,0.6617617993173942]
[127837,70863,1.0,0.9482738650079031]
[127837,103675,1.0,0.6224313836937518]
[127837,56020,1.0,0.7332188247955315]
[127837,64636,1.0,0.6642437588151929]
[127837,35694,1.0,0.8099812215390616]
[127837,67230,1.0,0.6381572474833399]
[127837,106270,1.0,0.5843137449849297]
[127837,35098,1.0,0.585456570156918]
[127837,90129,1.0,0.6941551174043562]
[127837,35765,1.0,0.4659939989939245]
[127837,12018,1.0,0.47161076847773786]
[127837,34384,1.0,0.44870310677180136]
[127837,118732,1.0,0.5006122300418363]
[127837,55653,1.0,0.636459919041597]
[127837,109500,1.0,0.41221396383491965]
[127837,35771,1.0,0.5588644221945175]
[127837,66282,1.0,0.6799141855264857]
[127837,49359,1.0,0.6648952446549614]
[127837,85886,1.0,0.6746731080190906]
[127837,119614,1.0,0.7468133876922798]
[90129,90126,1.0,0.9804561872256881]
[90129,90123,1.0,0.9941331399080218]
[35771,35765,1.0,0.9877726362494229]
[127971,127837,1.0,0.48433504842812286]
[127980,127977,1.0,0.9914729588753374]
[127980,127837,1.0,0.5813897701986187]
[127980,127971,1.0,0.9914729588753374]
[49359,12927,1.0,0.620613410914973]
[42414,42411,1.0,0.9927904021198166]
[30873,16443,1.0,0.49758434077223485]
[130678,30873,1.0,0.5394376290643514]
[97047,47442,1.0,0.7576793527855765]
[97047,97044,1.0,0.9939287085123063]
[97047,18805,1.0,0.4243815910833707]
[97047,97041,1.0,0.9939287085123063]
[47442,24780,1.0,0.43528291847455985]
[33838,24780,1.0,0.5096791987767046]
[90831,90828,1.0,0.9684597108919157]
[97044,97041,1.0,0.990515878461667]
[49704,49698,1.0,0.914095467827302]
[49704,49701,1.0,0.9395438605448051]
[94186,24780,1.0,0.7103370310398753]
[25856,24780,1.0,0.5748989881474844]
[90834,90831,1.0,0.9770045552458185]
[90834,90828,1.0,0.9952227536000962]
[49701,49698,1.0,0.9912225216763494]
[49701,19332,1.0,0.4193431054202297]
[17081,17075,1.0,0.9935126676877665]
[17081,17078,1.0,0.9902208080361559]
[1409,1406,1.0,0.5762572131472553]
[1409,1400,1.0,0.9935957044464031]
[1409,1403,1.0,0.9907822071225489]
[1406,1400,1.0,0.6260808325790721]
[1406,1403,1.0,0.5768806531214099]
[17078,17075,1.0,0.9854085845489449]
[1403,1400,1.0,0.9866349653737911]
[3542,3539,1.0,0.9952227536000962]
[3545,3542,1.0,0.9925229512934376]
[3545,3539,1.0,0.9925229512934376]
[26026,3542,1.0,0.44845277692535107]
[84459,84453,1.0,0.9906600687411116]
[84459,84456,1.0,0.9597631857024645]
[84456,84453,1.0,0.9745003934943025]
[132043,73566,1.0,0.5354275793209662]
[5087,5084,1.0,0.9916214240537309]
[77925,63006,1.0,0.43059682577434155]
[77925,5087,1.0,0.5747118487168632]
[77925,73566,1.0,0.5580351617944694]
[77925,5090,1.0,0.4352379137301137]
[77925,5084,1.0,0.5561261235536411]
[77657,73566,1.0,0.7574675540799944]
[77657,77654,1.0,0.9930676807585843]
[73566,24626,1.0,0.41951334327663314]
[73566,73563,1.0,0.9930641667401623]
[73566,2703,1.0,0.47415090869769483]
[73566,45692,1.0,0.5592872203052939]
[77654,73566,1.0,0.7271095176592585]
[73413,5087,1.0,0.4777566508729006]
[73413,5090,1.0,0.47813402479012085]
[73413,5084,1.0,0.47813402479012085]
[73413,62801,1.0,0.7484816958112375]
[28042,28039,1.0,0.9861421297111657]
[5090,5087,1.0,0.9557772544804721]
[5090,5084,1.0,0.9877726362494229]
[119463,73566,1.0,0.5843848518553176]
[119463,62801,1.0,0.493459831008703]
[57431,57425,1.0,0.9414974435115928]
[57434,57431,1.0,0.8291712133359249]
[57434,57425,1.0,0.9221343224198316]
[73753,73750,1.0,0.9925229512934376]
[73756,73753,1.0,0.9884943023486323]
[73756,73750,1.0,0.9925229512934376]
[73762,73753,1.0,0.9831742323688067]
[73762,73750,1.0,0.988934812387235]
[73762,73756,1.0,0.9831742323688067]
[71877,28176,1.0,0.631453520678817]
[93190,35253,1.0,0.5465952316575808]
[78647,78644,1.0,0.9914756223331858]
[80745,80739,1.0,0.8365234436571843]
[80745,80742,1.0,0.7433629989068377]
[80742,80739,1.0,0.9877726362494229]
[18827,18821,1.0,0.9721281862741638]
[18827,18824,1.0,0.9709711239787642]
[18824,18821,1.0,0.9924462391567475]
[54423,54417,1.0,0.9935217099956151]
[54423,54420,1.0,0.994716581742503]
[54423,54411,1.0,0.994716581742503]
[54417,54411,1.0,0.9941331399080218]
[54420,54417,1.0,0.9941331399080218]
[54420,54411,1.0,0.9952227536000962]
[19890,19884,1.0,0.9873016471799249]
[19890,19881,1.0,0.9922599912418544]
[19890,19887,1.0,0.9876560506044874]
[58475,36697,1.0,0.5621479248837883]
[40751,40748,1.0,0.9474262310843001]
[19884,19881,1.0,0.9946065170958023]
[19887,19884,1.0,0.9932572302387178]
[19887,19881,1.0,0.9943584858551965]
[40754,40748,1.0,0.9889695788968814]
[40754,40751,1.0,0.9256307802593249]
[94566,94563,1.0,0.9914729588753374]
[94569,94566,1.0,0.6189040912670807]
[94569,94563,1.0,0.6060964949707814]
[45648,25953,1.0,0.6900080002994072]
[65331,25953,1.0,0.7013918174641225]
[130746,25953,1.0,0.5260757105018531]
[43723,43720,1.0,0.957055308629061]
[124312,2169,1.0,0.43877114831297637]
[75244,75238,1.0,0.9930676807585843]
[75244,75241,1.0,0.9879724704886186]
[76003,65615,1.0,0.4853440858178496]
[75241,75238,1.0,0.9930676807585843]
[65615,57682,1.0,0.5856224584593862]
[65615,65609,1.0,0.9918550823344474]
[65615,65606,1.0,0.9952227536000962]
[65615,65603,1.0,0.9952227536000962]
[43726,43723,1.0,0.9242729079846002]
[43726,43720,1.0,0.9441861984805688]
[65609,65606,1.0,0.994754850866769]
[65609,65603,1.0,0.994754850866769]
[65606,65603,1.0,0.9952227536000962]
[70253,68692,1.0,0.533187988296583]
[125433,68692,1.0,0.4223508875111806]
[36442,36436,1.0,0.9382522959827321]
[21545,397,1.0,0.43568006375529894]
[120717,120714,1.0,0.9827751757746581]
[57418,27111,1.0,0.4155784086757844]
[18395,397,1.0,0.5159348419933573]
[397,394,1.0,0.9952227536000962]
[29076,397,1.0,0.443671546179885]
[92358,397,1.0,0.5936218255460303]
[71198,71189,1.0,0.9377624846434625]
[71198,71195,1.0,0.6951321271233534]
[71198,71192,1.0,0.8318664633457468]
[27111,27108,1.0,0.9952227536000962]
[124374,397,1.0,0.5529907492746223]
[88190,25578,1.0,0.4603663825267211]
[403,397,1.0,0.9952227536000962]
[403,400,1.0,0.9565758545726771]
[403,394,1.0,0.9579861081394537]
[48560,48557,1.0,0.9532730307428314]
[48560,48551,1.0,0.9904184337670737]
[48560,48554,1.0,0.9627076515821991]
[52620,397,1.0,0.6028886912309689]
[52620,48560,1.0,0.5576831643898029]
[52620,25578,1.0,0.5580871100968423]
[52620,48557,1.0,0.47227773752724733]
[52620,48551,1.0,0.5771794823788898]
[52620,48554,1.0,0.4600590996183576]
[17854,17845,1.0,0.9895841072962517]
[28186,28180,1.0,0.9766686515451188]
[106149,75260,1.0,0.4173030191361002]
[106149,397,1.0,0.649604697209465]
[106149,27111,1.0,0.45404816230827655]
[106149,48560,1.0,0.41570075772742543]
[106149,53688,1.0,0.46250946873503274]
[106149,25578,1.0,0.4680885120717615]
[106149,106146,1.0,0.9851994433134027]
[106149,40967,1.0,0.5194484214660335]
[106149,71195,1.0,0.40455132559704865]
[106149,48551,1.0,0.44558311873931333]
[106149,48554,1.0,0.48584309021254884]
[26841,397,1.0,0.6733932820690253]
[21581,21578,1.0,0.994754850866769]
[109860,109854,1.0,0.9855387250923755]
[128556,128553,1.0,0.777235060348766]
[73849,397,1.0,0.619943493589238]
[13595,13589,1.0,0.9730651142063869]
[13595,13592,1.0,0.971485266454778]
[400,397,1.0,0.9952227536000962]
[400,394,1.0,0.9935047841791984]
[13097,397,1.0,0.49035291199951075]
[123405,397,1.0,0.4272859343666499]
[120723,120717,1.0,0.6954264009451806]
[120723,120714,1.0,0.9122413099686332]
[120723,120720,1.0,0.7472994692786468]
[131302,52620,1.0,0.405804615419887]
[131302,106149,1.0,0.57543107244985]
[131302,76829,1.0,0.43804880849275457]
[87323,48560,1.0,0.44181169030818385]
[87323,48551,1.0,0.45595547450970525]
[87323,48554,1.0,0.4528741707721001]
[124377,397,1.0,0.5529907492746223]
[124377,124374,1.0,0.9952227536000962]
[83965,397,1.0,0.43725500650450494]
[120720,120717,1.0,0.8690212656255484]
[120720,120714,1.0,0.9748260240477519]
[13592,13589,1.0,0.9914756223331858]
[6527,397,1.0,0.4116525177238369]
[71195,71189,1.0,0.9239797135474052]
[71195,71192,1.0,0.9213088399817769]
[71192,71189,1.0,0.9819364882092673]
[102927,397,1.0,0.48232899226662546]
[27114,27111,1.0,0.9854316400273482]
[27114,27108,1.0,0.9854316400273482]
[48557,48551,1.0,0.9675633205264846]
[48557,48554,1.0,0.9783618737338904]
[18407,397,1.0,0.4175413550536968]
[11284,397,1.0,0.5726121527996574]
[76829,397,1.0,0.706661145363226]
[53804,397,1.0,0.5851626329479963]
[1129,397,1.0,0.5251174968492939]
[4664,4661,1.0,0.968255908710738]
[48554,48551,1.0,0.9926680456172919]
[113305,113299,1.0,0.9896043384276524]
[113308,113305,1.0,0.9895977645477224]
[113308,113299,1.0,0.9952227536000962]
[46798,13316,1.0,0.43380473797806507]
[34222,27123,1.0,0.40657316995362247]
[125977,13316,1.0,0.46403247676702697]
[33356,33353,1.0,0.9952227536000962]
[33359,33353,1.0,0.8663330618277869]
[33359,33356,1.0,0.8663330618277869]
[91579,91570,1.0,0.994546762243129]
[91579,91576,1.0,0.9932800449613316]
[119715,119712,1.0,0.6752649209398134]
[119715,119709,1.0,0.9898369578486236]
[3792,3789,1.0,0.9595293112430073]
[21267,21264,1.0,0.9930676807585843]
[119712,119709,1.0,0.9902999002802011]
[90286,7052,1.0,0.4997845900113316]
[7046,7043,1.0,0.9887475490697683]
[7049,7043,1.0,0.9925700338128759]
[7049,7046,1.0,0.9903041675031352]
[49597,49594,1.0,0.7725020986467186]
[7052,7043,1.0,0.9543792054936097]
[7052,7046,1.0,0.9543792054936097]
[7052,7049,1.0,0.9543792054936097]
[131884,131878,1.0,0.9952227536000962]
[119709,21264,1.0,0.426474922513919]
[91576,91570,1.0,0.9844046439871108]
[49600,49597,1.0,0.9891237340830421]
[49600,49594,1.0,0.7326483380833405]
[7055,7043,1.0,0.9852608444195433]
[7055,7046,1.0,0.9804897076259632]
[7055,7049,1.0,0.9465931616034777]
[7055,7052,1.0,0.8934070538110945]
[42856,42853,1.0,0.9826277423499531]
[88671,79379,1.0,0.414812029091017]
[79379,42882,1.0,0.46000115958151544]
[74447,74441,1.0,0.9757477405849498]
[74453,74447,1.0,0.9823242786580116]
[74453,74450,1.0,0.8698792266071963]
[74453,74441,1.0,0.9841058010893663]
[74450,74447,1.0,0.9337036331842798]
[74450,74441,1.0,0.9487682286834668]
[93089,93086,1.0,0.888416222477482]
[93089,93083,1.0,0.979473425521127]
[46073,46070,1.0,0.9822823109963214]
[37677,37674,1.0,0.977183257693486]
[46079,46073,1.0,0.9934567839627333]
[46079,46070,1.0,0.9952227536000962]
[46079,46076,1.0,0.9189703603782224]
[46076,46073,1.0,0.8980517730598736]
[46076,46070,1.0,0.9189703603782224]
[15953,15947,1.0,0.8800013927587953]
[15953,15944,1.0,0.9859369605433117]
[15953,15950,1.0,0.9688045971237496]
[37683,37677,1.0,0.9751433739197299]
[37683,37674,1.0,0.9799607065470577]
[7291,7285,1.0,0.9929864502107044]
[7291,7279,1.0,0.7019618594466571]
[7291,7282,1.0,0.43482684460735976]
[7291,7288,1.0,0.6242113572033082]
[7285,7279,1.0,0.7019618594466571]
[7285,7282,1.0,0.43482684460735976]
[46082,46073,1.0,0.8843310428568689]
[46082,46079,1.0,0.9075917749229941]
[46082,46070,1.0,0.9075917749229941]
[46082,46076,1.0,0.9844003585578739]
[15947,15944,1.0,0.928949192247413]
[75817,75575,1.0,0.41450136807228677]
[7282,7279,1.0,0.9316793808371798]
[75784,75778,1.0,0.9872021338195044]
[75784,75781,1.0,0.9863444106692562]
[93086,93083,1.0,0.9664523496772125]
[75781,75778,1.0,0.9938346147908514]
[23293,23290,1.0,0.9891565991259433]
[15950,15947,1.0,0.9106751379091812]
[15950,15944,1.0,0.9880245437895344]
[7288,7285,1.0,0.6242113572033082]
[7288,7279,1.0,0.9495770654669171]
[7288,7282,1.0,0.9086018700087999]
[48396,48393,1.0,0.9900850340350941]
[79482,79468,1.0,0.5113549516761767]
[82119,6880,1.0,0.49917229666291324]
[82119,82116,1.0,0.9807593582090226]
[10016,6880,1.0,0.5205539262774983]
[89864,10016,1.0,0.5373031194530203]
[89864,6880,1.0,0.5463087212917813]
[89864,29706,1.0,0.4307762599441714]
[33657,33651,1.0,0.9890173416326807]
[33657,33654,1.0,0.9883925498315771]
[65657,6880,1.0,0.5310401000768319]
[33654,33651,1.0,0.991867225035952]
[82122,82119,1.0,0.8972640673469545]
[82122,6880,1.0,0.5858379002511375]
[82122,82116,1.0,0.9652030372204207]
[6880,6877,1.0,0.9952227536000962]
[88318,88315,1.0,0.9878076405478392]
[9132,9129,1.0,0.9937807051809457]
[88534,88531,1.0,0.9888016424599242]
[88534,17633,1.0,0.4694412429397752]
[6883,6880,1.0,0.9875478803503387]
[6883,6877,1.0,0.9681130903243574]
[88537,88534,1.0,0.9854059056473062]
[88537,88531,1.0,0.9908170791413349]
[29706,6880,1.0,0.5968748467210122]
[15647,15644,1.0,0.5069088663128847]
[99261,88534,1.0,0.513979748868695]
[99261,85913,1.0,0.5712650285020644]
[15650,15647,1.0,0.5469095888094347]
[15650,15644,1.0,0.9935047841791984]
[120942,76265,1.0,0.4217415410183976]
[120942,19416,1.0,0.4781077499146958]
[79468,66901,1.0,0.8570158022776257]
[79468,65352,1.0,0.5549218598786423]
[79468,52022,1.0,0.7667728079833863]
[79468,26554,1.0,0.5818532669522888]
[39538,39532,1.0,0.9707537047449575]
[39538,39535,1.0,0.762542781504961]
[83724,83721,1.0,0.994604720270663]
[121771,120942,1.0,0.4060317936817647]
[85913,17633,1.0,0.4518447858711194]
[16583,16580,1.0,0.9952227536000962]
[59991,53453,1.0,0.49531855495314137]
[48824,48821,1.0,0.990042225916496]
[33660,33651,1.0,0.9905564682541387]
[33660,33657,1.0,0.9798654742627825]
[33660,33654,1.0,0.9846942489636542]
[39535,39532,1.0,0.8946321591739017]
[9138,9132,1.0,0.9073275108691621]
[9138,9129,1.0,0.9416229653415447]
[9138,9135,1.0,0.775926013895857]
[82116,6880,1.0,0.49917229666291324]
[48501,48495,1.0,0.9943950391570788]
[9135,9132,1.0,0.8672490696439827]
[9135,9129,1.0,0.9372698076835801]
[83730,83724,1.0,0.9824429118597263]
[83730,83721,1.0,0.9842389147175774]
[66408,66405,1.0,0.9234089849316652]
[70715,70703,1.0,0.9905564682541387]
[70715,70709,1.0,0.9764137198898755]
[70715,70712,1.0,0.8940269079803488]
[70715,70706,1.0,0.9777253390305706]
[63680,63677,1.0,0.9053895669969804]
[70709,70703,1.0,0.986925116811151]
[70709,70706,1.0,0.969725096524152]
[70712,70703,1.0,0.8501518695979938]
[70712,70709,1.0,0.8501518695979938]
[70712,70706,1.0,0.7666789362955257]
[63677,63671,1.0,0.9930409068020026]
[63677,63674,1.0,0.9930409068020026]
[63674,63671,1.0,0.9952227536000962]
[70706,70703,1.0,0.9898540993673156]
[54422,54419,1.0,0.9701585028222839]
[54425,54422,1.0,0.9144637765749204]
[54425,54419,1.0,0.977654719923328]
[130539,65585,1.0,0.49495361700696383]
[130539,7484,1.0,0.4934057115088542]
[130539,30793,1.0,0.4151120728104247]
[24877,24871,1.0,0.9923352183044587]
[24877,24874,1.0,0.9921769929520078]
[24877,24868,1.0,0.9921769929520078]
[84883,7484,1.0,0.5193951546965084]
[104656,104653,1.0,0.9822778125347954]
[15225,15222,1.0,0.9597238183213256]
[15225,15219,1.0,0.9819219630900238]
[64052,30793,1.0,0.45928320890102037]
[64052,11186,1.0,0.4122339784771607]
[15222,15219,1.0,0.987871478985809]
[24871,24868,1.0,0.9938289672647332]
[113793,51231,1.0,0.4379256673311723]
[113793,78459,1.0,0.41609131823114637]
[113793,7484,1.0,0.5575483938742366]
[113793,70579,1.0,0.44530291069213995]
[113793,90395,1.0,0.4106798646047117]
[113793,30793,1.0,0.659684910493088]
[113793,42870,1.0,0.4148918884895307]
[28499,28493,1.0,0.9952227536000962]
[28499,28496,1.0,0.9918426894149314]
[11221,11218,1.0,0.9711776036440658]
[59512,7484,1.0,0.4822988273693488]
[59512,59506,1.0,0.9679501816665762]
[59512,30793,1.0,0.4308641106087099]
[59512,59509,1.0,0.9546345939331787]
[81124,7484,1.0,0.4905425878632948]
[81124,70579,1.0,0.6121429437521658]
[81124,30793,1.0,0.46010677873626143]
[99279,64052,1.0,0.42709107065106544]
[19473,7484,1.0,0.4857731822090895]
[24874,24871,1.0,0.9938289672647332]
[24874,24868,1.0,0.9952227536000962]
[24880,24877,1.0,0.8086592296423987]
[24880,24871,1.0,0.9176159057457903]
[24880,24874,1.0,0.9253924334956007]
[24880,13945,1.0,0.6721940442005777]
[24880,24868,1.0,0.9253924334956007]
[70579,11221,1.0,0.4258386479929936]
[70579,59512,1.0,0.5059137071236697]
[70579,24880,1.0,0.44338687792327386]
[70579,11186,1.0,0.4776143700547067]
[70579,65708,1.0,0.5231287564580623]
[70579,28502,1.0,0.7747739620721191]
[33763,33760,1.0,0.9946149626479851]
[30793,24880,1.0,0.41171678100396053]
[30793,11186,1.0,0.41551944522830525]
[95944,59512,1.0,0.40179007515712656]
[125400,84883,1.0,0.4695312802646642]
[75604,15222,1.0,0.4443229022793305]
[75604,30793,1.0,0.49921989834082003]
[75604,15219,1.0,0.42106577716893456]
[39768,24880,1.0,0.4433154056769121]
[28496,28493,1.0,0.9945658731879131]
[82209,15225,1.0,0.41443052404975167]
[82209,51231,1.0,0.44860911773755247]
[82209,7484,1.0,0.42080067225694945]
[82209,70579,1.0,0.44006102959619414]
[82209,30793,1.0,0.6545052195619828]
[82209,1534,1.0,0.4114699662868224]
[46312,46306,1.0,0.9541147673404567]
[65708,5645,1.0,0.4899008058902514]
[65708,42870,1.0,0.4926013038545918]
[59509,59506,1.0,0.9923910799448005]
[113922,7484,1.0,0.4167051069456698]
[33766,33760,1.0,0.9521024085478128]
[33766,33763,1.0,0.9276352207132037]
[84425,9102,1.0,0.4398118509123651]
[84425,7484,1.0,0.448729849713818]
[84425,70579,1.0,0.41899231163764866]
[84425,30793,1.0,0.47147649927008334]
[84425,42870,1.0,0.43691161601062856]
[59518,59512,1.0,0.992618336087149]
[59518,59506,1.0,0.9850896927091366]
[59518,59509,1.0,0.9812458500480439]
[104653,70579,1.0,0.4809923913345967]
[28502,28499,1.0,0.9658710634157666]
[28502,11221,1.0,0.4829922498683031]
[28502,7484,1.0,0.46852124388173244]
[28502,28493,1.0,0.9658710634157666]
[28502,28496,1.0,0.9495616645228675]
[28502,11218,1.0,0.42448546662594266]
[91583,91574,1.0,0.9873541765106135]
[91583,91577,1.0,0.9857721790812526]
[91583,91580,1.0,0.971841067438746]
[15934,15928,1.0,0.9946179495048546]
[15934,15931,1.0,0.970561098675823]
[105970,105967,1.0,0.9903459533107182]
[12128,12125,1.0,0.9575322097356108]
[91577,91574,1.0,0.9818799229031935]
[42800,15931,1.0,0.4354224713186855]
[90183,90174,1.0,0.9935224512540531]
[90183,90180,1.0,0.9935224512540531]
[90183,90177,1.0,0.9952227536000962]
[91580,91574,1.0,0.9885828429138224]
[91580,91577,1.0,0.975240860881574]
[15931,15928,1.0,0.970561098675823]
[103608,90177,1.0,0.4618238656398232]
[90180,90174,1.0,0.9952227536000962]
[90180,90177,1.0,0.9952227536000962]
[124918,103608,1.0,0.4232816365567893]
[121464,44061,1.0,0.4391357135456907]
[90177,90174,1.0,0.9952227536000962]
[61291,61288,1.0,0.9904276623753275]
[61294,61291,1.0,0.9880477384172546]
[61294,61288,1.0,0.9851281100581999]
[21763,21760,1.0,0.9828946572860252]
[13733,13727,1.0,0.8807767615149235]
[13736,13733,1.0,0.8100204461317372]
[13736,13727,1.0,0.9863444106692562]
[28514,28505,1.0,0.9082766602925592]
[28514,28508,1.0,0.9082766602925592]
[28514,28511,1.0,0.567349034012634]
[28508,28505,1.0,0.9952227536000962]
[28511,28505,1.0,0.8890551222405759]
[28511,28508,1.0,0.8890551222405759]
[28300,8150,1.0,0.415118457034869]
[46794,46791,1.0,0.9931579754637436]
[64060,64054,1.0,0.8507251936161963]
[64060,64048,1.0,0.9070211231685509]
[64060,64057,1.0,0.9070211231685509]
[64060,64051,1.0,0.8870802871047735]
[75123,75120,1.0,0.9914756223331858]
[64054,64048,1.0,0.9877726362494229]
[64054,64051,1.0,0.9838993432820307]
[64057,64054,1.0,0.9877726362494229]
[64057,64048,1.0,0.9952227536000962]
[64057,64051,1.0,0.9952227536000962]
[46797,46794,1.0,0.9798018045669967]
[46797,46791,1.0,0.9854085845489449]
[126994,120412,1.0,0.4050096004922236]
[64051,64048,1.0,0.9936282955531263]
[79299,79293,1.0,0.9848546064954672]
[79299,19000,1.0,0.6768311648701918]
[79299,79296,1.0,0.9134943165988757]
[86440,26277,1.0,0.4045075696312971]
[86440,79299,1.0,0.5379144509717454]
[86440,49484,1.0,0.42326316904150674]
[86440,79302,1.0,0.7459410892731382]
[86440,79293,1.0,0.6701595089389263]
[86440,19000,1.0,0.7564016713015882]
[86440,79296,1.0,0.6701595089389263]
[63171,19000,1.0,0.5286975886922322]
[64599,19000,1.0,0.4499942480641706]
[79302,79299,1.0,0.9826403742703052]
[79302,31786,1.0,0.43996067390659555]
[79302,79293,1.0,0.9930676807585843]
[79302,19000,1.0,0.7438273885767004]
[79302,79296,1.0,0.9556176855489653]
[31786,19000,1.0,0.4279630312774496]
[56883,26277,1.0,0.6000939530834378]
[56883,49484,1.0,0.4725667484345234]
[58119,19000,1.0,0.45979180972151024]
[79293,31786,1.0,0.4315418394961373]
[79293,19000,1.0,0.7794945910789767]
[124963,86440,1.0,0.5474016070235683]
[124963,31786,1.0,0.5324453920410082]
[124963,82831,1.0,0.650931493773652]
[124963,82828,1.0,0.41368674808218747]
[44828,19000,1.0,0.43748487121962387]
[32633,19000,1.0,0.47363184198904007]
[82831,19000,1.0,0.688176788647707]
[82831,82828,1.0,0.9742287080161341]
[82831,82825,1.0,0.9883489226857674]
[28650,19000,1.0,0.45037491444623967]
[82828,19000,1.0,0.4132923697266469]
[82828,82825,1.0,0.9849827143016191]
[79296,31786,1.0,0.4315418394961373]
[79296,79293,1.0,0.9674119551646911]
[79296,19000,1.0,0.7794945910789767]
[88546,88543,1.0,0.9523905236377715]
[82825,19000,1.0,0.41568170516347897]
[24305,24302,1.0,0.9952227536000962]
[74864,60466,1.0,0.7896454487938037]
[102646,74864,1.0,0.43754895648568487]
[102646,102640,1.0,0.9925015213255508]
[102646,102643,1.0,0.9925015213255508]
[44404,44401,1.0,0.9952227536000962]
[102643,102640,1.0,0.9931905064527496]
[44410,44404,1.0,0.9678931473294259]
[44410,44401,1.0,0.9678931473294259]
[102412,102403,1.0,0.9952227536000962]
[102412,102406,1.0,0.9540932210784875]
[109219,83648,1.0,0.438776603907943]
[109219,14806,1.0,0.40173983389314444]
[109219,74864,1.0,0.471723315577774]
[109219,102646,1.0,0.6205279113251662]
[109219,102643,1.0,0.4747205290877566]
[109219,102412,1.0,0.4665931844866021]
[109219,33307,1.0,0.5216175818416213]
[109219,60466,1.0,0.8803838704627551]
[102406,102403,1.0,0.9329981874887664]
[60466,15714,1.0,0.6709319631738858]
[60466,6622,1.0,0.5864853170372325]
[1908,1905,1.0,0.9907445768507287]
[118744,29155,1.0,0.43267219796667583]
[118744,28802,1.0,0.47748944857204184]
[118744,28799,1.0,0.47748944857204184]
[51925,28802,1.0,0.4565588769710977]
[51925,28799,1.0,0.4565588769710977]
[28802,28799,1.0,0.993833290446873]
[63134,63128,1.0,0.9363748749578565]
[109665,109662,1.0,0.9952227536000962]
[63542,63539,1.0,0.9939492865034989]
[79345,45363,1.0,0.4234241482819564]
[55930,4353,1.0,0.4522335110495839]
[92740,4353,1.0,0.4066390748844629]
[31084,31081,1.0,0.9952227536000962]
[118354,118351,1.0,0.9925127860434669]
[130930,130927,1.0,0.9916975038550923]
[98515,42490,1.0,0.4364602899685394]
[98515,74829,1.0,0.41054291694572576]
[130939,130930,1.0,0.9742687117513461]
[130939,130933,1.0,0.9936220614614262]
[130939,130927,1.0,0.9936220614614262]
[4210,4207,1.0,0.9775281339156967]
[93854,40550,1.0,0.5543559212098312]
[93854,74829,1.0,0.6197154741382652]
[98091,98082,1.0,0.9884375416376]
[98091,98088,1.0,0.9773843119930814]
[98091,98085,1.0,0.9561705938472457]
[102006,98515,1.0,0.6317952714582631]
[102006,93854,1.0,0.58421575997245]
[102006,98091,1.0,0.46816183735391986]
[130933,130930,1.0,0.9802704610270954]
[130933,130927,1.0,0.9952227536000962]
[98088,98082,1.0,0.9718614126933023]
[98088,98085,1.0,0.5827673193179319]
[126097,126091,1.0,0.9742799547896911]
[126097,126094,1.0,0.9742799547896911]
[126097,124833,1.0,0.4075640248674317]
[131604,88147,1.0,0.6778991574738269]
[131604,76023,1.0,0.5268437288713421]
[126094,126091,1.0,0.9952227536000962]
[98085,98082,1.0,0.761597337369222]
[81828,81825,1.0,0.9856013414380667]
[97651,97648,1.0,0.7309364971770774]
[74829,32761,1.0,0.4261176783327645]
[61855,61852,1.0,0.9952227536000962]
[81831,81825,1.0,0.9813515852461774]
[81831,81828,1.0,0.9748961629815214]
[4213,4210,1.0,0.9631079412873503]
[4213,4207,1.0,0.9911457621988602]
[15861,12065,1.0,0.44415387474852797]
[56093,56081,1.0,0.9523231123558799]
[56093,56087,1.0,0.9135635255552659]
[56093,56084,1.0,0.9048199962479444]
[56087,56081,1.0,0.9889825624115235]
[56087,56084,1.0,0.9731384468665685]
[84055,84049,1.0,0.9946939993737459]
[84055,84052,1.0,0.9908194167765632]
[92899,12065,1.0,0.6010554516613003]
[84052,84049,1.0,0.9916928888813668]
[56084,56081,1.0,0.9902118848634425]
[116217,27869,1.0,0.43238270507668053]
[116217,67518,1.0,0.7441021785782523]
[116560,116551,1.0,0.9934059060649677]
[116560,116557,1.0,0.9812732574444213]
[116560,116554,1.0,0.9518283050942199]
[116557,116551,1.0,0.9861464120448776]
[116557,116554,1.0,0.9640072807192207]
[18154,18151,1.0,0.9128734229935963]
[18154,18148,1.0,0.9952227536000962]
[18151,18148,1.0,0.9128734229935963]
[116554,116551,1.0,0.9828416606417594]
[14011,14002,1.0,0.9567130713339097]
[14011,14008,1.0,0.8529055990123509]
[14011,14005,1.0,0.7865996037874243]
[85772,84499,1.0,0.4419563931615308]
[84493,84487,1.0,0.9914729588753374]
[69981,69978,1.0,0.7013828947445541]
[14008,14002,1.0,0.9735860105085337]
[14008,14005,1.0,0.8605541273746244]
[14005,14002,1.0,0.965839846393986]
[84499,84493,1.0,0.9952227536000962]
[84499,84487,1.0,0.9952227536000962]
[84499,84496,1.0,0.9942343770399977]
[75836,24834,1.0,0.4164712981781531]
[75836,75833,1.0,0.9716905299687593]
[75839,75833,1.0,0.9738620836303188]
[75839,75836,1.0,0.9457628840932976]
[84496,84493,1.0,0.9933863800489838]
[84496,84487,1.0,0.9942343770399977]
[85173,85167,1.0,0.9657828644150629]
[85173,85170,1.0,0.5657578588592161]
[85176,85173,1.0,0.6089108576449545]
[85176,85167,1.0,0.6374709801210217]
[85170,85167,1.0,0.9359768607685837]
[29121,29118,1.0,0.8971375040543731]
[42872,36030,1.0,0.507065792934365]
[42872,36021,1.0,0.507065792934365]
[42872,5619,1.0,0.42701146980578875]
[242,230,1.0,0.9921471266607758]
[242,239,1.0,0.956671825516874]
[242,236,1.0,0.9901363687918286]
[242,233,1.0,0.9778615191904904]
[43639,43636,1.0,0.9877812743869288]
[43645,43639,1.0,0.9566782659238159]
[43645,43642,1.0,0.9809802582655774]
[43645,43636,1.0,0.9809802582655774]
[80447,80444,1.0,0.9939453078520322]
[101775,24382,1.0,0.49467141759998984]
[102175,52883,1.0,0.44626873592866245]
[102175,36030,1.0,0.4340592611542975]
[102175,62951,1.0,0.4587882645610453]
[102175,36021,1.0,0.4340592611542975]
[36030,242,1.0,0.8747648012561433]
[36030,230,1.0,0.5087185086662825]
[36030,239,1.0,0.4190679891212146]
[36030,236,1.0,0.47061207412086775]
[36030,36021,1.0,0.9952227536000962]
[36030,24382,1.0,0.49227736858559584]
[239,230,1.0,0.9701586101616368]
[239,236,1.0,0.9634262659514826]
[239,233,1.0,0.46972882503203495]
[91435,242,1.0,0.4297906317624983]
[91435,36030,1.0,0.41487417651085584]
[91435,36021,1.0,0.41487417651085584]
[110920,42872,1.0,0.5447369348412882]
[110920,36030,1.0,0.46764427221263527]
[110920,26057,1.0,0.4045490322840064]
[110920,36021,1.0,0.46764427221263527]
[43642,43639,1.0,0.9877812743869288]
[43642,43636,1.0,0.9952227536000962]
[236,230,1.0,0.9939453078520322]
[236,233,1.0,0.6877435073595553]
[80450,80447,1.0,0.9912630120245695]
[80450,80444,1.0,0.9930641667401623]
[37760,24382,1.0,0.4159596653607731]
[43648,43639,1.0,0.9628692583632978]
[43648,43645,1.0,0.9415249315133692]
[43648,43642,1.0,0.9842365892721153]
[43648,43636,1.0,0.9842365892721153]
[80453,80447,1.0,0.9910799224898309]
[80453,80444,1.0,0.9929243387519429]
[80453,80450,1.0,0.9898496129407026]
[36021,242,1.0,0.8747648012561433]
[36021,230,1.0,0.5087185086662825]
[36021,239,1.0,0.4190679891212146]
[36021,236,1.0,0.47061207412086775]
[36021,24382,1.0,0.49227736858559584]
[233,230,1.0,0.7145228440085442]
[73060,73057,1.0,0.8786209340911029]
[73060,73054,1.0,0.9861464120448776]
[65294,48537,1.0,0.41699339186887463]
[65294,46540,1.0,0.4650479869015009]
[73057,73054,1.0,0.9459849971281626]
[73054,2648,1.0,0.40697639847627715]
[73054,64806,1.0,0.4408777963178127]
[62927,62924,1.0,0.7974784563102907]
[62927,62921,1.0,0.763695934636586]
[62927,62918,1.0,0.8145340986801851]
[62924,62921,1.0,0.9658395184493097]
[62924,62918,1.0,0.9890424628076515]
[74302,68302,1.0,0.468224026251373]
[62921,62918,1.0,0.9749738015655895]
[92129,91979,1.0,0.4131073552330997]
[92129,91985,1.0,0.4117724064911562]
[92129,91982,1.0,0.4301061533221698]
[91979,44425,1.0,0.4584884751215494]
[91979,42332,1.0,0.4639784153737927]
[91979,77525,1.0,0.5032067311283003]
[91979,16430,1.0,0.4700768441610447]
[91979,91182,1.0,0.4663458091168472]
[91979,11802,1.0,0.6097960811843504]
[5711,5705,1.0,0.9783032542068444]
[5711,5708,1.0,0.9783032542068444]
[91985,91979,1.0,0.9946065170958023]
[91985,44425,1.0,0.4485693589240465]
[91985,42332,1.0,0.45957820651554315]
[91985,91982,1.0,0.9878753877667934]
[91985,7030,1.0,0.4038211533140481]
[91985,77525,1.0,0.5013006647142336]
[91985,16430,1.0,0.47425574938917203]
[91985,91182,1.0,0.4665857915358206]
[91985,11802,1.0,0.6052658477322869]
[113707,91979,1.0,0.4516022435204065]
[113707,91985,1.0,0.4197180928901375]
[113707,91982,1.0,0.4405357499925742]
[91982,91979,1.0,0.9878560879954705]
[91982,44425,1.0,0.45203990176376774]
[91982,42332,1.0,0.4791796669328449]
[91982,77525,1.0,0.5032067311283003]
[91982,16430,1.0,0.482574452039416]
[91982,91182,1.0,0.4663458091168472]
[91982,11802,1.0,0.6097960811843504]
[92668,91979,1.0,0.4712021543395518]
[92668,91985,1.0,0.4690097062413209]
[92668,91982,1.0,0.4775703396918514]
[5708,5705,1.0,0.9952227536000962]
[10595,10592,1.0,0.9742012686308292]
[71930,52292,1.0,0.7804518031092619]
[71930,52283,1.0,0.5179538743927277]
[71930,52295,1.0,0.5217137814669625]
[71930,52289,1.0,0.5179538743927277]
[71930,52286,1.0,0.41837407150269795]
[28245,28242,1.0,0.9952227536000962]
[28245,28239,1.0,0.9952227536000962]
[52292,39071,1.0,0.49742451295608325]
[52292,11052,1.0,0.5263279073534944]
[52292,52283,1.0,0.9952227536000962]
[52292,52289,1.0,0.8047559925404212]
[52292,33957,1.0,0.4753836070565405]
[52292,52286,1.0,0.9853661104774465]
[52292,47389,1.0,0.8281019835626825]
[52283,47389,1.0,0.4764713431491602]
[78362,52292,1.0,0.47731652910063826]
[80644,47389,1.0,0.40457054405372617]
[52295,52292,1.0,0.6130583972929302]
[52295,52283,1.0,0.6130583972929302]
[52295,52289,1.0,0.704552487282914]
[52289,52283,1.0,0.8047559925404212]
[52289,52286,1.0,0.637813543764331]
[52289,47389,1.0,0.4402553970124207]
[28251,28245,1.0,0.9752678815520199]
[28251,28248,1.0,0.9672307532489764]
[28251,28242,1.0,0.9752678815520199]
[28251,28239,1.0,0.9752678815520199]
[55639,52292,1.0,0.49641213505397425]
[28248,28245,1.0,0.9874066122405836]
[28248,28242,1.0,0.9874066122405836]
[28248,28239,1.0,0.9874066122405836]
[52286,52283,1.0,0.9801775420426687]
[52286,47389,1.0,0.4839024608980678]
[28242,28239,1.0,0.9952227536000962]
[81011,52292,1.0,0.40729481016959596]
[30455,30452,1.0,0.9852952983157007]
[68710,52292,1.0,0.7801452462461268]
[68710,30215,1.0,0.47504558738725233]
[68710,52283,1.0,0.5312404622762763]
[68710,52295,1.0,0.472598932075369]
[68710,52289,1.0,0.49189504011067126]
[68710,52286,1.0,0.5232014446859787]
[30458,30452,1.0,0.9901918127542898]
[30458,30455,1.0,0.9842442669947392]
[46465,46456,1.0,0.8883057716194004]
[24584,1041,1.0,0.4361997215356223]
[97516,97513,1.0,0.9756204019919881]
[97516,33530,1.0,0.6510259201171891]
[97516,12931,1.0,0.41858384817458744]
[97516,49487,1.0,0.5346092949078315]
[46050,46044,1.0,0.9925596784054155]
[82601,68837,1.0,0.4349832388270493]
[97519,97516,1.0,0.8675635065872617]
[97519,97513,1.0,0.9644122421312671]
[70989,68837,1.0,0.4267715425539333]
[70989,47730,1.0,0.46023685203050035]
[66425,66419,1.0,0.9791776495666763]
[66425,66422,1.0,0.9744871127220591]
[66422,66419,1.0,0.9906918022220798]
[128298,128295,1.0,0.9877726362494229]
[2107,2101,1.0,0.9939216729711202]
[2107,2104,1.0,0.9939216729711202]
[81689,77347,1.0,0.40427731282994916]
[128301,128298,1.0,0.8987243344671584]
[128301,128295,1.0,0.9447074298825008]
[2104,2101,1.0,0.9952227536000962]
[47167,25693,1.0,0.4913072398475086]
[82742,1003,1.0,0.499447168211356]
[82742,62749,1.0,0.6741067330469838]
[86706,25693,1.0,0.44285130515615806]
[25693,9862,1.0,0.4052526810692603]
[25693,25002,1.0,0.4806664692743158]
[25693,25460,1.0,0.49498754494100755]
[25693,25463,1.0,0.5014119191394081]
[63396,63393,1.0,0.9192408392389917]
[63399,63396,1.0,0.7774927832371535]
[63399,63393,1.0,0.9917038292066669]
[72742,25693,1.0,0.4900752822997461]
[72742,72739,1.0,0.9887477218851976]
[72742,72733,1.0,0.9937807051809457]
[107826,25693,1.0,0.5666221574579249]
[84201,25693,1.0,0.4314533562995579]
[129526,25693,1.0,0.4413704677706917]
[129526,129523,1.0,0.9916928888813668]
[40949,25693,1.0,0.552257832430044]
[72739,25693,1.0,0.48330846645605263]
[72739,72733,1.0,0.9934197647450789]
[70784,25693,1.0,0.48437759842875616]
[46158,25693,1.0,0.7232056262552556]
[72733,25693,1.0,0.4900752822997461]
[39195,25693,1.0,0.4743868515750881]
[78703,25693,1.0,0.5002730924792888]
[128052,25693,1.0,0.5323396460675187]
[56667,25693,1.0,0.5692454709520905]
[45984,25693,1.0,0.4408881031235535]
[109756,25693,1.0,0.4167649597760642]
[129523,25693,1.0,0.4413704677706917]
[70090,25693,1.0,0.5414497073090394]
[92309,25693,1.0,0.4460240029352125]
[25463,25460,1.0,0.9940396568789889]
[93915,25693,1.0,0.5504592029384829]
[108420,56689,1.0,0.47135355363942677]
[71109,56689,1.0,0.5330930117700154]
[118110,118107,1.0,0.9832512070221671]
[127909,71109,1.0,0.43418614600202526]
[109759,36032,1.0,0.4212961265731271]
[93858,2560,1.0,0.5347327122036564]
[62158,50790,1.0,0.4831225890078835]
[83923,83920,1.0,0.9895707056247579]
[105570,16771,1.0,0.40844654005071884]
[105570,62158,1.0,0.4599779491073097]
[50790,13931,1.0,0.40752045098102124]
[50790,16771,1.0,0.7777550275976824]
[72114,72108,1.0,0.9917038292066669]
[72114,72111,1.0,0.9952227536000962]
[72798,72795,1.0,0.9952227536000962]
[72804,72798,1.0,0.9952227536000962]
[72804,72801,1.0,0.9952227536000962]
[72804,72795,1.0,0.9952227536000962]
[72804,72111,1.0,0.4551976492972646]
[72801,72798,1.0,0.9934637941520884]
[72801,72795,1.0,0.9934637941520884]
[72807,72798,1.0,0.9526443887973565]
[72807,72804,1.0,0.9626931278949015]
[72807,72801,1.0,0.9626931278949015]
[72807,72795,1.0,0.9526443887973565]
[72111,72108,1.0,0.9917038292066669]
[39271,39268,1.0,0.9882845056781876]
[111751,72569,1.0,0.43529218219821386]
[39280,39268,1.0,0.9946572280446236]
[39280,39271,1.0,0.9796945872034445]
[39280,39274,1.0,0.94884905153653]
[39280,39277,1.0,0.9917794508494884]
[39274,39268,1.0,0.934755770102088]
[39274,39271,1.0,0.8842372310677598]
[39283,39268,1.0,0.993318996418406]
[39283,39271,1.0,0.9734133153907621]
[39283,39280,1.0,0.9895113846720894]
[39283,39274,1.0,0.939242925932743]
[39283,39277,1.0,0.9872492537674084]
[39277,39268,1.0,0.9927360878846491]
[39277,39271,1.0,0.9782611721932142]
[39277,39274,1.0,0.94884905153653]
[52575,37747,1.0,0.4077324921294016]
[37747,22620,1.0,0.5919752405303388]
[2579,2576,1.0,0.9938747847384765]
[62890,62887,1.0,0.9868199343827028]
[62890,62884,1.0,0.9910149508065733]
[112305,94782,1.0,0.6183717993368425]
[62887,62884,1.0,0.9927904021198166]
[62514,57313,1.0,0.46430955373785704]
[81008,81002,1.0,0.8059919173354791]
[81008,81005,1.0,0.9550805657999678]
[81008,57313,1.0,0.41507545254510897]
[81008,80999,1.0,0.9884042849081198]
[81002,57313,1.0,0.4237929008254237]
[81002,1225,1.0,0.5008705907128]
[81002,80999,1.0,0.8464672648430395]
[75969,75966,1.0,0.9651837577857794]
[75969,75963,1.0,0.9938467974931987]
[81005,81002,1.0,0.9655519607806625]
[81005,57313,1.0,0.4370438228312947]
[81005,1225,1.0,0.5052623504356344]
[81005,80999,1.0,0.9710605949847702]
[1225,1222,1.0,0.9597578100373565]
[75966,75963,1.0,0.9881914116404832]
[80999,57313,1.0,0.42935214445094044]
[80999,1225,1.0,0.4219216765968323]
[62896,62890,1.0,0.9944393446098015]
[62896,62887,1.0,0.9927904021198166]
[62896,62884,1.0,0.9952227536000962]
[62896,62893,1.0,0.9696326311679703]
[62893,62890,1.0,0.9711448334729337]
[62893,62887,1.0,0.9640936424883703]
[62893,62884,1.0,0.9747532184665616]
[94782,38194,1.0,0.4966786963047101]
[29474,29468,1.0,0.989500601672666]
[29474,29471,1.0,0.9667131310130784]
[29471,29468,1.0,0.9570315219680083]
[110406,110400,1.0,0.9693747267471576]
[110406,110403,1.0,0.8672787019246091]
[110403,110400,1.0,0.9496086847802464]
[16932,16929,1.0,0.988536350152557]
[124090,124084,1.0,0.9773225051751994]
[124090,124087,1.0,0.9269864710583201]
[124087,124084,1.0,0.9934567839627333]
[59158,40803,1.0,0.445989020136853]
[89968,40803,1.0,0.6545752284196249]
[124093,124084,1.0,0.9827930074764776]
[124093,124090,1.0,0.9275323098570255]
[124093,124087,1.0,0.9820745480455044]
[8351,8345,1.0,0.5976253945235512]
[8351,8339,1.0,0.6534880654653165]
[100827,35522,1.0,0.4080753253979814]
[100827,100824,1.0,0.9952227536000962]
[100830,100827,1.0,0.9608972582369406]
[100830,77416,1.0,0.45645908134349794]
[100830,35522,1.0,0.48955174358282866]
[100830,100824,1.0,0.9608972582369406]
[8342,8339,1.0,0.9649900528533712]
[114763,114760,1.0,0.9823406187396129]
[114763,114754,1.0,0.9903551144085241]
[85661,85655,1.0,0.4201960684325165]
[100836,100827,1.0,0.9952227536000962]
[100836,100830,1.0,0.9644442086412635]
[100836,77416,1.0,0.6260127533979821]
[100836,35522,1.0,0.617673058546352]
[100836,100833,1.0,0.9952227536000962]
[100836,100824,1.0,0.9952227536000962]
[114760,114754,1.0,0.9607649679609829]
[8345,8342,1.0,0.9285963404268194]
[8345,8339,1.0,0.9900592205763161]
[85664,85655,1.0,0.6535640391673938]
[100833,100827,1.0,0.9952227536000962]
[100833,100830,1.0,0.9512663139601641]
[100833,35522,1.0,0.4080753253979814]
[100833,100824,1.0,0.9952227536000962]
[100824,35522,1.0,0.4080753253979814]
[71808,8520,1.0,0.4057657819164578]
[71808,8517,1.0,0.40262783616736253]
[71808,44921,1.0,0.6452706283735667]
[88329,88326,1.0,0.9910525421907409]
[88329,88323,1.0,0.9910525421907409]
[46330,44921,1.0,0.5883539194296376]
[8520,8517,1.0,0.9903225318416143]
[130947,44921,1.0,0.600457283985293]
[88326,88323,1.0,0.9952227536000962]
[44921,16725,1.0,0.5549454100879209]
[80004,80001,1.0,0.9888400233310467]
[88332,88326,1.0,0.7731530475384315]
[88332,88323,1.0,0.449556651011167]
[80007,80001,1.0,0.9946065170958023]
[80007,80004,1.0,0.9832656066319689]
[73674,46330,1.0,0.5186063144251825]
[73674,44921,1.0,0.6291148234751064]
[122031,44921,1.0,0.42919407329557246]
[101931,101925,1.0,0.9672898939074758]
[101931,101928,1.0,0.9437117018023152]
[101928,101925,1.0,0.9778715273596276]
[6583,6580,1.0,0.9898590266250021]
[72748,72745,1.0,0.9905564682541387]
[60964,53670,1.0,0.4243514051732698]
[83309,72748,1.0,0.4266684193566808]
[72754,72748,1.0,0.9893525123480461]
[72754,72745,1.0,0.9860691437961651]
[72754,72751,1.0,0.9704249037007495]
[79000,78997,1.0,0.9883919032904714]
[72757,72748,1.0,0.9883919032904714]
[72757,72754,1.0,0.9907427914857453]
[72757,72745,1.0,0.9940396568789889]
[72757,72751,1.0,0.9866591633234941]
[72760,72748,1.0,0.9675532421020944]
[72760,72754,1.0,0.9683718455783555]
[72760,72757,1.0,0.9777482087966737]
[72760,72745,1.0,0.981659156018156]
[72760,72751,1.0,0.9619371011470736]
[16797,16791,1.0,0.9952227536000962]
[72751,72748,1.0,0.9734200986764882]
[72751,72745,1.0,0.9854254080659778]
[128184,128178,1.0,0.9714716241308523]
[62456,62447,1.0,0.9676088499716309]
[33411,33408,1.0,0.9877812743869288]
[111994,34383,1.0,0.4066805942791342]
[111994,111985,1.0,0.9905564682541387]
[111994,111991,1.0,0.9797121861819166]
[111994,111988,1.0,0.9905564682541387]
[112122,62456,1.0,0.44238837474081993]
[112122,62459,1.0,0.49269261316392904]
[112122,62447,1.0,0.40882298733166417]
[1506,1497,1.0,0.9905564682541387]
[1506,1500,1.0,0.9952227536000962]
[1506,1503,1.0,0.9483121864795718]
[62459,62456,1.0,0.9503175751078698]
[62459,62447,1.0,0.9914729588753374]
[111985,34383,1.0,0.4736505283505624]
[76313,62456,1.0,0.42217267166711453]
[111997,34383,1.0,0.4348151184416322]
[111997,111994,1.0,0.9321273908245297]
[111997,111985,1.0,0.9603789145054781]
[111997,111991,1.0,0.9515497616383062]
[111997,111988,1.0,0.9603789145054781]
[62462,62456,1.0,0.6935686310136213]
[62462,33408,1.0,0.4557331031091785]
[62462,62459,1.0,0.8938639586584799]
[62462,33414,1.0,0.41591889106529606]
[62462,62447,1.0,0.905160181892403]
[33414,33411,1.0,0.9780807731672811]
[33414,33408,1.0,0.9915309652417762]
[1500,1497,1.0,0.9905564682541387]
[111991,34383,1.0,0.4047743572644139]
[111991,111985,1.0,0.9891700284774299]
[111991,111988,1.0,0.9891700284774299]
[1503,1497,1.0,0.968468408432412]
[1503,1500,1.0,0.944957444050005]
[111988,34383,1.0,0.4736505283505624]
[111988,111985,1.0,0.9952227536000962]
[112000,34383,1.0,0.4580245708256876]
[112000,111994,1.0,0.985016594362796]
[112000,111985,1.0,0.9923029191175062]
[112000,111997,1.0,0.9418966417642044]
[112000,111991,1.0,0.9831114931409863]
[112000,111988,1.0,0.9923029191175062]
[56548,56545,1.0,0.6866999429687459]
[56557,56548,1.0,0.7653965958226902]
[56557,56545,1.0,0.9735370028685982]
[56557,56554,1.0,0.9829143480692196]
[56557,56551,1.0,0.9721516290195943]
[56554,56548,1.0,0.9903630953180518]
[56554,56545,1.0,0.9914756223331858]
[56554,56551,1.0,0.9804979187377982]
[56551,56548,1.0,0.5299635545911273]
[56551,56545,1.0,0.9843423965679126]
[6089,6086,1.0,0.9905496488699075]
[6092,6086,1.0,0.9724237828823552]
[6092,6089,1.0,0.97267789960196]
[16236,16233,1.0,0.9945658731879131]
[76729,23736,1.0,0.5277015347987404]
[128521,128518,1.0,0.9540283910397056]
[128521,128515,1.0,0.9695003082490565]
[128518,128515,1.0,0.9862664485557137]
[117438,117435,1.0,0.7168944781700747]
[46314,18142,1.0,0.4028473962519059]
[117441,117438,1.0,0.672527852014096]
[117441,117435,1.0,0.9867208296129067]
[23516,23513,1.0,0.9169469583589456]
[116667,116664,1.0,0.9949785116292866]
[9022,9019,1.0,0.9933607062578763]
[34645,34642,1.0,0.9907453314477414]
[125499,125490,1.0,0.721551135952771]
[125499,125493,1.0,0.6351429539630831]
[125499,125496,1.0,0.5662189812074832]
[125493,125490,1.0,0.980042888299206]
[125496,125490,1.0,0.9847010942865275]
[125496,125493,1.0,0.9697516058119198]
[81064,11012,1.0,0.4143327448979535]
[35614,35611,1.0,0.993082199924913]
[11012,11009,1.0,0.9791646651298895]
[28704,28701,1.0,0.9885710530065783]
[28704,28698,1.0,0.9867221632291971]
[60126,60120,1.0,0.9877726362494229]
[15212,7620,1.0,0.5168167776554725]
[28701,28698,1.0,0.9845976719029119]
[128277,18054,1.0,0.40074475201496934]
[60129,60126,1.0,0.9156477378581879]
[60129,60120,1.0,0.955289665276279]
[92598,92595,1.0,0.9903664431975756]
[128199,82967,1.0,0.41325383864467796]
[128199,8058,1.0,0.899263774940275]
[42274,42268,1.0,0.9914748409766115]
[41718,7620,1.0,0.4378916593797133]
[17374,7620,1.0,0.5776712470972507]
[92601,92595,1.0,0.9952227536000962]
[92601,92598,1.0,0.9872044175506498]
[129931,129928,1.0,0.928768492851162]
[129934,129928,1.0,0.9261132168094597]
[129934,129931,1.0,0.8238825144652109]
[69343,27291,1.0,0.5795545379440245]
[87003,87000,1.0,0.9946939993737459]
[87006,87000,1.0,0.40724749169863145]
[87006,87003,1.0,0.50237991803297]
[67817,67814,1.0,0.9575322097356108]
[67817,67811,1.0,0.9952227536000962]
[67826,67817,1.0,0.9726112021388821]
[67826,67814,1.0,0.964304690059958]
[67826,67811,1.0,0.9701483053678553]
[67826,67820,1.0,0.8841762561236569]
[67814,67811,1.0,0.9575322097356108]
[67820,67817,1.0,0.9662598407417476]
[67820,67814,1.0,0.8535327624824035]
[67820,67811,1.0,0.9607031472098347]
[90523,11804,1.0,0.4171683253072069]
[91686,91683,1.0,0.9937353308824888]
[86473,86470,1.0,0.9869140110078182]
[70321,4122,1.0,0.5533604261540452]
[76467,20197,1.0,0.5945033847497705]
[86476,86470,1.0,0.9911793539027487]
[86476,86473,1.0,0.9771589584354278]
[108891,108888,1.0,0.9923958418221456]
[129781,129778,1.0,0.9186449954104364]
[53342,36240,1.0,0.4740624861011023]
[118251,118248,1.0,0.9938518221698669]
[127776,106635,1.0,0.5614020936875581]
[127776,33275,1.0,0.5241156657192334]
[127776,58867,1.0,0.42438513880642603]
[52330,15841,1.0,0.4421671836667049]
[33275,15841,1.0,0.4670593882734276]
[54532,54529,1.0,0.8764025364728577]
[54532,22545,1.0,0.5633007136655762]
[54532,54526,1.0,0.9654580652637107]
[71714,54532,1.0,0.473845398257725]
[71714,22539,1.0,0.40024879552099046]
[71714,54529,1.0,0.4712271193913517]
[71714,22545,1.0,0.8135931671700413]
[71714,54526,1.0,0.5506467211115638]
[35635,35626,1.0,0.6869023428542288]
[35635,35632,1.0,0.6351472299897333]
[35635,35629,1.0,0.9950492062368131]
[35635,35623,1.0,0.9900592205763161]
[35626,35623,1.0,0.6402280248408546]
[35632,35626,1.0,0.47700039938388195]
[35632,35629,1.0,0.9633131491813657]
[35632,35623,1.0,0.6592605294723642]
[54529,22545,1.0,0.5011822343205841]
[54529,54526,1.0,0.96971933712263]
[105694,100899,1.0,0.47662916669596217]
[22545,22539,1.0,0.9912115915503585]
[22545,12508,1.0,0.5068145940328267]
[22545,22542,1.0,0.9311537267554505]
[100899,22545,1.0,0.6507814404178509]
[77751,77748,1.0,0.9813245368472885]
[54526,22545,1.0,0.5011822343205841]
[22542,22539,1.0,0.9574688686820874]
[41123,41120,1.0,0.9708616294800727]
[35629,35626,1.0,0.9739466640367455]
[35629,22545,1.0,0.7618061622685078]
[35629,35623,1.0,0.9950492062368131]
[42229,42226,1.0,0.9390387172529948]
[81096,75807,1.0,0.485572368200482]
[81096,22545,1.0,0.7580919782708574]
[35623,22545,1.0,0.4887193591658424]
[43337,43334,1.0,0.9478183455122073]
[43337,26750,1.0,0.42124716765498305]
[117177,117174,1.0,0.9753780137065351]
[5323,5320,1.0,0.9867840264682941]
[5323,5317,1.0,0.9900945842734352]
[5323,5314,1.0,0.9900945842734352]
[113289,69906,1.0,0.49569992609568025]
[26750,26744,1.0,0.9830615457577477]
[43346,43337,1.0,0.9121640833690441]
[43346,43334,1.0,0.9702484980098373]
[43346,43343,1.0,0.9533046779190033]
[107656,107653,1.0,0.9759995690455994]
[89424,89418,1.0,0.9884976622176969]
[5320,5317,1.0,0.9952227536000962]
[5320,5314,1.0,0.9832932900980849]
[126162,126153,1.0,0.9842365892721153]
[126162,126159,1.0,0.9843554646908775]
[126165,126162,1.0,0.9842365892721153]
[126165,126153,1.0,0.9952227536000962]
[126165,126159,1.0,0.9843554646908775]
[5317,5314,1.0,0.9952227536000962]
[69906,52302,1.0,0.5493075819570374]
[126159,126153,1.0,0.967507760171528]
[43343,43337,1.0,0.8867258539207743]
[43343,43334,1.0,0.9913190347612589]
