[74403,15551,1.0,0.4445617492483541]
[114409,114406,1.0,0.5955577556079422]
[43401,10889,1.0,0.6035126053541517]
[36340,10889,1.0,0.41087435430287855]
[132750,34716,1.0,0.4486521071908943]
[132750,132744,1.0,0.9514228061018882]
[132750,132741,1.0,0.9851884377897829]
[132750,132747,1.0,0.8688832506210198]
[54644,54638,1.0,0.9904399280053461]
[54644,54641,1.0,0.9033320740587056]
[50031,50028,1.0,0.9743685108606784]
[132744,34716,1.0,0.4486521071908943]
[132744,132741,1.0,0.9828946572860252]
[118491,118488,1.0,0.726567344209353]
[132741,34716,1.0,0.4486521071908943]
[60818,60812,1.0,0.9865100555301104]
[60818,60815,1.0,0.9678481989425751]
[93309,93306,1.0,0.9812157837624161]
[132747,132744,1.0,0.6536201221492788]
[132747,45280,1.0,0.48092449135019905]
[132747,132741,1.0,0.8024567326794995]
[54641,54638,1.0,0.964410184509892]
[2180,2174,1.0,0.6741572354027]
[2180,2177,1.0,0.5836348369099822]
[2183,2174,1.0,0.9833573398796859]
[2183,2180,1.0,0.4709218723972843]
[2183,2177,1.0,0.8964026199348895]
[2177,2174,1.0,0.9623800490108595]
[60815,60812,1.0,0.9878365113703551]
[93312,93306,1.0,0.9799552150363268]
[93312,93309,1.0,0.960999179918777]
[93315,93306,1.0,0.9952227536000962]
[93315,93309,1.0,0.9904002101261384]
[93315,93312,1.0,0.9799552150363268]
[89551,89548,1.0,0.9893341255041697]
[46379,46376,1.0,0.9877726362494229]
[89557,89551,1.0,0.9376766210689297]
[89557,89548,1.0,0.9869928392159145]
[89557,89554,1.0,0.9753180996559094]
[89554,89551,1.0,0.9553666748486156]
[89554,89548,1.0,0.9905564682541387]
[46382,46379,1.0,0.977544860071434]
[46382,46376,1.0,0.9909196098134082]
[92185,92176,1.0,0.778088979891335]
[92185,92179,1.0,0.6953581075564714]
[92185,92182,1.0,0.7022725750938911]
[92179,92176,1.0,0.9854482705971164]
[92182,92176,1.0,0.987384754734025]
[92182,92179,1.0,0.9657961022997146]
[46385,46379,1.0,0.8017796453544899]
[46385,46382,1.0,0.932106211728311]
[46385,46376,1.0,0.8826367054879352]
[120867,63772,1.0,0.5007590984395971]
[120867,73820,1.0,0.401138035476296]
[120867,10603,1.0,0.6407211642625513]
[120867,12620,1.0,0.4881932239936194]
[120867,9296,1.0,0.48152136744347296]
[120867,95161,1.0,0.46180422307691843]
[120867,78501,1.0,0.4291747550164791]
[108522,29476,1.0,0.42407721156548206]
[108522,63772,1.0,0.4714139033716242]
[108522,73820,1.0,0.5254249387349997]
[108522,68416,1.0,0.48539401949218974]
[108522,10603,1.0,0.693429561818758]
[108522,12620,1.0,0.4152357801425492]
[108522,76568,1.0,0.40375864605506523]
[108522,29470,1.0,0.42407721156548206]
[108522,29473,1.0,0.42407721156548206]
[108522,89206,1.0,0.4797436809892556]
[29476,29470,1.0,0.9952227536000962]
[29476,29473,1.0,0.973102487805885]
[73820,68416,1.0,0.5088444910520913]
[73820,10603,1.0,0.7535908447799815]
[68416,29476,1.0,0.4341835815826063]
[68416,10603,1.0,0.7321072362791662]
[68416,29470,1.0,0.4341835815826063]
[68416,29473,1.0,0.41082629750163013]
[68416,60864,1.0,0.5566085446297462]
[76568,68416,1.0,0.44785077795020173]
[29473,29470,1.0,0.9914330199197744]
[120870,120867,1.0,0.9950198389614197]
[120870,63772,1.0,0.4562396096149008]
[120870,73820,1.0,0.4529570642031798]
[120870,10603,1.0,0.6407211642625513]
[120870,12620,1.0,0.5015616550290012]
[120870,9296,1.0,0.43002553232926805]
[120870,95161,1.0,0.4209203930824943]
[120870,87088,1.0,0.409032166607163]
[120870,78501,1.0,0.40298216588065255]
[120870,3184,1.0,0.40300589017416777]
[115323,115320,1.0,0.96634885836463]
[87088,73820,1.0,0.49883190242178843]
[121531,120867,1.0,0.5177021591168737]
[121531,68140,1.0,0.4794952305318234]
[121531,63772,1.0,0.48177043779337675]
[121531,68416,1.0,0.4553600503485519]
[121531,10603,1.0,0.6864129860846282]
[121531,120870,1.0,0.5138340673721807]
[121531,9296,1.0,0.4392420314438827]
[121531,95161,1.0,0.46784858921311767]
[121531,89206,1.0,0.44021028946796303]
[121531,3184,1.0,0.4833264040026804]
[78501,68416,1.0,0.5609333187910087]
[89206,73820,1.0,0.4157174927578272]
[97638,52828,1.0,0.4426225999833506]
[97638,56456,1.0,0.45444058931958037]
[97638,28783,1.0,0.4740863185041454]
[61950,35981,1.0,0.6492073045786908]
[69188,52828,1.0,0.5367254236153386]
[69188,56456,1.0,0.7437028460711589]
[69188,35235,1.0,0.4143451115500741]
[69188,28783,1.0,0.4184252524273456]
[69188,7488,1.0,0.4225254722078693]
[69188,64701,1.0,0.4537095315682394]
[94432,69188,1.0,0.43075560351201403]
[94432,52828,1.0,0.4421668593284149]
[94432,56456,1.0,0.5663816461568334]
[85453,35981,1.0,0.5101063614778375]
[85453,85450,1.0,0.9727312660234344]
[88958,35981,1.0,0.5023920089338763]
[83458,28783,1.0,0.6447959248698708]
[93556,35981,1.0,0.45116117195565286]
[52828,26335,1.0,0.48497776352474853]
[52828,35235,1.0,0.4971951971239605]
[52828,28783,1.0,0.46995147220082684]
[52828,35241,1.0,0.47045263906332824]
[52828,7488,1.0,0.45387851261571605]
[35981,10061,1.0,0.5368151105008242]
[35981,5064,1.0,0.4311783876280115]
[35981,8399,1.0,0.464596785850484]
[35981,4920,1.0,0.48682522289970875]
[35981,28854,1.0,0.49310953644148253]
[35981,33011,1.0,0.4709974472096902]
[35981,15613,1.0,0.48116627731338735]
[78617,69188,1.0,0.53495614043394]
[78617,52828,1.0,0.4492031684739745]
[95725,35981,1.0,0.6043348261826588]
[131440,35981,1.0,0.4971526642430069]
[56456,26335,1.0,0.45471095394863836]
[56456,52828,1.0,0.81112176392064]
[56456,35235,1.0,0.4821943551896256]
[56456,28783,1.0,0.7875079867239271]
[56456,7488,1.0,0.41143779446663703]
[98914,97638,1.0,0.48002044858228937]
[98914,83458,1.0,0.47318613333310716]
[98914,52828,1.0,0.4516658599788568]
[98914,78617,1.0,0.40602444319067926]
[98914,56456,1.0,0.7198171604904342]
[98914,35235,1.0,0.4387320930744332]
[98914,97110,1.0,0.40655812775088673]
[98914,28783,1.0,0.4417081410477622]
[98914,35241,1.0,0.5264539449660011]
[98914,7488,1.0,0.468773456808212]
[98914,36871,1.0,0.41839804617396614]
[98914,85244,1.0,0.46182401601108397]
[111888,35981,1.0,0.5179180228777054]
[35235,28783,1.0,0.47115905779147815]
[124135,35981,1.0,0.7018100077295254]
[97110,69188,1.0,0.4675702450685836]
[97110,56456,1.0,0.4958914494763872]
[85450,35981,1.0,0.5101063614778375]
[117886,52828,1.0,0.43315297591131524]
[117886,56456,1.0,0.4723717252267226]
[117886,28783,1.0,0.40196833216128475]
[66925,35981,1.0,0.46480657913793055]
[53349,35981,1.0,0.5429204604253876]
[83830,35981,1.0,0.4248639375691744]
[104026,35981,1.0,0.4365425509944236]
[86045,35981,1.0,0.4263323819995313]
[99781,69188,1.0,0.4081895117075214]
[99781,52828,1.0,0.5338959055673292]
[99781,56456,1.0,0.4490796168715525]
[99781,28783,1.0,0.4773372387391717]
[35241,35235,1.0,0.9743793149065786]
[35241,28783,1.0,0.5510154744086494]
[131446,35981,1.0,0.4874516508809423]
[131446,131440,1.0,0.43163315532115565]
[131446,131443,1.0,0.5258982870375852]
[131443,35981,1.0,0.4971526642430069]
[131443,131440,1.0,0.9815776544704197]
[35984,35981,1.0,0.9877726362494229]
[64701,28783,1.0,0.41526838965778834]
[36871,28783,1.0,0.495635477941596]
[85244,28783,1.0,0.4050705975382637]
[70075,70072,1.0,0.41357645526088027]
[70075,70069,1.0,0.9108130357896362]
[70072,70069,1.0,0.6460743353082072]
[3931,3925,1.0,0.9786759717466059]
[79638,6801,1.0,0.4459023756998292]
[80709,80706,1.0,0.9750480479454442]
[95127,6801,1.0,0.5123516814362972]
[40449,6801,1.0,0.44579971756142855]
[6798,6786,1.0,0.985441280690872]
[6798,6792,1.0,0.9787358787566096]
[6798,6789,1.0,0.9608894671545213]
[104784,6801,1.0,0.4116922579332904]
[75254,40449,1.0,0.43802546333830183]
[75254,6786,1.0,0.4548702184543643]
[75254,6792,1.0,0.4296586526852372]
[75254,6801,1.0,0.7893582700768328]
[80712,80709,1.0,0.9768697429414284]
[80712,80706,1.0,0.9935292479653834]
[6792,6786,1.0,0.992741519159376]
[6792,6789,1.0,0.9784032821232332]
[6789,6786,1.0,0.9848320522821699]
[6801,6798,1.0,0.9030327745784521]
[6801,6786,1.0,0.9729529599445066]
[6801,6792,1.0,0.9729529599445066]
[6801,6789,1.0,0.9357453087250301]
[59520,59514,1.0,0.9891700284774299]
[59520,59517,1.0,0.9864060484859793]
[74915,74912,1.0,0.9877480689440908]
[59517,59514,1.0,0.993833290446873]
[69125,69122,1.0,0.9952227536000962]
[69131,69122,1.0,0.9705996916817761]
[69131,69125,1.0,0.9705996916817761]
[69131,69128,1.0,0.6880911178663037]
[69128,69122,1.0,0.9314928415735612]
[69128,69125,1.0,0.9314928415735612]
[116826,116823,1.0,0.8853692928075438]
[74918,74915,1.0,0.9865613989423522]
[74918,74912,1.0,0.9947030106268565]
[81549,81546,1.0,0.9915556278784587]
[62696,62693,1.0,0.988392098297566]
[111709,111700,1.0,0.9952227536000962]
[111709,111703,1.0,0.7684777795699512]
[111709,111706,1.0,0.9870908638023206]
[111709,20889,1.0,0.5822843820241487]
[111700,20889,1.0,0.5594650065061577]
[81546,44398,1.0,0.40886324246936145]
[62702,62693,1.0,0.9633717447804381]
[62702,62696,1.0,0.924468826337315]
[62702,62699,1.0,0.8924126686360028]
[111703,111700,1.0,0.8531004494767352]
[111703,20889,1.0,0.4129418416311895]
[111706,111700,1.0,0.9916975038550923]
[111706,111703,1.0,0.8440287796074037]
[111706,20889,1.0,0.5594650065061577]
[62699,62693,1.0,0.9543550136323383]
[62699,62696,1.0,0.9369375772374063]
[95094,95091,1.0,0.9939411020904961]
[115179,115170,1.0,0.990766569063769]
[115179,115176,1.0,0.9877668868550983]
[115179,73927,1.0,0.4393171093906333]
[115179,115173,1.0,0.9514059989067885]
[74362,22115,1.0,0.45006150916775745]
[64318,15326,1.0,0.4685336233259347]
[67904,22115,1.0,0.4551075301210864]
[74561,22115,1.0,0.41177498540311414]
[49371,22115,1.0,0.4782236295848335]
[49374,49371,1.0,0.9904962975926496]
[49374,22115,1.0,0.4559552964799862]
[112231,22115,1.0,0.46777684089288785]
[22118,22112,1.0,0.9798952000223002]
[22118,22115,1.0,0.9940413026065368]
[126844,22115,1.0,0.47137239756271776]
[68803,22115,1.0,0.4383904126033145]
[15326,5358,1.0,0.4190396914198314]
[14227,5358,1.0,0.4779493674823217]
[72397,22115,1.0,0.48406993334619236]
[120616,22115,1.0,0.4076030569121389]
[34733,22115,1.0,0.49119906989210704]
[120921,22115,1.0,0.4748656928114549]
[82456,22115,1.0,0.7953062543027857]
[73878,22115,1.0,0.46455813422445746]
[49377,49371,1.0,0.9742715031337127]
[49377,49374,1.0,0.8833194258874454]
[49377,22115,1.0,0.45422256721357973]
[22115,19721,1.0,0.5449815901948619]
[22115,22112,1.0,0.9909424776519933]
[22115,15326,1.0,0.5226260459450832]
[91871,22115,1.0,0.5766801017930687]
[115176,115170,1.0,0.9935126676877665]
[115176,115173,1.0,0.9664825282979697]
[73927,28022,1.0,0.44867055718777127]
[56217,22115,1.0,0.5665005238809262]
[59097,22115,1.0,0.5324627626217876]
[96420,22112,1.0,0.4035680421961093]
[96420,22115,1.0,0.7538691007167773]
[62952,62949,1.0,0.4734145943575695]
[115173,115170,1.0,0.9841327673860752]
[16497,16491,1.0,0.9802849428954088]
[68339,68336,1.0,0.9753858436687987]
[68339,68330,1.0,0.9901961326924754]
[117631,22329,1.0,0.5538709625371186]
[119599,68336,1.0,0.5140108691384663]
[119599,22329,1.0,0.5539822929257042]
[47047,47044,1.0,0.9952227536000962]
[68336,30719,1.0,0.4813000936539036]
[68336,68330,1.0,0.9863977285938454]
[30719,22329,1.0,0.4804495783067933]
[131490,131484,1.0,0.9773033782085249]
[131490,131487,1.0,0.8688915890729184]
[131487,131484,1.0,0.9625708583095596]
[20079,20076,1.0,0.9877726362494229]
[44655,20079,1.0,0.4956580263407603]
[44655,20076,1.0,0.4956580263407603]
[44655,20085,1.0,0.7094230686119514]
[44655,20082,1.0,0.494006913077111]
[20085,20079,1.0,0.9640523219521232]
[20085,20076,1.0,0.982971457431903]
[20085,4874,1.0,0.4114521058476744]
[20085,20082,1.0,0.8727626603888238]
[20082,20079,1.0,0.9647987900894749]
[20082,20076,1.0,0.9837677436752714]
[40903,40900,1.0,0.9870908638023206]
[8751,7970,1.0,0.4343930674155203]
[104500,36973,1.0,0.40179977528739286]
[110968,36973,1.0,0.4239540376584968]
[79075,8751,1.0,0.49084507160492696]
[79075,24898,1.0,0.4056440261947214]
[79075,3420,1.0,0.4377202909072662]
[79075,36973,1.0,0.5584053930263427]
[92306,92300,1.0,0.9690308366708867]
[92306,79075,1.0,0.4682078300914321]
[92306,92303,1.0,0.9340650432480606]
[92303,92300,1.0,0.9740502040601848]
[92303,79075,1.0,0.45678953384674426]
[92303,80514,1.0,0.4423820447798023]
[45694,45691,1.0,0.9844332928658237]
[90759,90756,1.0,0.9529627546520014]
[90759,90753,1.0,0.9929318100825512]
[60383,60380,1.0,0.990859049160389]
[58589,58586,1.0,0.984388125068768]
[71682,71679,1.0,0.9829730339648122]
[26279,18949,1.0,0.4408288024098913]
[26279,26276,1.0,0.8711463819596793]
[26279,26273,1.0,0.873018978204567]
[60389,60383,1.0,0.9853837251537397]
[60389,60386,1.0,0.9832788072380788]
[60389,60380,1.0,0.9883437005374189]
[16405,16402,1.0,0.9467939330831223]
[16405,16399,1.0,0.9745258770880585]
[16402,16399,1.0,0.9891164748499857]
[109021,71682,1.0,0.44052599512189317]
[109021,71685,1.0,0.45798460294334165]
[109021,71679,1.0,0.4482467477546818]
[90756,90753,1.0,0.9658375918998647]
[6521,6515,1.0,0.9925540237939185]
[6521,6518,1.0,0.9887416007131326]
[26276,26273,1.0,0.9877726362494229]
[119214,52188,1.0,0.5724996533474926]
[71685,71682,1.0,0.9637645260506569]
[71685,71679,1.0,0.9831002236992845]
[6518,6515,1.0,0.9920733700343729]
[60386,60383,1.0,0.9863528946837445]
[60386,60380,1.0,0.9925282939886803]
[34366,34363,1.0,0.9722557468762486]
[58592,58586,1.0,0.9608369014445782]
[58592,58589,1.0,0.9006347019885483]
[90762,90759,1.0,0.9868451309766241]
[90762,90756,1.0,0.9658375918998647]
[90762,90753,1.0,0.9952227536000962]
[16408,16405,1.0,0.9403013343556521]
[16408,16402,1.0,0.9720753401402495]
[16408,16399,1.0,0.986968007863832]
[34369,34366,1.0,0.9828484768413636]
[34369,34363,1.0,0.9905564682541387]
[104250,104247,1.0,0.9826650121765568]
[94159,52188,1.0,0.546508548133721]
[26282,26279,1.0,0.6023732597764266]
[26282,26276,1.0,0.9594414982545657]
[26282,26273,1.0,0.9815656300506923]
[84342,84339,1.0,0.9905564682541387]
[104697,104691,1.0,0.6551360467799329]
[104697,104694,1.0,0.4375506944138935]
[84345,84342,1.0,0.9905564682541387]
[84345,84339,1.0,0.9794023499222901]
[104691,58221,1.0,0.453153657236931]
[104694,104691,1.0,0.9371927360591923]
[104694,58221,1.0,0.5411104146717836]
[76478,76475,1.0,0.9923884262093288]
[10917,10914,1.0,0.8799227605995735]
[104133,71680,1.0,0.45079996562780844]
[76481,76475,1.0,0.9934197647450789]
[76481,76478,1.0,0.9895708221337046]
[32427,26939,1.0,0.6568063236341194]
[115285,32427,1.0,0.5336233294057224]
[115285,73412,1.0,0.4169108077220036]
[115285,86620,1.0,0.45125990907391694]
[64017,64008,1.0,0.9941445716854967]
[64017,64014,1.0,0.9952227536000962]
[64017,64011,1.0,0.9925095446963347]
[78686,78680,1.0,0.9905564682541387]
[88248,88245,1.0,0.9879864505635564]
[111864,32427,1.0,0.6287151107505844]
[64014,64008,1.0,0.9952227536000962]
[64014,32427,1.0,0.6949120738870814]
[64014,64011,1.0,0.9952227536000962]
[64014,58681,1.0,0.605546801292445]
[39975,32427,1.0,0.5120025122938385]
[64011,64008,1.0,0.9938745906529297]
[1280,1274,1.0,0.9857524210730073]
[1280,1277,1.0,0.9766156137059449]
[1277,1274,1.0,0.9915816863169404]
[67113,23376,1.0,0.4428052336594597]
[73990,73984,1.0,0.9385548547694536]
[73990,73981,1.0,0.9863917967048387]
[73984,73981,1.0,0.9747914795420021]
[77112,12737,1.0,0.4402163145470744]
[77112,3585,1.0,0.5855207510736676]
[57804,57801,1.0,0.9927904021198166]
[57807,57804,1.0,0.9680895320954281]
[57807,57801,1.0,0.9789373899487813]
[94935,94929,1.0,0.9916975038550923]
[94935,94932,1.0,0.974900799737939]
[6502,6499,1.0,0.9900850340350941]
[32716,32710,1.0,0.47551202144826904]
[94932,94929,1.0,0.9823322070676298]
[32713,32710,1.0,0.9901918127542898]
[33817,33814,1.0,0.9854482705971164]
[68595,68592,1.0,0.6005604956689791]
[68243,68240,1.0,0.9340849114427956]
[68243,68237,1.0,0.8326636821187168]
[68243,68234,1.0,0.9873579089035022]
[62644,62641,1.0,0.993833290446873]
[68240,68237,1.0,0.6210889635174158]
[68240,68234,1.0,0.9585219942697818]
[91690,91684,1.0,0.9674923821108364]
[45100,45097,1.0,0.993172515220938]
[62647,62641,1.0,0.9922289314311296]
[62647,62644,1.0,0.9900030608169224]
[68237,68234,1.0,0.885620541816962]
[45103,45100,1.0,0.9382779744969969]
[45103,45097,1.0,0.9625678533371497]
[62650,62641,1.0,0.9871975936995795]
[62650,62644,1.0,0.9841521068670644]
[62650,62647,1.0,0.9831830621165528]
[33823,33817,1.0,0.9854482705971164]
[33823,33814,1.0,0.9952227536000962]
[80268,80265,1.0,0.8456710365285277]
[75028,75022,1.0,0.42670113988893477]
[75028,75025,1.0,0.6787772944405518]
[75025,75022,1.0,0.9952227536000962]
[112752,85693,1.0,0.49000171849635954]
[20876,20870,1.0,0.9938289672647332]
[20876,20873,1.0,0.9932572302387178]
[63067,63064,1.0,0.9868389911085965]
[20873,20870,1.0,0.9940039305491174]
[57702,57696,1.0,0.9934791965469606]
[131667,9373,1.0,0.43253770049862605]
[11729,11726,1.0,0.9952227536000962]
[132024,132021,1.0,0.9946149626479851]
[48958,48952,1.0,0.9473667048972949]
[48964,48952,1.0,0.9945194946989725]
[48964,48958,1.0,0.947146957999674]
[73702,73699,1.0,0.9754834930132598]
[73705,73702,1.0,0.9754834930132598]
[73705,73699,1.0,0.9952227536000962]
[101344,101341,1.0,0.98123764822716]
[109273,109270,1.0,0.9779630652879888]
[126466,115890,1.0,0.5922165873784833]
[102304,102298,1.0,0.9938647243311929]
[76817,69454,1.0,0.4064687348285548]
[84428,11450,1.0,0.482244940795824]
[84428,76817,1.0,0.4976478755925643]
[84428,69454,1.0,0.8790638726062787]
[84428,84422,1.0,0.9952227536000962]
[20340,20337,1.0,0.9139592927897026]
[129204,115890,1.0,0.70517769552308]
[62294,60060,1.0,0.4385657998776708]
[75012,75009,1.0,0.9831906240197907]
[75015,75012,1.0,0.9930676807585843]
[75015,75009,1.0,0.9952227536000962]
[118710,115890,1.0,0.6891899103159268]
[59387,59381,1.0,0.9942129708818666]
[59387,59384,1.0,0.9084572528882616]
[129210,129204,1.0,0.9654900336198496]
[129210,115890,1.0,0.5387304270446662]
[59384,59381,1.0,0.8915514398271467]
[109276,109273,1.0,0.9274565713575026]
[109276,109270,1.0,0.9779437216793617]
[101350,101344,1.0,0.9724299335768071]
[101350,101341,1.0,0.9779257974249954]
[84431,84428,1.0,0.9900346754524461]
[84431,84422,1.0,0.9900346754524461]
[129213,129204,1.0,0.9790947278758066]
[129213,129210,1.0,0.9186201486116469]
[129213,115890,1.0,0.6485489807899479]
[101353,101344,1.0,0.6357169931306332]
[101353,101341,1.0,0.43575371717933586]
[70788,70785,1.0,0.9917228965579462]
[70788,33959,1.0,0.4443815096378174]
[69454,59381,1.0,0.4238111847580488]
[69454,59387,1.0,0.40263569130886456]
[69454,59384,1.0,0.40900945248851583]
[69454,60060,1.0,0.4599772284051858]
[126256,75015,1.0,0.4130694282847977]
[126256,115890,1.0,0.4903933207920695]
[89417,59381,1.0,0.40102000383691105]
[20343,20337,1.0,0.9945081630075626]
[20343,20340,1.0,0.928566431955518]
[84422,11450,1.0,0.482244940795824]
[84422,76817,1.0,0.4976478755925643]
[84422,69454,1.0,0.8790638726062787]
[115890,101344,1.0,0.6633342882378215]
[115890,109273,1.0,0.43659767402616806]
[115890,101341,1.0,0.6633342882378215]
[115890,59381,1.0,0.5198305049145906]
[115890,31050,1.0,0.5161323059553299]
[115890,20337,1.0,0.48708800088465715]
[115890,11450,1.0,0.6189470825782545]
[115890,111012,1.0,0.49387786265642986]
[115890,102304,1.0,0.5785583672313012]
[115890,84428,1.0,0.4569882258528905]
[115890,73305,1.0,0.5940752119474663]
[115890,61008,1.0,0.5031735419325531]
[115890,51386,1.0,0.49496960352505565]
[115890,20340,1.0,0.46465353128082126]
[115890,22744,1.0,0.5045580062477669]
[115890,84602,1.0,0.5243745757785756]
[115890,97623,1.0,0.42394113525456684]
[115890,56929,1.0,0.5567436207314322]
[115890,31242,1.0,0.5994573684517822]
[115890,61407,1.0,0.6712686715616634]
[115890,62294,1.0,0.46680408206958424]
[115890,75012,1.0,0.49891742779665443]
[115890,104659,1.0,0.5970709019880479]
[115890,87915,1.0,0.5571967346037641]
[115890,85472,1.0,0.7364981214163765]
[115890,75015,1.0,0.6724276985096772]
[115890,59387,1.0,0.5198305049145906]
[115890,75009,1.0,0.556882869357698]
[115890,72338,1.0,0.6434221023255352]
[115890,109276,1.0,0.44171418046969385]
[115890,4601,1.0,0.5918918523915079]
[115890,101350,1.0,0.6710406447062952]
[115890,112600,1.0,0.5285176421602249]
[115890,84431,1.0,0.455500473588353]
[115890,27192,1.0,0.4447192778133355]
[115890,86167,1.0,0.522092560402414]
[115890,102298,1.0,0.5543341997153738]
[115890,102748,1.0,0.5764758957529732]
[115890,70785,1.0,0.5664262106388388]
[115890,7596,1.0,0.5041987804243022]
[115890,101353,1.0,0.6722702110651466]
[115890,98455,1.0,0.7441120238534841]
[115890,70788,1.0,0.5009360931636343]
[115890,90614,1.0,0.5779435638844128]
[115890,109587,1.0,0.4383497703358373]
[115890,69454,1.0,0.46377655059673784]
[115890,89417,1.0,0.4437999705473852]
[115890,23894,1.0,0.4480702591284363]
[115890,62355,1.0,0.43283554185224854]
[115890,10216,1.0,0.4712467613040501]
[115890,114514,1.0,0.5146723751802915]
[115890,20343,1.0,0.4397111993752767]
[115890,65272,1.0,0.5625842351159592]
[115890,109270,1.0,0.44171418046969385]
[115890,84422,1.0,0.4569882258528905]
[115890,60060,1.0,0.7690391418646868]
[115890,54874,1.0,0.5660000607924962]
[115890,33959,1.0,0.6309661375223468]
[122232,78965,1.0,0.47202044391854747]
[50279,30357,1.0,0.5151571881819398]
[50279,50273,1.0,0.9775592836953149]
[50279,50276,1.0,0.9775592836953149]
[13917,13914,1.0,0.9946939993737459]
[80122,30357,1.0,0.4950939298724289]
[98461,30357,1.0,0.41357290663543056]
[30357,17290,1.0,0.50430450583415]
[30357,17296,1.0,0.5039281849915139]
[82782,82776,1.0,0.9500691477671318]
[82782,82779,1.0,0.9317198034100531]
[82782,82770,1.0,0.9591292701647975]
[82782,82773,1.0,0.9191135030978229]
[57390,57387,1.0,0.9804344994638113]
[117661,30357,1.0,0.5164157320531509]
[50282,50279,1.0,0.9798789090751965]
[50282,50273,1.0,0.9832315854586617]
[50282,50276,1.0,0.9832315854586617]
[28912,28909,1.0,0.9722043583166121]
[28915,28909,1.0,0.9802704610270954]
[28915,28912,1.0,0.9783032542068444]
[82776,82770,1.0,0.9891351321468036]
[82776,82773,1.0,0.9597137903871039]
[98382,50279,1.0,0.5318677257187379]
[31419,31416,1.0,0.9909357581587459]
[13920,13917,1.0,0.985150232667229]
[13920,13914,1.0,0.9864615863527585]
[17296,17290,1.0,0.8385079483997767]
[50276,50273,1.0,0.9952227536000962]
[82779,82776,1.0,0.9601150567821942]
[82779,82770,1.0,0.9800277153485834]
[82779,82773,1.0,0.9333428878361271]
[82773,82770,1.0,0.9881678401902423]
[67659,67653,1.0,0.9952227536000962]
[67659,67656,1.0,0.9543943832528713]
[81497,81494,1.0,0.9719383008185405]
[81497,81491,1.0,0.9930409068020026]
[100179,38812,1.0,0.461213865382345]
[57096,57093,1.0,0.9930409068020026]
[119962,119959,1.0,0.9949181171750051]
[31547,31544,1.0,0.9894450770178482]
[125364,125361,1.0,0.9745623903260603]
[125340,29149,1.0,0.4268144344058248]
[29149,28897,1.0,0.46250253918156814]
[29149,17543,1.0,0.48744998258189676]
[70978,57460,1.0,0.40516920392522704]
[70978,19704,1.0,0.4218708017997193]
[79486,79483,1.0,0.9952227536000962]
[119965,119959,1.0,0.9838888611083295]
[119965,119962,1.0,0.9831595052509381]
[81494,81491,1.0,0.9734643186460321]
[31556,31544,1.0,0.9949181171750051]
[31556,31547,1.0,0.98254919071621]
[31556,31553,1.0,0.9942160098139005]
[31556,31550,1.0,0.9651831601880583]
[31553,31544,1.0,0.9945537781878135]
[31553,31547,1.0,0.9812910768953476]
[31553,31550,1.0,0.9663890575001463]
[67656,67653,1.0,0.94071015246375]
[50686,50683,1.0,0.9586388532250397]
[31550,31544,1.0,0.9890812960965243]
[31550,31547,1.0,0.9795709840034846]
[50689,50683,1.0,0.9646583443212882]
[50689,50686,1.0,0.8231187813808237]
[19704,19698,1.0,0.9794409240155754]
[86403,86400,1.0,0.9710053409803546]
[42235,42232,1.0,0.9857352294750152]
[42238,42232,1.0,0.9842252809572652]
[42238,42235,1.0,0.9785274605263536]
[94001,93992,1.0,0.9829714173435662]
[34690,34687,1.0,0.9568383429982198]
[34690,34684,1.0,0.9952227536000962]
[34693,34690,1.0,0.988148450643207]
[34693,34687,1.0,0.965081972761735]
[34693,34684,1.0,0.988148450643207]
[22968,22962,1.0,0.9917539294773374]
[22968,22965,1.0,0.9887737506677409]
[34687,34684,1.0,0.9594934557366942]
[22965,22962,1.0,0.9901267079056634]
[24514,24502,1.0,0.9872021338195044]
[24514,24505,1.0,0.9763348517843432]
[24514,24508,1.0,0.9872021338195044]
[24514,24511,1.0,0.560403564219977]
[24505,24502,1.0,0.9902570385699506]
[24508,24502,1.0,0.9952227536000962]
[24508,24505,1.0,0.9902570385699506]
[24511,24502,1.0,0.6990364836437434]
[24511,24505,1.0,0.5900317482861045]
[24511,24508,1.0,0.6990364836437434]
[50290,50287,1.0,0.9926680456172919]
[69758,69755,1.0,0.9882382546821655]
[56251,56248,1.0,0.643069719948075]
[69761,69758,1.0,0.9735477596774101]
[69761,69755,1.0,0.981659156018156]
[98478,69761,1.0,0.43328701211604403]
[98478,69764,1.0,0.5313106190433874]
[69764,69758,1.0,0.9923672802333737]
[69764,69761,1.0,0.981659156018156]
[69764,69755,1.0,0.9952227536000962]
[95191,95188,1.0,0.988421098306559]
[100201,4566,1.0,0.6466185340948932]
[78898,70545,1.0,0.41702542785289]
[7524,7521,1.0,0.6477990850925673]
[20644,20641,1.0,0.9883652126324259]
[18024,18018,1.0,0.48712834087918305]
[20647,20641,1.0,0.6798279819963556]
[20647,20644,1.0,0.5871495751519508]
[120147,63441,1.0,0.40567404443836547]
[120147,88544,1.0,0.42319563751557815]
[120147,68423,1.0,0.5502177141284792]
[105403,30293,1.0,0.46944711324737043]
[95194,95191,1.0,0.9352485542525565]
[95194,95188,1.0,0.9453208710469377]
[90741,34078,1.0,0.45469911044029887]
[57738,57735,1.0,0.9485884875514546]
[125778,72435,1.0,0.4374027390449336]
[125778,89269,1.0,0.4929971917253323]
[125778,26215,1.0,0.44743879028919864]
[46000,45997,1.0,0.6859046487184756]
[46000,45994,1.0,0.9940141113486761]
[7129,7126,1.0,0.9891356835907431]
[100690,92579,1.0,0.5552088308709046]
[100690,83316,1.0,0.41745322669777335]
[100690,39726,1.0,0.5137135919040869]
[100690,66757,1.0,0.4976181965155039]
[100690,97165,1.0,0.674292731596137]
[100690,92585,1.0,0.5552088308709046]
[100690,22452,1.0,0.4528896238010431]
[100690,7731,1.0,0.5527897988267118]
[100690,27976,1.0,0.45022076190857957]
[100690,46293,1.0,0.40261122499266927]
[100690,19821,1.0,0.7829457607251473]
[100690,96280,1.0,0.5141394509513639]
[100690,70538,1.0,0.5758231272818428]
[100690,98820,1.0,0.4871671895713593]
[100690,45900,1.0,0.575149147851792]
[92579,19821,1.0,0.42289866668036913]
[82752,27976,1.0,0.4519830670495248]
[82752,19821,1.0,0.4174252035601652]
[128037,100690,1.0,0.4836686681941142]
[128037,97165,1.0,0.5255162982323606]
[128037,116391,1.0,0.45678531738644523]
[128037,19821,1.0,0.410010636147178]
[67698,5102,1.0,0.4103551653526275]
[67698,52655,1.0,0.4980952010077461]
[67698,12194,1.0,0.7516970896006391]
[85769,7731,1.0,0.5820656970766735]
[85769,19821,1.0,0.4575100390045872]
[83316,66757,1.0,0.4357579149521273]
[39726,19821,1.0,0.5136720605548082]
[39247,19821,1.0,0.47164146989176653]
[89130,35414,1.0,0.4803697809542097]
[89130,30504,1.0,0.5033422598101811]
[97165,85769,1.0,0.4973492497476071]
[97165,83316,1.0,0.6406910246421952]
[97165,27976,1.0,0.510312706415791]
[45997,45994,1.0,0.6326159273401397]
[92585,92579,1.0,0.9879679365409008]
[92585,19821,1.0,0.42289866668036913]
[2943,2934,1.0,0.9945658731879131]
[2943,2940,1.0,0.9931773251654166]
[2943,2937,1.0,0.9718061311873122]
[35414,30504,1.0,0.4728014768240918]
[49128,11879,1.0,0.4732637513268518]
[57849,5102,1.0,0.44765991365032903]
[99000,89130,1.0,0.507481860712524]
[116391,100690,1.0,0.4623426758365106]
[116391,19821,1.0,0.45198488381087004]
[117780,83316,1.0,0.40243779632936555]
[97200,19821,1.0,0.4384428149400492]
[49016,5102,1.0,0.4864463787134537]
[52655,46000,1.0,0.45806360736744006]
[52655,45994,1.0,0.48822835396527464]
[117823,100690,1.0,0.4840806648830441]
[80270,5102,1.0,0.4091354205847227]
[27976,7731,1.0,0.44613052335531056]
[27976,19821,1.0,0.4341789477482162]
[2940,2934,1.0,0.9945658731879131]
[2940,2937,1.0,0.9867024967950256]
[19821,7731,1.0,0.40970594511219594]
[19821,17332,1.0,0.4354628209086886]
[77858,77852,1.0,0.9388370181404777]
[77858,77855,1.0,0.8949799042483366]
[94326,19821,1.0,0.41818006042676287]
[77855,77852,1.0,0.9902548312638412]
[70538,19821,1.0,0.4669248032990083]
[98820,19821,1.0,0.40218805762974885]
[2937,2934,1.0,0.9761415196584553]
[107550,5102,1.0,0.4909916444387488]
[55429,55423,1.0,0.9308060390397953]
[55429,34306,1.0,0.48499805693153625]
[55429,55420,1.0,0.9875245544581994]
[93806,34306,1.0,0.6827006235671964]
[100492,2026,1.0,0.487193489821302]
[58657,58654,1.0,0.9910149508065733]
[58657,34306,1.0,0.6954814714415978]
[58654,34306,1.0,0.7168479228459051]
[55423,34306,1.0,0.4517773121276466]
[55423,55420,1.0,0.9881519358315659]
[28348,28345,1.0,0.922261577858434]
[28357,28345,1.0,0.9922234894189341]
[28357,28348,1.0,0.8694867236281142]
[28357,28354,1.0,0.9756240802636296]
[28357,28351,1.0,0.9922234894189341]
[34306,2026,1.0,0.6174289342727497]
[28354,28345,1.0,0.9842365892721153]
[28354,28348,1.0,0.9022718993993073]
[28354,28351,1.0,0.9952227536000962]
[28351,28345,1.0,0.9952227536000962]
[28351,28348,1.0,0.9809499307562944]
[55420,34306,1.0,0.467416926764369]
[54754,54748,1.0,0.9947262821994]
[54754,54751,1.0,0.9815021506486448]
[54751,54748,1.0,0.9830456652057674]
[54760,54754,1.0,0.9840656245376836]
[54760,54748,1.0,0.9905564682541387]
[54760,54751,1.0,0.9909779817440221]
[54760,54757,1.0,0.9510705049316189]
[54757,54754,1.0,0.9610097362165678]
[54757,54748,1.0,0.9748306560875212]
[54757,54751,1.0,0.9216951457093678]
[40872,40869,1.0,0.9644964337573236]
[38704,38698,1.0,0.9952227536000962]
[38704,38701,1.0,0.9926680456172919]
[132153,132150,1.0,0.9695149309344459]
[94819,81557,1.0,0.45645587416210376]
[35855,35852,1.0,0.9858289143288885]
[35855,25008,1.0,0.681237589462466]
[67822,47336,1.0,0.6073307926989389]
[67822,66258,1.0,0.41082493914456025]
[105433,105430,1.0,0.9952227536000962]
[101175,101169,1.0,0.9881320050494288]
[101175,101172,1.0,0.9881320050494288]
[101178,101169,1.0,0.9544358714186271]
[101178,101175,1.0,0.9712802370621243]
[101178,101172,1.0,0.9429083240039159]
[38701,38698,1.0,0.9854085845489449]
[3810,3807,1.0,0.9915271546484163]
[53695,35855,1.0,0.4597993571560004]
[53695,35852,1.0,0.45824475343037546]
[85057,85054,1.0,0.9567064494608069]
[3813,3807,1.0,0.9878637304609247]
[3813,3810,1.0,0.9534182655144197]
[35852,25008,1.0,0.6954782790668068]
[85060,85054,1.0,0.9925229512934376]
[85060,85057,1.0,0.9721388577343758]
[26998,26992,1.0,0.9927904021198166]
[26998,26995,1.0,0.9286514250608104]
[26995,26992,1.0,0.9346640860359977]
[41465,35855,1.0,0.5253667773606713]
[41465,35852,1.0,0.5416858024820573]
[132156,132153,1.0,0.9228869830986552]
[132156,132150,1.0,0.9853593319835593]
[81557,26995,1.0,0.4374421675372042]
[85063,85054,1.0,0.7334652187305986]
[85063,85057,1.0,0.5689198768505833]
[85063,85060,1.0,0.6635666953769641]
[101172,101169,1.0,0.9676336034787999]
[38707,38704,1.0,0.9927534375970224]
[38707,38698,1.0,0.9927534375970224]
[38707,38701,1.0,0.9886927191431168]
[73177,35855,1.0,0.4804407524950552]
[73177,35852,1.0,0.47982814590725464]
[42330,42327,1.0,0.9892943829216453]
[42330,42324,1.0,0.990515878461667]
[42327,42324,1.0,0.9918426894149314]
[58508,58505,1.0,0.9682562612724962]
[58508,58499,1.0,0.9885052861016229]
[58508,58502,1.0,0.8877897614206208]
[58505,58499,1.0,0.9850277403390386]
[58505,58502,1.0,0.8666179153444263]
[58511,58508,1.0,0.9501730844646964]
[58511,58505,1.0,0.9723531691698578]
[58511,58499,1.0,0.9903293217767141]
[58511,58502,1.0,0.9184136147195784]
[58502,58499,1.0,0.9403794633590149]
[90683,90674,1.0,0.9701737225636612]
[90683,79529,1.0,0.4659334009820453]
[90683,21776,1.0,0.48678657594681535]
[90683,90680,1.0,0.97350776897361]
[90683,90677,1.0,0.9272716807642832]
[90683,43447,1.0,0.4267775025809335]
[45581,21028,1.0,0.4226116904399447]
[18089,18086,1.0,0.9937807051809457]
[90680,90674,1.0,0.9949785116292866]
[90680,90677,1.0,0.9850956555343445]
[8594,8588,1.0,0.9759085233325953]
[8594,8591,1.0,0.9656509389598836]
[90677,90674,1.0,0.9927893494812167]
[90686,90683,1.0,0.9254439292177564]
[90686,90674,1.0,0.9866168899383905]
[90686,90680,1.0,0.9859169728600805]
[90686,90677,1.0,0.964163186537369]
[103495,21776,1.0,0.43977986372429034]
[103495,43447,1.0,0.6557848004297979]
[8591,8588,1.0,0.9927742648919292]
[30055,30052,1.0,0.9952227536000962]
[30058,30055,1.0,0.9952227536000962]
[30058,30052,1.0,0.9916928888813668]
[49226,49220,1.0,0.9904886399946193]
[49226,49223,1.0,0.9819065116948991]
[49229,49226,1.0,0.9827936504283985]
[49229,49220,1.0,0.9900390356969504]
[49229,49223,1.0,0.9949785116292866]
[49223,49220,1.0,0.9905564682541387]
[82997,51308,1.0,0.6419743998278592]
[82997,82988,1.0,0.9952227536000962]
[82997,82991,1.0,0.9943780916586645]
[82997,82994,1.0,0.9198161194878167]
[82997,82054,1.0,0.4330777270782828]
[117252,117249,1.0,0.9919342492340131]
[117255,117252,1.0,0.9683849322293147]
[117255,117249,1.0,0.9900373271425401]
[82991,82988,1.0,0.9898692571032127]
[99223,99217,1.0,0.9717616584487577]
[99223,99214,1.0,0.9877726362494229]
[99223,99220,1.0,0.9797608061294161]
[23580,13638,1.0,0.46258783319576585]
[95506,13004,1.0,0.40731930603909483]
[104479,69400,1.0,0.4466790821453806]
[99217,99214,1.0,0.9872021338195044]
[48000,13004,1.0,0.4797103050662901]
[99220,99217,1.0,0.9768531129806554]
[99220,99214,1.0,0.9905564682541387]
[125520,125514,1.0,0.9934197647450789]
[125520,125517,1.0,0.9917556678486371]
[82994,82988,1.0,0.9198161194878167]
[82994,82991,1.0,0.808232779435581]
[125517,125514,1.0,0.993958142263311]
[83000,82997,1.0,0.9952227536000962]
[83000,82988,1.0,0.990515878461667]
[83000,82991,1.0,0.9767570592384394]
[83000,82994,1.0,0.8735122666454664]
[129382,129379,1.0,0.9762843921630621]
[114262,114259,1.0,0.4440729120594648]
[114265,114259,1.0,0.9797672950910998]
[100408,100399,1.0,0.992248868481052]
[100408,100405,1.0,0.8585208525783994]
[27176,27173,1.0,0.940696818426594]
[27179,27173,1.0,0.9915314491473511]
[27179,27176,1.0,0.940696818426594]
[100405,100399,1.0,0.8585208525783994]
[100405,60355,1.0,0.5619369097813638]
[38920,38917,1.0,0.9891356835907431]
[38923,38920,1.0,0.9783618519151991]
[38923,38917,1.0,0.989959405142911]
[81674,44579,1.0,0.4930104988632273]
[101479,101476,1.0,0.9949181171750051]
[101482,101479,1.0,0.9321571001124688]
[101482,101476,1.0,0.9338132460508877]
[64643,64637,1.0,0.9745913298569896]
[64643,64640,1.0,0.965566915596549]
[64640,64637,1.0,0.9793336946622435]
[64646,64643,1.0,0.9425615322329457]
[64646,64637,1.0,0.9874475728395399]
[64646,64640,1.0,0.9877867605400884]
[54174,54171,1.0,0.9932537467430427]
[6344,6338,1.0,0.9885697744839916]
[6350,6338,1.0,0.9952227536000962]
[6350,6344,1.0,0.9924116787128405]
[6350,6347,1.0,0.9209901098673113]
[54177,54174,1.0,0.9818847316652616]
[54177,54171,1.0,0.9936482461919292]
[6353,6338,1.0,0.9676461928997234]
[6353,6344,1.0,0.9491573257152086]
[6353,6350,1.0,0.9749180269833507]
[6353,6347,1.0,0.76934027112703]
[64271,64268,1.0,0.9922444720626648]
[6347,6338,1.0,0.8839396710709434]
[6347,6344,1.0,0.8355137311901378]
[62808,62805,1.0,0.9762915629449139]
[38123,20451,1.0,0.4554106181524544]
[20454,20451,1.0,0.9535466944908952]
[20454,20448,1.0,0.9535466944908952]
[5568,5559,1.0,0.4314723102715532]
[5568,5562,1.0,0.7170881888088025]
[5568,5565,1.0,0.5291519005436729]
[5568,5556,1.0,0.5291519005436729]
[5559,5556,1.0,0.9485218000023463]
[78272,78260,1.0,0.9591292701647975]
[78272,78266,1.0,0.8915930266537543]
[78272,78263,1.0,0.9592145826475934]
[5562,5559,1.0,0.9833514052893394]
[5562,5556,1.0,0.9927904021198166]
[20451,20448,1.0,0.9952227536000962]
[5565,5559,1.0,0.9735249551506547]
[5565,5562,1.0,0.9927904021198166]
[5565,5556,1.0,0.9952227536000962]
[78266,78260,1.0,0.9904100825131995]
[78266,78263,1.0,0.9853493455584136]
[78263,78260,1.0,0.9922138020467276]
[69117,69114,1.0,0.9627653097975106]
[69117,69111,1.0,0.9839980696819176]
[69114,69111,1.0,0.9877812743869288]
[101760,101757,1.0,0.926346885261016]
[101763,101757,1.0,0.9892819917996648]
[101763,101760,1.0,0.8686713452631292]
[35094,7816,1.0,0.5390971475163968]
[117763,117760,1.0,0.9854389373032977]
[117763,44740,1.0,0.40074025706862115]
[117763,41453,1.0,0.6025372080302764]
[117763,77645,1.0,0.4786317542953384]
[46910,39697,1.0,0.47476159237984844]
[103470,103464,1.0,0.9932389807686144]
[103470,103467,1.0,0.9675936573404353]
[103470,103461,1.0,0.9952227536000962]
[103470,44740,1.0,0.5734464682021162]
[96319,44740,1.0,0.6936736460790875]
[96319,41453,1.0,0.6782609204107845]
[96319,77645,1.0,0.52608707758887]
[45149,44740,1.0,0.442701554907544]
[100569,39697,1.0,0.5264163250104058]
[103464,103461,1.0,0.9915763019750578]
[103464,44740,1.0,0.524519176218928]
[103464,41453,1.0,0.5011490408644639]
[32970,21501,1.0,0.45019440304740765]
[21501,17465,1.0,0.408737399037587]
[26244,26241,1.0,0.4832275889443834]
[26244,26238,1.0,0.9675132316642703]
[39697,39584,1.0,0.4844249193028848]
[39697,13236,1.0,0.4433567291041129]
[39697,32970,1.0,0.5612802382204561]
[39697,21501,1.0,0.8312013610625518]
[39697,39587,1.0,0.47990281315800326]
[39697,37340,1.0,0.40393035142993233]
[41456,41450,1.0,0.9934847894123641]
[41456,41453,1.0,0.6505309124067714]
[100575,100569,1.0,0.9499120147158843]
[100575,100572,1.0,0.8659064141780319]
[82939,44740,1.0,0.42039855261198705]
[82939,41453,1.0,0.48515081165317236]
[82939,77645,1.0,0.5257269064277368]
[95050,44740,1.0,0.46500139933601864]
[95050,77645,1.0,0.47086085947347867]
[67976,44740,1.0,0.5467072759519053]
[46744,21501,1.0,0.4280730771290444]
[46744,39697,1.0,0.7627544766822162]
[46744,37340,1.0,0.48585421899675596]
[46744,41453,1.0,0.43503773228528475]
[85814,39697,1.0,0.4556003314142531]
[85814,48088,1.0,0.474836768195491]
[80600,44740,1.0,0.4767459770369581]
[39587,39584,1.0,0.9721354402648724]
[129060,41456,1.0,0.40087531251203934]
[129060,41450,1.0,0.40087531251203934]
[129060,44740,1.0,0.7980122665457187]
[129060,41453,1.0,0.703374940587051]
[129060,77645,1.0,0.5569234107845746]
[45772,44740,1.0,0.500416491830464]
[607,604,1.0,0.9907099542313996]
[103467,103464,1.0,0.9580508661247064]
[103467,103461,1.0,0.9675936573404353]
[103467,44740,1.0,0.5382455429927798]
[103461,44740,1.0,0.5734464682021162]
[117760,41453,1.0,0.618593322977325]
[117760,77645,1.0,0.4526805923228006]
[44740,442,1.0,0.44000307115264947]
[44740,604,1.0,0.4005448826278327]
[44740,7681,1.0,0.4679090949690651]
[44740,21501,1.0,0.5293198751351519]
[44740,41456,1.0,0.43843760745539645]
[44740,6726,1.0,0.48506416661280977]
[44740,41450,1.0,0.43843760745539645]
[44740,607,1.0,0.4019173468554235]
[44740,43623,1.0,0.4507769885246632]
[44740,42914,1.0,0.4235999168368055]
[62959,44740,1.0,0.503380114986698]
[62959,41453,1.0,0.40850869001390416]
[110116,39697,1.0,0.4619911943699793]
[110116,77645,1.0,0.40471935104100765]
[110116,100578,1.0,0.4351026533178864]
[108958,41453,1.0,0.5462127748396531]
[67979,67976,1.0,0.9822886919462311]
[67979,44740,1.0,0.5467072759519053]
[55374,55371,1.0,0.993549269363725]
[55374,55368,1.0,0.993549269363725]
[26241,26238,1.0,0.6780578334406463]
[53095,48088,1.0,0.40347489360360833]
[48088,39584,1.0,0.42937056829876596]
[48088,39697,1.0,0.6431270259604105]
[48088,46744,1.0,0.6403451506336848]
[48088,44740,1.0,0.47444741771881327]
[48088,37340,1.0,0.40187308510283765]
[48088,41453,1.0,0.46084214523960815]
[94134,21501,1.0,0.4366481101252835]
[94134,48088,1.0,0.4414593350699709]
[41453,604,1.0,0.5086743618779973]
[41453,26244,1.0,0.4005520956630873]
[41453,6726,1.0,0.4146161283676088]
[41453,41450,1.0,0.6574506415950127]
[41453,607,1.0,0.5106020236026785]
[41453,31264,1.0,0.4002779054759962]
[41453,36654,1.0,0.4868753968393985]
[41453,26238,1.0,0.4490992915604063]
[82697,44740,1.0,0.4367954421515305]
[82697,41453,1.0,0.4655885542435958]
[82697,77645,1.0,0.6354536598788338]
[77645,442,1.0,0.4604471095267531]
[77645,27399,1.0,0.4718776716156887]
[77645,21501,1.0,0.46561959281951515]
[77645,6726,1.0,0.4467312116561838]
[77645,46744,1.0,0.4722979127987563]
[77645,607,1.0,0.40560071398227954]
[77645,43623,1.0,0.4671333649223486]
[77645,31264,1.0,0.4186995283547027]
[77645,44740,1.0,0.4250504527045515]
[77645,62959,1.0,0.43713601292430515]
[77645,26241,1.0,0.6301671782563854]
[77645,48088,1.0,0.4217009893600107]
[77645,42914,1.0,0.4905280574306532]
[77645,36654,1.0,0.5456864706243917]
[77645,9069,1.0,0.4104743979966046]
[77645,46954,1.0,0.4984965703456954]
[77645,51738,1.0,0.49314373279574697]
[55371,55368,1.0,0.9952227536000962]
[84852,77645,1.0,0.5085479802891587]
[57184,39697,1.0,0.49591225958953067]
[51738,44740,1.0,0.6435527514311793]
[51738,41453,1.0,0.5864146575038872]
[100572,100569,1.0,0.973100337619486]
[100572,39697,1.0,0.528008990170782]
[100572,46744,1.0,0.4123351594681667]
[100578,100569,1.0,0.9814971369602282]
[100578,39697,1.0,0.875063295721727]
[100578,100575,1.0,0.9334880266586862]
[100578,46744,1.0,0.786227311516296]
[100578,44740,1.0,0.4851841366744065]
[100578,37340,1.0,0.44096352701049146]
[100578,41453,1.0,0.5793292582143553]
[100578,77645,1.0,0.5895742018464027]
[100578,57184,1.0,0.5302609572653976]
[100578,100572,1.0,0.9380287526135739]
[44784,21501,1.0,0.4799442026964883]
[77123,77111,1.0,0.9841672886579516]
[77123,77117,1.0,0.9381683505954648]
[77123,77114,1.0,0.9943950391570788]
[77123,77120,1.0,0.9035280519648228]
[114288,114282,1.0,0.9475075519437753]
[114288,114285,1.0,0.9171978761362567]
[77117,77111,1.0,0.977781830764678]
[77117,77114,1.0,0.9747472383554753]
[77114,77111,1.0,0.9943950391570788]
[114291,114288,1.0,0.8069327280550417]
[114291,114282,1.0,0.9746563765970959]
[114291,114285,1.0,0.9845551130656172]
[109785,77114,1.0,0.41679198634204573]
[77011,77008,1.0,0.9683218783649925]
[77017,77011,1.0,0.9665298919281664]
[77017,77008,1.0,0.9736894019779248]
[77017,77014,1.0,0.9588835818632766]
[86749,86743,1.0,0.6652250698100761]
[86749,86746,1.0,0.5001895338827217]
[77120,77111,1.0,0.9708789602222854]
[77120,77117,1.0,0.976058502737204]
[77120,77114,1.0,0.9670321818644052]
[77014,77011,1.0,0.9148104451761981]
[77014,77008,1.0,0.9810694939093149]
[77014,44631,1.0,0.4049780334719578]
[101683,71558,1.0,0.45230853857805553]
[71558,31254,1.0,0.4517206417015122]
[71558,46674,1.0,0.414969768795634]
[98817,98814,1.0,0.9952227536000962]
[12090,12084,1.0,0.9834676438657228]
[12090,12087,1.0,0.9273679047985481]
[114285,27839,1.0,0.4339078976918669]
[114285,76200,1.0,0.4675108066618344]
[114285,114282,1.0,0.9750179501250539]
[86746,86743,1.0,0.9747006236701511]
[12087,12084,1.0,0.8965679340963965]
[77126,77123,1.0,0.9857800878811508]
[77126,77111,1.0,0.9896976780959446]
[77126,77117,1.0,0.9536075680525246]
[77126,77114,1.0,0.988054525010453]
[77126,77120,1.0,0.9360158808523913]
[98665,98662,1.0,0.9474700683813141]
[116193,116184,1.0,0.9934567839627333]
[98668,98665,1.0,0.6873045026409932]
[98668,98662,1.0,0.9066403280037812]
[115708,115705,1.0,0.9916975038550923]
[115711,115705,1.0,0.9834846224385089]
[115711,115708,1.0,0.9735140721299321]
[115714,115705,1.0,0.8838674619475144]
[115714,115708,1.0,0.8860634042590244]
[115714,115711,1.0,0.7672600827407274]
[90675,30102,1.0,0.429916777494711]
[69633,69630,1.0,0.9674889819814737]
[126940,126937,1.0,0.9952227536000962]
[126946,126940,1.0,0.9825560233483266]
[126946,126943,1.0,0.9736337019105631]
[126946,126937,1.0,0.9825560233483266]
[73894,73888,1.0,0.9679490301096734]
[73894,73891,1.0,0.9679490301096734]
[74464,74461,1.0,0.9927191691554869]
[54470,30102,1.0,0.5203145605321833]
[126943,126940,1.0,0.9946939993737459]
[126943,126937,1.0,0.9946939993737459]
[56847,30102,1.0,0.4317406311133165]
[74467,74464,1.0,0.9032355604546503]
[74467,74461,1.0,0.9171757248798104]
[77812,30102,1.0,0.49090164692614097]
[61754,30102,1.0,0.49124386812995924]
[73891,73888,1.0,0.9952227536000962]
[30102,1028,1.0,0.44667382524835114]
[30102,27182,1.0,0.47773699864619484]
[30102,13489,1.0,0.5287271889484145]
[30102,19465,1.0,0.5143568934485032]
[30102,12935,1.0,0.41191688909737756]
[30102,4981,1.0,0.45920504406142565]
[30102,22709,1.0,0.47895782257628977]
[30102,11117,1.0,0.40224141588093465]
[75091,30102,1.0,0.4364613826608007]
[82046,30102,1.0,0.4709463580083185]
[76543,30102,1.0,0.4259647306465275]
[40480,30102,1.0,0.7071310007067715]
[63123,63120,1.0,0.9728058138076383]
[57322,57319,1.0,0.9909123827351903]
[84293,84290,1.0,0.6156824076801247]
[108324,108321,1.0,0.9952227536000962]
[108333,108321,1.0,0.9826305796186682]
[108333,108324,1.0,0.9826305796186682]
[108333,108330,1.0,0.9692398366345069]
[108333,108327,1.0,0.5288303426032198]
[108330,108321,1.0,0.9865151386859545]
[108330,108324,1.0,0.9865151386859545]
[108330,108327,1.0,0.5339581655157729]
[108327,108321,1.0,0.6677290618726286]
[108327,108324,1.0,0.6677290618726286]
[84296,84293,1.0,0.6156824076801247]
[84296,84290,1.0,0.9937353308824888]
[128886,128883,1.0,0.9933677579237732]
[1465,1462,1.0,0.9768622764832576]
[10044,10041,1.0,0.9905564682541387]
[36699,36696,1.0,0.9914651780633009]
[36702,36699,1.0,0.9625645201080462]
[36702,36696,1.0,0.977288583850505]
[123631,51717,1.0,0.4801303213789121]
[85835,67105,1.0,0.4522976562301209]
[108414,108411,1.0,0.9842104279631794]
[108414,108408,1.0,0.9854791397882006]
[93666,61339,1.0,0.5047350819991425]
[93666,80535,1.0,0.47467006409708196]
[73843,73840,1.0,0.993695644914469]
[72756,72753,1.0,0.9692325597413199]
[78076,78073,1.0,0.7679313886998324]
[78079,78073,1.0,0.955961846590208]
[78079,78076,1.0,0.4713812400977687]
[61339,41596,1.0,0.5197344087195448]
[61339,4179,1.0,0.4261035385440015]
[108411,108408,1.0,0.993958142263311]
[4182,4179,1.0,0.9877726362494229]
[72759,72756,1.0,0.9133432791378566]
[72759,72753,1.0,0.9795140690092563]
[18547,18541,1.0,0.9952227536000962]
[18547,18544,1.0,0.7801142139287677]
[80597,22688,1.0,0.45810156315895534]
[18544,18541,1.0,0.8303921129982622]
[60543,22688,1.0,0.5827772159768803]
[93185,52683,1.0,0.47807421859638377]
[93185,29745,1.0,0.46010992348641616]
[48093,29745,1.0,0.4917054856604509]
[48093,48090,1.0,0.9877726362494229]
[48093,44413,1.0,0.5405431197975765]
[52686,52683,1.0,0.985067977682195]
[52686,52680,1.0,0.9872638360055171]
[38402,38399,1.0,0.9902455439787171]
[44022,44013,1.0,0.9703817286114343]
[44022,44016,1.0,0.9703178426190284]
[44022,44019,1.0,0.9424398259058943]
[52683,52680,1.0,0.9947803113316972]
[131833,48093,1.0,0.4509834377996269]
[50955,50952,1.0,0.9838993432820307]
[44016,44013,1.0,0.9943142730184602]
[44019,44013,1.0,0.9905564682541387]
[44019,44016,1.0,0.9795242171442824]
[24458,24452,1.0,0.9933550320030448]
[117856,73763,1.0,0.5175073666312052]
[123262,117856,1.0,0.4536262757047659]
[5957,5948,1.0,0.9952227536000962]
[5957,5954,1.0,0.9233066107916293]
[5957,5951,1.0,0.9904134580502993]
[8989,8983,1.0,0.6546795801101862]
[8989,8986,1.0,0.6546795801101862]
[44262,5957,1.0,0.5273854736709476]
[44262,5948,1.0,0.47699528184921486]
[44262,5960,1.0,0.45031339337227144]
[44262,5951,1.0,0.4513329809769434]
[5954,5948,1.0,0.8510449108200033]
[5954,5951,1.0,0.8216172795406271]
[5960,5957,1.0,0.9333582363363434]
[5960,5948,1.0,0.9333582363363434]
[5960,5954,1.0,0.5077486087301923]
[5960,5951,1.0,0.8983848141811585]
[5951,5948,1.0,0.9881954578833155]
[8986,8983,1.0,0.9952227536000962]
[82174,80982,1.0,0.4155150125765736]
[9308,9302,1.0,0.9952227536000962]
[127218,74570,1.0,0.4346272541492089]
[74570,9302,1.0,0.5397701794078601]
[74570,9308,1.0,0.5397701794078601]
[111184,5121,1.0,0.4234399426503251]
[65975,65969,1.0,0.9469502189861885]
[65975,65972,1.0,0.9874861496090745]
[65972,65969,1.0,0.9779038722997575]
[128070,34104,1.0,0.4118110409456211]
[128070,128067,1.0,0.9940528687790091]
[34101,34098,1.0,0.9825843814616981]
[34104,34101,1.0,0.9619969289146045]
[34104,34098,1.0,0.9654719025078855]
[60871,16706,1.0,0.44187584770415095]
[60871,60313,1.0,0.4128548167967881]
[60871,34104,1.0,0.5278907931375959]
[60871,60868,1.0,0.9863070215033279]
[60871,2139,1.0,0.40213660064814144]
[60871,2133,1.0,0.5142533200499351]
[60871,2136,1.0,0.5142533200499351]
[22845,16706,1.0,0.5782770860390555]
[2139,2133,1.0,0.6531311867741051]
[2139,2136,1.0,0.5428588253751246]
[32470,32467,1.0,0.9952227536000962]
[2136,2133,1.0,0.9938647243311929]
[94918,60871,1.0,0.5328069111538074]
[43774,43771,1.0,0.9624609357568877]
[27743,27740,1.0,0.9562079304609483]
[13982,13979,1.0,0.9688012236322606]
[43777,43774,1.0,0.8806633906738276]
[43777,43771,1.0,0.9846039100655765]
[63020,9556,1.0,0.6377991123956571]
[63020,9550,1.0,0.4215356616108865]
[9562,9556,1.0,0.9264048502923548]
[9562,9550,1.0,0.9904170844565569]
[9562,9553,1.0,0.8612380347848168]
[63026,63020,1.0,0.9904844431418558]
[63026,9556,1.0,0.6377991123956571]
[63026,9550,1.0,0.41602188356783004]
[9556,9550,1.0,0.9567808511294228]
[9556,9553,1.0,0.687632239496201]
[9553,9550,1.0,0.9187787630148765]
[63029,63020,1.0,0.9877726362494229]
[63029,63026,1.0,0.9860030996019871]
[63029,9556,1.0,0.6804485310196783]
[63029,9550,1.0,0.4215356616108865]
[131310,71705,1.0,0.6444938665477215]
[24943,24940,1.0,0.9948899708847472]
[131313,131310,1.0,0.9916577725903704]
[131313,71705,1.0,0.6033268302417613]
[24946,24943,1.0,0.9408346217481793]
[24946,24940,1.0,0.9435757433873435]
[27948,27945,1.0,0.9884602130764159]
[91770,21095,1.0,0.45519385984462873]
[88553,88550,1.0,0.9919299087830141]
[22591,22585,1.0,0.9309667520425382]
[25885,25882,1.0,0.9629261376938874]
[117316,117313,1.0,0.9861464120448776]
[117319,117316,1.0,0.9861464120448776]
[117319,117313,1.0,0.9952227536000962]
[78226,71465,1.0,0.7438251224310669]
[71465,62346,1.0,0.663439954997157]
[71465,35630,1.0,0.48314569533468793]
[71465,38436,1.0,0.6355736430653997]
[71465,25698,1.0,0.4815647352142418]
[71465,68709,1.0,0.4749123359223223]
[71465,59764,1.0,0.44082486728685544]
[71465,16671,1.0,0.658632983235639]
[71465,42510,1.0,0.4457552231958324]
[71465,55499,1.0,0.4411803663317171]
[71465,48380,1.0,0.8072665299936221]
[71465,472,1.0,0.4061542370022862]
[71465,18057,1.0,0.4336801204467325]
[71465,56297,1.0,0.5573449600534386]
[71465,68706,1.0,0.4749123359223223]
[71465,12821,1.0,0.4064361320869435]
[71465,68703,1.0,0.5166684441482896]
[71465,68715,1.0,0.5716019814140092]
[71465,18060,1.0,0.4047689352052557]
[71465,1804,1.0,0.46848220717360656]
[71465,25695,1.0,0.5406673310309649]
[71465,30246,1.0,0.45683446994234594]
[71465,3815,1.0,0.43971995409395503]
[71465,18066,1.0,0.5011253829495775]
[71465,25686,1.0,0.4815647352142418]
[71465,35255,1.0,0.4068898518568745]
[25692,25686,1.0,0.9692498277714232]
[130659,71465,1.0,0.6308062913723914]
[78815,71465,1.0,0.5256386468601527]
[2387,2381,1.0,0.9573700001631146]
[2387,2384,1.0,0.9488230292931817]
[25698,25692,1.0,0.9190324958851257]
[25698,25695,1.0,0.9334266488363381]
[25698,25686,1.0,0.9952227536000962]
[61023,61017,1.0,0.988681217113215]
[61023,61020,1.0,0.9792623789984671]
[81793,18047,1.0,0.4201695783113572]
[122665,71465,1.0,0.47004898105756315]
[117532,71465,1.0,0.4474198352116017]
[2384,2381,1.0,0.9929318100825512]
[68709,68706,1.0,0.9952227536000962]
[68709,68703,1.0,0.9946149626479851]
[127371,71465,1.0,0.6272322926189614]
[90538,71465,1.0,0.5141599203414401]
[68712,68709,1.0,0.9856325437363651]
[68712,68706,1.0,0.9856325437363651]
[68712,68703,1.0,0.9910855722200134]
[109975,71465,1.0,0.4159230091488493]
[82566,71465,1.0,0.41570161261421623]
[68706,68703,1.0,0.9946149626479851]
[68703,61020,1.0,0.4345116100970543]
[68715,68709,1.0,0.9884098884957284]
[68715,68712,1.0,0.9709626363627478]
[68715,68706,1.0,0.9884098884957284]
[68715,68703,1.0,0.9927904021198166]
[68715,61020,1.0,0.4627133775167864]
[18060,18057,1.0,0.9923958418221456]
[7833,7830,1.0,0.9546743407312486]
[25695,25692,1.0,0.7412600525621653]
[25695,25686,1.0,0.9334266488363381]
[119287,71465,1.0,0.5326768124516411]
[18066,18057,1.0,0.9687623031884353]
[18066,18060,1.0,0.9687623031884353]
[92661,71465,1.0,0.43834269838165496]
[61020,61017,1.0,0.9945194946989725]
[91048,71465,1.0,0.44042006706281456]
[69539,69530,1.0,0.49066909196016023]
[69533,69530,1.0,0.9377310751484694]
[78960,78957,1.0,0.9930321533058817]
[78960,78951,1.0,0.9839203319295544]
[78957,78951,1.0,0.9877726362494229]
[122286,122280,1.0,0.9866892716138155]
[36522,36519,1.0,0.875022980791717]
[36522,36513,1.0,0.9817435587708374]
[90743,90740,1.0,0.8720765026534159]
[90743,90737,1.0,0.9697556152171635]
[36519,36513,1.0,0.9539269970773278]
[90740,90737,1.0,0.9706757507960976]
[122283,34599,1.0,0.47565819794720005]
[90746,90743,1.0,0.9507228638840046]
[90746,90740,1.0,0.9706757507960976]
[90746,90737,1.0,0.9952227536000962]
[60887,6799,1.0,0.44776032366960206]
[119806,41440,1.0,0.5237665172907883]
[40025,18137,1.0,0.4591449359007226]
[80228,40025,1.0,0.47824087956570704]
[80228,43053,1.0,0.6531428120863515]
[80228,43050,1.0,0.5455739426185185]
[110463,43053,1.0,0.4217288107419183]
[43053,43050,1.0,0.9952227536000962]
[43053,9638,1.0,0.6098282288675212]
[127546,99286,1.0,0.41173240694987756]
[127546,80228,1.0,0.5602016048864558]
[127546,41337,1.0,0.5062158589133616]
[19172,19169,1.0,0.7990899516222292]
[19172,19157,1.0,0.8321241982461285]
[19172,19160,1.0,0.6658629159279646]
[19172,19163,1.0,0.771990361881608]
[19172,19166,1.0,0.8061539425111296]
[19169,19157,1.0,0.9811885591241293]
[19169,19160,1.0,0.9455038180128862]
[19169,19163,1.0,0.9662589635913548]
[19169,19166,1.0,0.9831347314189902]
[80595,80592,1.0,0.9880252431626584]
[19160,19157,1.0,0.9862881148407923]
[19163,19157,1.0,0.9905564682541387]
[19163,19160,1.0,0.9606657745238691]
[80756,80592,1.0,0.42461567274325734]
[13454,13448,1.0,0.9871441492462297]
[13454,13451,1.0,0.983008250723355]
[13451,13448,1.0,0.9935414545535224]
[19166,19157,1.0,0.9861365268680601]
[19166,19160,1.0,0.9626277356970357]
[19166,19163,1.0,0.9745557346785818]
[69322,69319,1.0,0.9938747443868814]
[13457,13448,1.0,0.9918992741580956]
[13457,13454,1.0,0.9748627374137879]
[13457,13451,1.0,0.989225219024916]
[2176,2170,1.0,0.9565395334922394]
[132996,15822,1.0,0.4214250240263027]
[77330,15822,1.0,0.8390053331996135]
[122838,15822,1.0,0.44862998386741654]
[82821,82818,1.0,0.9907453314477414]
[63927,63924,1.0,0.9716268612693637]
[82827,82821,1.0,0.983578631310012]
[82827,82818,1.0,0.9912498675642931]
[56000,55994,1.0,0.9905564682541387]
[56003,55994,1.0,0.9941774998827791]
[56003,56000,1.0,0.9885978590938752]
[2179,2176,1.0,0.941676951029424]
[2179,2170,1.0,0.9833065639887492]
[93057,93054,1.0,0.9901918127542898]
[93057,36967,1.0,0.5373224597549999]
[80092,36967,1.0,0.40306440212007993]
[80092,80089,1.0,0.9815634070720516]
[91641,36967,1.0,0.5214580214871756]
[93054,36967,1.0,0.568350780215574]
[93054,65315,1.0,0.4578951475883506]
[20986,20980,1.0,0.5461097042911229]
[20986,20977,1.0,0.5335714906392462]
[20980,20977,1.0,0.9922323843947127]
[117666,36967,1.0,0.4050315670542865]
[36967,33274,1.0,0.40468163698424225]
[36967,20980,1.0,0.485401151194202]
[36967,22208,1.0,0.4945109446264191]
[36967,7843,1.0,0.5053664473465327]
[36967,33283,1.0,0.40468163698424225]
[36967,22205,1.0,0.4945109446264191]
[36967,26826,1.0,0.4096820783325144]
[36967,22211,1.0,0.4945109446264191]
[36967,20977,1.0,0.485401151194202]
[36967,33277,1.0,0.5031287800690701]
[36967,33286,1.0,0.40468163698424225]
[36967,7840,1.0,0.5053664473465327]
[36967,36964,1.0,0.9952227536000962]
[65315,65312,1.0,0.9952227536000962]
[36970,36967,1.0,0.9914756223331858]
[36970,36964,1.0,0.9914756223331858]
[66718,36967,1.0,0.5255973583208895]
[45733,45721,1.0,0.9946149626479851]
[45733,45724,1.0,0.9909290908003968]
[45733,45727,1.0,0.9946149626479851]
[80089,36967,1.0,0.40306440212007993]
[22208,22205,1.0,0.9952227536000962]
[7843,7840,1.0,0.9952227536000962]
[101545,36967,1.0,0.49994604554239513]
[33283,33274,1.0,0.9894132642562283]
[33283,33280,1.0,0.6419963553014271]
[33283,33277,1.0,0.9894132642562283]
[33280,33274,1.0,0.7110164923334199]
[33280,33277,1.0,0.7110164923334199]
[29170,29167,1.0,0.8772249455163188]
[83492,83489,1.0,0.9259724745489762]
[45724,45721,1.0,0.9944660782509854]
[22211,22208,1.0,0.991468626206008]
[22211,22205,1.0,0.991468626206008]
[33277,33274,1.0,0.9952227536000962]
[33286,33274,1.0,0.9923857743946327]
[33286,33283,1.0,0.9812388007999255]
[33286,33280,1.0,0.6969280241782295]
[33286,33277,1.0,0.9923857743946327]
[87494,36967,1.0,0.550894408677841]
[87494,7840,1.0,0.5138050493897854]
[20983,20980,1.0,0.9026107632201351]
[20983,20977,1.0,0.9344918897951646]
[45727,45721,1.0,0.9952227536000962]
[45727,45724,1.0,0.9902606425543722]
[88313,86711,1.0,0.45155401274372864]
[87979,25490,1.0,0.812501606175122]
[87979,25046,1.0,0.5123181751278187]
[87979,45131,1.0,0.516267678871764]
[87979,25496,1.0,0.7015057435935119]
[87979,45137,1.0,0.516267678871764]
[87979,36029,1.0,0.6205016406523645]
[53264,25046,1.0,0.4178081926625373]
[105441,45131,1.0,0.42658567702096944]
[95568,95562,1.0,0.9895707056247579]
[83166,25490,1.0,0.6096473525568209]
[83166,45131,1.0,0.41149695434845285]
[83166,25496,1.0,0.46870091888113263]
[83166,45137,1.0,0.40255784432321695]
[83166,36029,1.0,0.4165911181895817]
[45131,27437,1.0,0.420611168726624]
[45131,36109,1.0,0.5058307511246932]
[45131,36112,1.0,0.4342448740448237]
[51342,25046,1.0,0.4262373001051794]
[25496,25490,1.0,0.9922234894189341]
[45137,27437,1.0,0.427360155555924]
[45137,45131,1.0,0.9943736948206249]
[45137,45134,1.0,0.8200140274433636]
[45137,36109,1.0,0.5058307511246932]
[45137,36112,1.0,0.44448329567024447]
[13475,13472,1.0,0.8088747769864613]
[45134,27437,1.0,0.420611168726624]
[45134,45131,1.0,0.851847246159396]
[36109,25490,1.0,0.531825970896412]
[36109,25046,1.0,0.4877954015899278]
[36109,25496,1.0,0.42712447683093313]
[36109,36029,1.0,0.40531550543707057]
[99157,83166,1.0,0.482002533459053]
[70622,36109,1.0,0.4870045179477082]
[70622,36112,1.0,0.47501501001993224]
[36112,25490,1.0,0.6209217450500645]
[36112,25046,1.0,0.4609817851360111]
[36112,25496,1.0,0.5129365985690283]
[36112,36109,1.0,0.9582176267969924]
[36112,36029,1.0,0.4035789581367178]
[123106,123103,1.0,0.9915109344753413]
[123112,123106,1.0,0.7066314893450752]
[123112,123109,1.0,0.5303937659240998]
[123112,123103,1.0,0.7060220280267221]
[123109,123106,1.0,0.9689481249315449]
[123109,123103,1.0,0.9712830983976539]
[66253,66247,1.0,0.9909196098134082]
[15378,15372,1.0,0.985870891926574]
[15381,15378,1.0,0.9771509350275538]
[15381,15372,1.0,0.9873582654770233]
[53682,53679,1.0,0.993172515220938]
[41487,41484,1.0,0.9940528687790091]
[96369,96366,1.0,0.9918818867765093]
[104323,58913,1.0,0.40681309829647766]
[40610,40601,1.0,0.9884976622176969]
[40610,40604,1.0,0.9850644851785385]
[40610,40607,1.0,0.9727423677777931]
[87962,33977,1.0,0.49466687347749977]
[6881,3476,1.0,0.44858622170421125]
[127332,127329,1.0,0.9553391626856976]
[114733,114730,1.0,0.9873051168859727]
[114733,114724,1.0,0.991273886931284]
[96375,96369,1.0,0.7112260585091756]
[96375,96366,1.0,0.770551859301335]
[74811,74802,1.0,0.988817774098928]
[74811,74805,1.0,0.9481099511531921]
[98358,98352,1.0,0.6013459862204382]
[110967,96369,1.0,0.5135264475315015]
[110967,96375,1.0,0.48227104119192055]
[110967,96366,1.0,0.5135264475315015]
[110967,96378,1.0,0.508407010570093]
[96378,96369,1.0,0.6250760271696099]
[96378,96375,1.0,0.6003575020795145]
[96378,96366,1.0,0.6936466864002504]
[114730,114724,1.0,0.9927904021198166]
[74805,74802,1.0,0.9740620697171252]
[127341,127329,1.0,0.8431386649895083]
[127341,127332,1.0,0.718166790710627]
[127341,127338,1.0,0.8848182234917851]
[40604,40601,1.0,0.9918756543936526]
[40607,40601,1.0,0.9811832081515014]
[40607,40604,1.0,0.9814431284120262]
[116448,27102,1.0,0.5190911275776728]
[116448,58913,1.0,0.478240346957073]
[127338,127329,1.0,0.9919487575586269]
[127338,127332,1.0,0.9189960109195178]
[40613,40601,1.0,0.9930958796241635]
[40613,40610,1.0,0.9846124233178344]
[40613,40604,1.0,0.9909260965262252]
[40613,40607,1.0,0.983001377679475]
[58913,4886,1.0,0.699217253355307]
[58913,6881,1.0,0.631617324491064]
[58913,33977,1.0,0.4739397144781836]
[13234,13231,1.0,0.9786617961374305]
[13234,13228,1.0,0.9867593649390504]
[3499,3496,1.0,0.9905564682541387]
[13231,13228,1.0,0.9944660782509854]
[90389,83215,1.0,0.6279429071588147]
[90389,50209,1.0,0.45983808616223776]
[3502,3499,1.0,0.9905564682541387]
[3502,3496,1.0,0.9952227536000962]
[100903,70575,1.0,0.6989105903535007]
[100903,90389,1.0,0.4597292314333873]
[100903,90392,1.0,0.45605088676103]
[13237,13234,1.0,0.9632905749222201]
[13237,13231,1.0,0.9632905749222201]
[13237,13228,1.0,0.9632905749222201]
[56447,36523,1.0,0.4151712352907209]
[34097,34091,1.0,0.9771654609219584]
[34097,34094,1.0,0.964618182383303]
[65722,65719,1.0,0.9809469414890544]
[34094,34091,1.0,0.974583291844959]
[120571,120565,1.0,0.9942129708818666]
[120571,120568,1.0,0.9869773062014846]
[90392,90389,1.0,0.9927904021198166]
[113569,113566,1.0,0.9792411742144794]
[16887,16884,1.0,0.9937353308824888]
[120574,120565,1.0,0.9884445020296138]
[120574,120571,1.0,0.9861379774931694]
[120574,120568,1.0,0.9624033491643705]
[13240,13234,1.0,0.9926278674655746]
[13240,13231,1.0,0.9829777482461385]
[13240,13237,1.0,0.9632905749222201]
[13240,13228,1.0,0.9895588436932962]
[120568,120565,1.0,0.9891417118516307]
[65725,65722,1.0,0.9447105337398665]
[65725,65719,1.0,0.9830294705519934]
[10214,10211,1.0,0.9502418572121599]
[10214,10205,1.0,0.9606185746916641]
[10214,10208,1.0,0.9387157877860661]
[100378,100372,1.0,0.9932537467430427]
[100378,100375,1.0,0.9932537467430427]
[10211,10205,1.0,0.9920323917213721]
[10211,10208,1.0,0.9864959738643656]
[10208,10205,1.0,0.9917607956043203]
[100381,100378,1.0,0.7649545647293913]
[100381,100372,1.0,0.9952227536000962]
[100381,100375,1.0,0.9940528687790091]
[100375,100372,1.0,0.9940528687790091]
[117268,50843,1.0,0.45335959708788165]
[63822,63816,1.0,0.9671599815536889]
[63822,63819,1.0,0.9018165273620411]
[63819,63816,1.0,0.981659156018156]
[95142,95139,1.0,0.8852639939905855]
[95142,95136,1.0,0.9939830075153218]
[95139,95136,1.0,0.9511775440542675]
[28126,28123,1.0,0.9936734116065394]
[118281,64104,1.0,0.6397656001838282]
[43838,43832,1.0,0.8861939599274943]
[43838,43829,1.0,0.9910842257267088]
[66170,66167,1.0,0.9478911041306486]
[66170,66164,1.0,0.9822778125347954]
[39422,39419,1.0,0.9932931739909694]
[43832,43829,1.0,0.9236222310023984]
[100368,100362,1.0,0.5258124066955192]
[7998,7995,1.0,0.9877726362494229]
[66167,66164,1.0,0.9932537467430427]
[100365,100362,1.0,0.9377307193610287]
[100371,100362,1.0,0.984861251736985]
[100371,100368,1.0,0.4515862626943536]
[100371,100365,1.0,0.9236902847785214]
[41451,41448,1.0,0.9888334635809491]
[41451,41442,1.0,0.9946572280446236]
[41451,41445,1.0,0.9946572280446236]
[41448,41442,1.0,0.988148450643207]
[41448,41445,1.0,0.988148450643207]
[41445,41442,1.0,0.9952227536000962]
[20492,20486,1.0,0.9931484548490003]
[46101,46098,1.0,0.9947733876400483]
[55349,38925,1.0,0.6473403175068494]
[16881,16875,1.0,0.9905564682541387]
[94950,16875,1.0,0.4689496337186267]
[94950,16881,1.0,0.5542391328383144]
[50211,50208,1.0,0.9895661266482731]
[34432,34429,1.0,0.7569614286577017]
[34435,34429,1.0,0.8741632236965748]
[4397,4391,1.0,0.8783428230707728]
[4397,4385,1.0,0.8832727364819306]
[4397,4382,1.0,0.8783428230707728]
[4397,4388,1.0,0.877598812953785]
[4391,4385,1.0,0.98216189197362]
[4391,4382,1.0,0.9952227536000962]
[4391,4388,1.0,0.9760475988719239]
[4385,4382,1.0,0.98216189197362]
[4388,4385,1.0,0.9845954083613823]
[4388,4382,1.0,0.9937910695216918]
[128713,52033,1.0,0.8127761539243151]
[88554,88551,1.0,0.9952227536000962]
[79397,79394,1.0,0.9683954229181174]
[79400,79397,1.0,0.9523841228212614]
[79400,79394,1.0,0.9927904021198166]
[23708,23702,1.0,0.9320791740611076]
[79403,79397,1.0,0.9530915114677857]
[79403,79400,1.0,0.9234406839321065]
[79403,79394,1.0,0.947481415397414]
[23714,23702,1.0,0.9936734116065394]
[23714,23708,1.0,0.9317155577192272]
[82554,62945,1.0,0.5758062043689116]
[111343,62945,1.0,0.5382304868891192]
[62945,41747,1.0,0.5340296918499057]
[78627,78624,1.0,0.9061071498085276]
[78627,78621,1.0,0.9534176026898007]
[78624,78621,1.0,0.9927962806993015]
[45956,45953,1.0,0.9884705586356229]
[77339,77336,1.0,0.9872729655333933]
[77345,77336,1.0,0.9699979065756718]
[77345,77339,1.0,0.9569105621735349]
[77345,77342,1.0,0.9557052578341656]
[77342,77336,1.0,0.9920997258066508]
[77342,77339,1.0,0.9873490993099757]
[77348,77336,1.0,0.9833037846061902]
[77348,77339,1.0,0.9737345358777098]
[77348,77345,1.0,0.8948913642015032]
[77348,77342,1.0,0.9622154401122837]
[36642,13711,1.0,0.4359240860087442]
[80220,80217,1.0,0.9772812939648786]
[117483,36642,1.0,0.5562759663252445]
[67953,67947,1.0,0.9676088499716309]
[81319,13711,1.0,0.46852754948798675]
[81319,42114,1.0,0.42521691887759255]
[42114,36642,1.0,0.48097361078318684]
[58996,58990,1.0,0.9925468645354409]
[58996,58993,1.0,0.9860383553776667]
[58993,58990,1.0,0.9925468645354409]
[120393,120390,1.0,0.9735823575108167]
[80576,7118,1.0,0.48854639711866016]
[14142,14139,1.0,0.9794007443864369]
[3705,3693,1.0,0.5578396836744582]
[3705,3702,1.0,0.614323132466109]
[113419,3702,1.0,0.45334282094286066]
[113419,61344,1.0,0.42181884930022684]
[3696,3693,1.0,0.9729529599445066]
[3699,3693,1.0,0.8306234038910378]
[3699,3696,1.0,0.9509382729753741]
[3702,3693,1.0,0.9891356835907431]
[3702,3696,1.0,0.9891356835907431]
[3702,3699,1.0,0.9670659285639049]
[7118,7115,1.0,0.9877726362494229]
[7118,3702,1.0,0.44638628385380086]
[45017,45011,1.0,0.9952227536000962]
[41814,41811,1.0,0.9939492865034989]
[131623,131620,1.0,0.9732225618399148]
[127710,127707,1.0,0.9904865817021644]
[69054,69051,1.0,0.9952227536000962]
[65552,65540,1.0,0.9643106101615935]
[65552,65543,1.0,0.9882387245825874]
[65552,65549,1.0,0.8334929771270515]
[65543,65540,1.0,0.9870461056992343]
[65543,40301,1.0,0.6388746121008351]
[65543,40295,1.0,0.4613580369107708]
[65543,40298,1.0,0.4467661120696121]
[66510,65543,1.0,0.4734211159873385]
[100516,100510,1.0,0.9877804590448066]
[100516,100513,1.0,0.9793629064140467]
[56838,56835,1.0,0.9872573436657329]
[56838,56832,1.0,0.9952227536000962]
[42187,42181,1.0,0.9922728384210173]
[42187,42184,1.0,0.9899584658288191]
[6153,6150,1.0,0.9604953851628236]
[6153,6144,1.0,0.9704673720513586]
[69057,69054,1.0,0.9752142364740474]
[69057,69051,1.0,0.9752142364740474]
[83081,65543,1.0,0.40490806782295813]
[56841,56838,1.0,0.9952227536000962]
[56841,56835,1.0,0.9872573436657329]
[56841,56832,1.0,0.9952227536000962]
[121785,121782,1.0,0.9732370508017072]
[69060,69054,1.0,0.9087110272052704]
[69060,69057,1.0,0.7312509336008893]
[69060,69051,1.0,0.9087110272052704]
[42184,42181,1.0,0.9779095064346006]
[131698,90909,1.0,0.669537774644715]
[887,884,1.0,0.9914978065728566]
[40301,40295,1.0,0.9885015185435198]
[40301,40298,1.0,0.9885015185435198]
[24087,24078,1.0,0.9952227536000962]
[24087,24084,1.0,0.659704724371089]
[24087,24081,1.0,0.9696721099041227]
[56835,56832,1.0,0.9790832526652464]
[81687,40301,1.0,0.6297864228331292]
[81687,61680,1.0,0.44405276691591467]
[81687,40295,1.0,0.41398543442009683]
[81687,40298,1.0,0.41258152281726806]
[102115,65543,1.0,0.4409521039037089]
[121788,121782,1.0,0.9636171660629415]
[121788,121785,1.0,0.8972473324117907]
[121788,40301,1.0,0.5752402936033689]
[121788,89636,1.0,0.48284924412637553]
[121788,76047,1.0,0.4016710031728752]
[121788,23407,1.0,0.4418695965715386]
[121788,80857,1.0,0.48241495474885787]
[41085,41082,1.0,0.994205387626701]
[100513,100510,1.0,0.99133259848331]
[88164,88161,1.0,0.9895253574288388]
[24084,24078,1.0,0.6334315328725968]
[17254,17251,1.0,0.986317316223555]
[6150,6144,1.0,0.9904308525243865]
[40298,40295,1.0,0.9947262821994]
[65549,65540,1.0,0.9569743832815663]
[65549,65543,1.0,0.9442798643233524]
[123495,123492,1.0,0.9935292479653834]
[24081,24078,1.0,0.9884255704028172]
[65555,65540,1.0,0.9764772715661869]
[65555,65552,1.0,0.9519161987959459]
[65555,65543,1.0,0.9679099897077145]
[65555,65549,1.0,0.8777959878232814]
[123498,123492,1.0,0.9877726362494229]
[123498,123495,1.0,0.964683838204184]
[123501,123492,1.0,0.9952227536000962]
[123501,123495,1.0,0.9832932900980849]
[123501,123498,1.0,0.9877726362494229]
[120591,37077,1.0,0.4906690538218827]
[120591,79707,1.0,0.5223265007452694]
[120591,9463,1.0,0.44123190999312467]
[128148,123013,1.0,0.6316383731515101]
[37083,37077,1.0,0.9888205964333479]
[123013,25354,1.0,0.48917145615650126]
[123013,94800,1.0,0.43050171475589327]
[123013,37077,1.0,0.46157927293060214]
[123013,33342,1.0,0.4580655673106215]
[123013,79707,1.0,0.5130103541102032]
[131847,33342,1.0,0.42906240319824474]
[33342,33339,1.0,0.9942602332331908]
[39084,39078,1.0,0.9889342398293377]
[39084,39081,1.0,0.8927425606724751]
[83792,83786,1.0,0.9282265987019896]
[83792,83783,1.0,0.965452633616885]
[5263,5257,1.0,0.9945658731879131]
[5263,5254,1.0,0.9459444752931525]
[83795,83792,1.0,0.8093325513381266]
[83795,83786,1.0,0.6899080129727836]
[83795,83783,1.0,0.9573594607880812]
[5257,5254,1.0,0.9761274172409907]
[48295,48292,1.0,0.9073501789734284]
[110097,39752,1.0,0.4022259672756875]
[105609,51351,1.0,0.40919624091397633]
[105609,63862,1.0,0.4845226342784229]
[51351,51348,1.0,0.9602454946308719]
[51351,12089,1.0,0.6667003472613333]
[51351,33670,1.0,0.6795803825537184]
[51351,46337,1.0,0.48792312189182213]
[51351,47765,1.0,0.4376042856379632]
[70975,12089,1.0,0.46432633869979945]
[70975,51351,1.0,0.4844134253160027]
[20318,20312,1.0,0.9884276983052493]
[20318,20315,1.0,0.9818666153693067]
[125029,125020,1.0,0.9891050655654651]
[125029,125023,1.0,0.9886051819459148]
[125029,125026,1.0,0.9930285037788166]
[1126,1123,1.0,0.742776807033401]
[77036,51351,1.0,0.5710535021966254]
[83798,83792,1.0,0.965635998453161]
[83798,83795,1.0,0.9346640860359977]
[83798,83786,1.0,0.9260551909827519]
[83798,83783,1.0,0.9918756543936526]
[63862,51351,1.0,0.6264740498326957]
[125023,125020,1.0,0.9927510998302113]
[83786,83783,1.0,0.9262850120663849]
[39081,39078,1.0,0.9181434894875087]
[125026,51348,1.0,0.4429768776264304]
[125026,51351,1.0,0.8572054646280328]
[125026,125020,1.0,0.993958142263311]
[125026,125023,1.0,0.993958142263311]
[20315,20312,1.0,0.9923958418221456]
[8274,8271,1.0,0.9621730904698905]
[64943,64937,1.0,0.9945081630075626]
[64943,64940,1.0,0.9913010869852926]
[64940,64937,1.0,0.9924229130625422]
[95248,95245,1.0,0.7721062757574667]
[69136,64937,1.0,0.4339358249572422]
[69136,64943,1.0,0.42843258845716575]
[69136,64940,1.0,0.42589439360451403]
[97950,4903,1.0,0.5044595831390419]
