[131260,131257,1.0,0.9883697993085035]
[62114,62108,1.0,0.9936734116065394]
[62120,62114,1.0,0.9914047932311814]
[62120,62108,1.0,0.9923958418221456]
[62120,62117,1.0,0.9822453472065783]
[62117,62114,1.0,0.9796042110951456]
[62117,62108,1.0,0.9871743966120865]
[66519,66513,1.0,0.9890898126931439]
[66519,66516,1.0,0.9506511554110781]
[62176,62170,1.0,0.7876470481100344]
[62176,62164,1.0,0.9904962975926496]
[62176,62167,1.0,0.9927904021198166]
[122989,62167,1.0,0.4727990067163244]
[32254,9445,1.0,0.48224268434742457]
[126552,126537,1.0,0.9931905064527496]
[126552,126540,1.0,0.4715691365330563]
[126552,126546,1.0,0.991405493172466]
[126552,126543,1.0,0.988631273642295]
[126552,126549,1.0,0.9883541953986322]
[126552,82963,1.0,0.4373877896958745]
[116824,82963,1.0,0.4269629118681029]
[78713,62167,1.0,0.4670448280558492]
[90841,82963,1.0,0.45375670605664975]
[130969,130966,1.0,0.9794360598959319]
[130969,62167,1.0,0.4389646117723906]
[107919,62167,1.0,0.5453836554957142]
[81621,9445,1.0,0.4939516160876432]
[81621,53990,1.0,0.46900674261371916]
[100939,39877,1.0,0.41084837746622144]
[100939,82963,1.0,0.4633519272362425]
[126537,82963,1.0,0.42643276918725154]
[69209,18168,1.0,0.41276214277473505]
[69209,51880,1.0,0.5103244051665426]
[69209,61921,1.0,0.4171454696884556]
[99991,82963,1.0,0.42425032262217727]
[78306,78297,1.0,0.8544182297801347]
[78306,78303,1.0,0.6779831513547607]
[13702,9445,1.0,0.4438640845349889]
[65805,9445,1.0,0.44990736708171264]
[65805,53990,1.0,0.44463652712473833]
[99046,82963,1.0,0.4134814458997832]
[130966,62167,1.0,0.4389646117723906]
[12672,9445,1.0,0.4533350233079023]
[81123,62167,1.0,0.5325336093312665]
[126540,126537,1.0,0.4715691365330563]
[9445,752,1.0,0.4406856606458669]
[9445,5655,1.0,0.4838662376136972]
[66516,66513,1.0,0.9752061741859461]
[62170,62164,1.0,0.8914230359810231]
[62170,62167,1.0,0.9421093135920248]
[131437,62167,1.0,0.5716423752751175]
[85999,62167,1.0,0.5562412170693493]
[53990,12672,1.0,0.45449967147917497]
[53990,752,1.0,0.4356248540958881]
[53990,53987,1.0,0.9952227536000962]
[53990,5655,1.0,0.5041965044973753]
[53990,49602,1.0,0.4652895217061628]
[53990,17753,1.0,0.41012287027634636]
[83066,82963,1.0,0.43048350970497473]
[126546,126537,1.0,0.9895307397321889]
[126546,126540,1.0,0.49171711860581985]
[126546,126543,1.0,0.9828550708996875]
[126546,82963,1.0,0.42212343048895]
[61366,61363,1.0,0.9209901098673113]
[126543,126537,1.0,0.9919031889112758]
[126543,82963,1.0,0.42643276918725154]
[92810,9445,1.0,0.5775962017311765]
[92810,53990,1.0,0.4191788864893134]
[92810,82963,1.0,0.41741617024902194]
[99997,99991,1.0,0.9941113773414735]
[99997,99994,1.0,0.9887369118228723]
[99997,82963,1.0,0.42425032262217727]
[53993,53990,1.0,0.9952227536000962]
[53993,53987,1.0,0.9933677579237732]
[39877,34388,1.0,0.4172020490086947]
[83187,82963,1.0,0.4293256224276328]
[115564,49624,1.0,0.46616096593624906]
[115564,82963,1.0,0.40295268594802175]
[99994,99991,1.0,0.9907573606617759]
[99994,82963,1.0,0.4228123265955847]
[117709,9445,1.0,0.5312065168117643]
[117709,82963,1.0,0.4570066829997105]
[79083,79077,1.0,0.9877726362494229]
[79083,79080,1.0,0.9682812131218079]
[121449,66516,1.0,0.4003557595924964]
[79080,79077,1.0,0.9840080738464589]
[126549,126537,1.0,0.9916928888813668]
[126549,126540,1.0,0.4715691365330563]
[126549,126546,1.0,0.9877115600036722]
[126549,126543,1.0,0.9861419660650496]
[126549,82963,1.0,0.42643276918725154]
[61927,61921,1.0,0.99113132164101]
[62167,62164,1.0,0.9952227536000962]
[112143,82963,1.0,0.448912517274553]
[78303,78297,1.0,0.9922637460947745]
[61921,4904,1.0,0.44620839192844536]
[61921,34631,1.0,0.46900722207503226]
[61921,51880,1.0,0.5628680764300248]
[82963,66519,1.0,0.4390481667739016]
[82963,32254,1.0,0.47010756120374714]
[82963,63666,1.0,0.5447418326279274]
[82963,81621,1.0,0.4491653591538548]
[82963,3937,1.0,0.4413893471556401]
[82963,34631,1.0,0.43352169143659436]
[82963,13702,1.0,0.4605950338750347]
[82963,65805,1.0,0.43631321009445606]
[82963,50352,1.0,0.5615033211791862]
[82963,49671,1.0,0.4739827403564155]
[82963,66513,1.0,0.44040293525640767]
[82963,12672,1.0,0.4907560274077469]
[82963,9445,1.0,0.5670148513514969]
[82963,752,1.0,0.4644214231475369]
[82963,66516,1.0,0.44040293525640767]
[82963,71035,1.0,0.5820231060325809]
[82963,53990,1.0,0.4312273143165303]
[82963,18168,1.0,0.4181419311847556]
[82963,68582,1.0,0.41319913532001773]
[82963,57100,1.0,0.5698796816313255]
[82963,49624,1.0,0.4345244543033095]
[82963,4923,1.0,0.6420494739597717]
[82963,29303,1.0,0.43633597931256135]
[82963,53993,1.0,0.4312273143165303]
[82963,39877,1.0,0.49236081443085516]
[82963,51880,1.0,0.5944691222173033]
[82963,68591,1.0,0.4810283852373993]
[82963,53987,1.0,0.4312273143165303]
[82963,19796,1.0,0.46844971177925887]
[82963,40170,1.0,0.41384616052162887]
[82963,61927,1.0,0.5298653179494051]
[82963,5655,1.0,0.5243987373699671]
[82963,49602,1.0,0.4382927251443145]
[82963,34388,1.0,0.48448278457884697]
[82963,61921,1.0,0.5307150225161416]
[25569,25560,1.0,0.9765559906909156]
[25569,25563,1.0,0.9596061267249826]
[99703,15742,1.0,0.4086963881947143]
[25563,25560,1.0,0.9910525421907409]
[61661,57635,1.0,0.5258095011450539]
[63495,29109,1.0,0.6242672308777752]
[63495,42738,1.0,0.6473149950156205]
[113143,113140,1.0,0.9945658731879131]
[57635,42738,1.0,0.5819795228959892]
[36690,36687,1.0,0.9921471266607758]
[127168,115735,1.0,0.5011425636651332]
[127168,121381,1.0,0.49643043650139673]
[81803,65382,1.0,0.4672646507144345]
[115735,40349,1.0,0.6081002616556836]
[115735,50147,1.0,0.4016109327261949]
[115735,37951,1.0,0.4217477529077353]
[115735,63205,1.0,0.5389557841012657]
[115735,40352,1.0,0.6081002616556836]
[29109,29106,1.0,0.9706426551746458]
[79456,79447,1.0,0.988536350152557]
[79456,79453,1.0,0.988536350152557]
[79456,79450,1.0,0.8127530329737577]
[90856,90850,1.0,0.9712554876184042]
[90856,90853,1.0,0.8472200154111421]
[90853,90850,1.0,0.9551211867776802]
[118204,118201,1.0,0.99030040256372]
[29112,29109,1.0,0.7657725521197886]
[29112,29106,1.0,0.9356626629054113]
[63205,63199,1.0,0.9881761805738833]
[63205,63202,1.0,0.9325390872105588]
[79453,79447,1.0,0.9952227536000962]
[79453,79450,1.0,0.7795633052493406]
[121381,66174,1.0,0.44529566787815567]
[121381,63205,1.0,0.5189672077235246]
[40352,40349,1.0,0.993833290446873]
[79450,79447,1.0,0.7795633052493406]
[63202,63199,1.0,0.9677455875907668]
[50264,12522,1.0,0.40682883248743573]
[50264,7367,1.0,0.4629736868696865]
[50264,50261,1.0,0.9922323843947127]
[50267,50264,1.0,0.9940141113486761]
[50267,12522,1.0,0.40650099109670057]
[50267,29862,1.0,0.428023267779526]
[50267,7367,1.0,0.8083047958424276]
[50267,50261,1.0,0.9940141113486761]
[79543,50267,1.0,0.7595009011484104]
[79543,70743,1.0,0.4646474631089131]
[79543,50261,1.0,0.4008379004869033]
[127305,50267,1.0,0.43234601767482883]
[132645,12522,1.0,0.41915048663961235]
[70743,50264,1.0,0.8252513375539258]
[70743,50267,1.0,0.824978249916055]
[70743,7367,1.0,0.683384984103153]
[70743,50261,1.0,0.8252513375539258]
[50261,12522,1.0,0.40682883248743573]
[50261,7367,1.0,0.5024187593238268]
[3091,3088,1.0,0.9927510998302113]
[100306,91721,1.0,0.5331158328417497]
[100306,81224,1.0,0.5809641524355992]
[3626,3620,1.0,0.683795125515374]
[14964,14961,1.0,0.9344113632840526]
[49482,49479,1.0,0.9952227536000962]
[91721,81775,1.0,0.585388587527274]
[91721,12998,1.0,0.5021729622625823]
[91721,40598,1.0,0.5202580010204139]
[91721,63741,1.0,0.4634536864897944]
[91721,3091,1.0,0.6506674128497181]
[91721,31456,1.0,0.499364778069349]
[91721,3088,1.0,0.6506674128497181]
[91721,80125,1.0,0.5640047846292731]
[91721,25198,1.0,0.5014221663339264]
[91721,30733,1.0,0.47063262169798437]
[91721,80503,1.0,0.7674112660581532]
[91721,54040,1.0,0.4048003827922788]
[91721,29618,1.0,0.42137960002943214]
[91721,18735,1.0,0.8163572260944866]
[91721,81224,1.0,0.6342114655517883]
[3629,3620,1.0,0.8688267376766057]
[81224,31456,1.0,0.4123807987792714]
[81224,21593,1.0,0.40150670794120635]
[81224,30733,1.0,0.47275604131847176]
[29203,29200,1.0,0.9952227536000962]
[42021,42018,1.0,0.9709320141816783]
[42021,42015,1.0,0.9952227536000962]
[118453,80362,1.0,0.42307231887994895]
[118453,80365,1.0,0.48395163800073115]
[118453,80356,1.0,0.48709524261759996]
[80362,80356,1.0,0.9649261804060156]
[95665,95662,1.0,0.9770852295737608]
[82205,82196,1.0,0.9829216502323809]
[82205,82199,1.0,0.6997100843009879]
[82205,82202,1.0,0.96432419817999]
[82213,82210,1.0,0.9906816718577978]
[42018,42015,1.0,0.9870637775135184]
[29206,29203,1.0,0.9829714173435662]
[29206,29200,1.0,0.9829714173435662]
[19762,10644,1.0,0.4236440389244215]
[80365,80362,1.0,0.9120726855925524]
[80365,80356,1.0,0.9830523570355123]
[20488,20485,1.0,0.8201418799347732]
[93436,48770,1.0,0.49095999570461446]
[82199,82196,1.0,0.9428294367218836]
[82202,82196,1.0,0.9940141113486761]
[82202,82199,1.0,0.9261735283553478]
[90709,90706,1.0,0.5779293373570824]
[90712,90706,1.0,0.9852952983157007]
[102948,102945,1.0,0.9877726362494229]
[56864,56855,1.0,0.9741809334909161]
[56864,56852,1.0,0.9894945299114337]
[56864,56849,1.0,0.9936282955531263]
[56864,56861,1.0,0.6807606459249168]
[56855,56852,1.0,0.9688450388616926]
[56855,56849,1.0,0.9796250888765996]
[56852,56849,1.0,0.9946939993737459]
[56861,56855,1.0,0.6932246093996506]
[56861,56852,1.0,0.7563766555130489]
[56861,56849,1.0,0.814768858549079]
[56893,56890,1.0,0.8866886933983001]
[56893,56887,1.0,0.9737611212944545]
[117037,89115,1.0,0.4093334906460609]
[84510,14543,1.0,0.5281521872351568]
[84510,84507,1.0,0.9618143977846356]
[77817,77814,1.0,0.9619814132365259]
[95467,95464,1.0,0.7973123805063433]
[56890,56887,1.0,0.9700815665934066]
[83515,83512,1.0,0.9940614722313001]
[118620,118617,1.0,0.9767715356242073]
[54095,54092,1.0,0.9905564682541387]
[90659,90656,1.0,0.7713039552793627]
[118623,118620,1.0,0.9767715356242073]
[118623,118617,1.0,0.9952227536000962]
[27940,27937,1.0,0.9941373313217248]
[100747,100744,1.0,0.9912633224816091]
[84507,14543,1.0,0.4946341446770604]
[84507,60208,1.0,0.6788582747233963]
[1955,745,1.0,0.4429971513830883]
[101814,101805,1.0,0.9806615408277631]
[101814,101811,1.0,0.9736202789155258]
[101814,101808,1.0,0.4669796177595267]
[16314,10497,1.0,0.6953781302193419]
[16314,867,1.0,0.6161806397700587]
[47455,47452,1.0,0.9952227536000962]
[60330,60324,1.0,0.9949785116292866]
[60330,60327,1.0,0.923358231473035]
[60333,60330,1.0,0.9304971091068363]
[60333,60324,1.0,0.9326685157177156]
[60333,60327,1.0,0.9479591779011727]
[101811,101805,1.0,0.9870292138336089]
[101811,101808,1.0,0.48976664598942565]
[122316,41400,1.0,0.4287655454597975]
[122316,33719,1.0,0.4183995168717762]
[101808,101805,1.0,0.6062413271145846]
[86428,36653,1.0,0.5067828779374399]
[47464,47455,1.0,0.9369527755650798]
[47464,47461,1.0,0.9235943102684081]
[47464,47452,1.0,0.9235943102684081]
[47464,47458,1.0,0.9048455209152952]
[47461,47455,1.0,0.9952227536000962]
[47461,47452,1.0,0.9952227536000962]
[47461,47458,1.0,0.9934567839627333]
[45642,45639,1.0,0.911007568991696]
[45642,45636,1.0,0.994205387626701]
[45639,45636,1.0,0.9422244760236127]
[34640,34637,1.0,0.9910149508065733]
[116361,42974,1.0,0.4091316054352816]
[116361,36653,1.0,0.5302383415137145]
[123993,42974,1.0,0.542843704439835]
[123993,36653,1.0,0.4177341484753177]
[41403,41394,1.0,0.9424766031305892]
[41403,41397,1.0,0.9311316376029432]
[41403,41400,1.0,0.8914955418503322]
[41397,41394,1.0,0.9877937768547193]
[85116,10497,1.0,0.449860119002357]
[93539,10497,1.0,0.4098005549933279]
[93539,33719,1.0,0.40710744021780754]
[41400,41394,1.0,0.9877726362494229]
[41400,41397,1.0,0.9698134990846587]
[47458,47455,1.0,0.9901405167085957]
[47458,47452,1.0,0.9901405167085957]
[60327,60324,1.0,0.9257218648713954]
[36653,10497,1.0,0.6469807838025686]
[36653,33719,1.0,0.4424050302687888]
[128154,101425,1.0,0.714709446756653]
[122962,122959,1.0,0.9881132027161743]
[111762,111759,1.0,0.9905564682541387]
[109552,26202,1.0,0.5370373619495088]
[26202,12422,1.0,0.4379572919650871]
[92131,23810,1.0,0.5659994943464314]
[14519,14513,1.0,0.9952227536000962]
[113668,113665,1.0,0.9757283189205398]
[85875,85869,1.0,0.9937616480304277]
[14522,14519,1.0,0.7159606141119232]
[14522,14513,1.0,0.7159606141119232]
[118864,118855,1.0,0.9913970690244505]
[118864,118861,1.0,0.9277241725385382]
[43029,43026,1.0,0.9907453314477414]
[59337,59331,1.0,0.9706833865252711]
[59337,59334,1.0,0.9400328108624959]
[7048,7045,1.0,0.9447502149728287]
[7048,7042,1.0,0.9943624101678011]
[59334,59331,1.0,0.9934567839627333]
[7045,7042,1.0,0.9518882319720918]
[118861,118855,1.0,0.9420311355233079]
[32758,32755,1.0,0.9936282955531263]
[43032,43029,1.0,0.9857469043484915]
[43032,43026,1.0,0.9925229512934376]
[65111,65108,1.0,0.9328875246587435]
[118912,59025,1.0,0.4764099162522105]
[112624,102057,1.0,0.60852716169452]
[112624,59025,1.0,0.43792053756219357]
[102057,44337,1.0,0.40872390640169837]
[102057,44346,1.0,0.4054468228576231]
[44337,44334,1.0,0.9815593082664769]
[44346,44334,1.0,0.9904713307155026]
[44346,44337,1.0,0.9846599034236256]
[73899,44337,1.0,0.4740978409989241]
[73899,44346,1.0,0.46796341309229755]
[124294,57561,1.0,0.44657985824608565]
[124294,57564,1.0,0.4309996586003149]
[57564,57561,1.0,0.9740308969300391]
[73324,28054,1.0,0.5210256349354034]
[85515,85512,1.0,0.934015859881053]
[108079,108076,1.0,0.9905564682541387]
[85521,85515,1.0,0.4136581989764901]
[85521,85518,1.0,0.5351213014157115]
[85521,85512,1.0,0.6311467495864937]
[85518,85515,1.0,0.9076745613338476]
[85518,85512,1.0,0.9890937904579478]
[108082,108079,1.0,0.9492640218965746]
[108082,108076,1.0,0.9702244282255378]
[132624,49641,1.0,0.5225522137437065]
[132624,49638,1.0,0.5225522137437065]
[49641,49638,1.0,0.9946784065926364]
[122604,122598,1.0,0.9865100555301104]
[122604,122601,1.0,0.9771081483178311]
[122601,122598,1.0,0.9914756223331858]
[99619,99616,1.0,0.9209901098673113]
[35854,35851,1.0,0.9952227536000962]
[31270,26389,1.0,0.717167533671082]
[33999,3414,1.0,0.44300375519565854]
[73371,3249,1.0,0.4403911031044717]
[114601,3249,1.0,0.4846026311099885]
[67747,3414,1.0,0.41263720690849587]
[84482,3414,1.0,0.5317662979774159]
[46313,3414,1.0,0.47927837369543325]
[6257,3249,1.0,0.46095906232271505]
[20169,3249,1.0,0.4398884347322276]
[83926,3414,1.0,0.4706805791527239]
[82694,33999,1.0,0.4067029852000244]
[82694,22089,1.0,0.43902559807122893]
[82694,46313,1.0,0.46432899891336443]
[82694,34951,1.0,0.5818595312702846]
[82694,55137,1.0,0.5343678511655077]
[82694,4879,1.0,0.527091206125101]
[82694,1424,1.0,0.588839998723438]
[82694,30479,1.0,0.44729188549679155]
[82694,17114,1.0,0.7886978913377218]
[82694,64274,1.0,0.4243024026907253]
[16939,3249,1.0,0.6425519453556862]
[83929,83926,1.0,0.567145414449818]
[118083,82694,1.0,0.6305540306735533]
[118083,3249,1.0,0.4725388354760055]
[118083,17114,1.0,0.5555907630986904]
[118083,3414,1.0,0.7225826288879356]
[77482,16939,1.0,0.4881526379768378]
[77482,3249,1.0,0.573074614184801]
[55137,17114,1.0,0.4008207556247609]
[117064,73371,1.0,0.4181606186337428]
[117064,114601,1.0,0.4340962546166502]
[117064,6257,1.0,0.4427234241512025]
[117064,16939,1.0,0.7187783941542377]
[117064,928,1.0,0.41711559378538005]
[117064,3249,1.0,0.4226702949756303]
[117064,6260,1.0,0.4083053478682361]
[117064,53509,1.0,0.6955920693755873]
[117064,53512,1.0,0.6955920693755873]
[117064,8842,1.0,0.4802825490705602]
[117064,1086,1.0,0.5390308956085245]
[117064,6263,1.0,0.4427234241512025]
[117064,80023,1.0,0.5754872878716313]
[117064,96007,1.0,0.4618834656492049]
[117064,22468,1.0,0.4013126838041716]
[6260,6257,1.0,0.978568147513226]
[6260,3249,1.0,0.46095906232271505]
[130681,82694,1.0,0.4966978118565538]
[130681,64274,1.0,0.424117747709685]
[4879,3414,1.0,0.5289214827752988]
[30479,3414,1.0,0.44299163021175225]
[22305,3414,1.0,0.4243863862406867]
[53512,53509,1.0,0.9881761805738833]
[8842,3249,1.0,0.4712156236452929]
[126298,126292,1.0,0.9337394644052772]
[126298,126295,1.0,0.9337394644052772]
[39455,3414,1.0,0.5128046464889814]
[6263,6257,1.0,0.9877726362494229]
[6263,6260,1.0,0.9699106226415479]
[17114,3414,1.0,0.7781392602563668]
[38720,3414,1.0,0.48769966097353795]
[22231,17114,1.0,0.43297606200639366]
[22231,3414,1.0,0.4592777940705248]
[126295,126292,1.0,0.9952227536000962]
[64274,17114,1.0,0.5227866845205511]
[64274,3414,1.0,0.6651956141641087]
[118086,82694,1.0,0.6305540306735533]
[118086,118083,1.0,0.9929243387519429]
[118086,3249,1.0,0.4725388354760055]
[118086,17114,1.0,0.5555907630986904]
[118086,3414,1.0,0.7225826288879356]
[107812,82694,1.0,0.4313486957499784]
[3414,1424,1.0,0.41522691062505124]
[96007,3249,1.0,0.5218739758315011]
[22468,3249,1.0,0.43577991700942165]
[114117,114111,1.0,0.6647787855377427]
[114117,114114,1.0,0.8477487593862356]
[28080,17558,1.0,0.6081045687440094]
[106698,28080,1.0,0.5481725174692608]
[106698,17558,1.0,0.5081580282418336]
[114123,114117,1.0,0.4142120033776792]
[114123,114111,1.0,0.942812868573504]
[114123,114114,1.0,0.942812868573504]
[114123,114120,1.0,0.6317457690317264]
[114114,114111,1.0,0.9952227536000962]
[82127,28080,1.0,0.5123334197041225]
[82127,17558,1.0,0.5617217219852909]
[84774,28080,1.0,0.48594087617739684]
[84774,17558,1.0,0.43866798411380054]
[114126,114117,1.0,0.7610346201562437]
[114126,28080,1.0,0.5228408272208389]
[114126,17558,1.0,0.6363141413185527]
[114126,114114,1.0,0.46639582298247073]
[114120,114111,1.0,0.8507251936161963]
[114120,114114,1.0,0.8507251936161963]
[88827,17558,1.0,0.5401632377144753]
[77453,34035,1.0,0.4510279055554284]
[77412,34035,1.0,0.42840187959513676]
[25659,7580,1.0,0.7641610105126437]
[80333,34035,1.0,0.4514194688433104]
[128643,107608,1.0,0.4842973011372084]
[69132,69129,1.0,0.9670419177692605]
[69132,69126,1.0,0.9670419177692605]
[69135,69132,1.0,0.9152837963056573]
[69135,69129,1.0,0.9800847052072561]
[69135,69126,1.0,0.9800847052072561]
[101299,21580,1.0,0.44495630087343907]
[69141,69132,1.0,0.9369700651884596]
[69141,69135,1.0,0.9429866077684171]
[69141,69129,1.0,0.9757894044845583]
[69141,69126,1.0,0.9757894044845583]
[69141,69138,1.0,0.9678638074046819]
[69129,69126,1.0,0.9952227536000962]
[50937,50934,1.0,0.9166083120714618]
[49461,6912,1.0,0.5210203587796584]
[129274,107608,1.0,0.5607132331320497]
[107608,37597,1.0,0.5216273692614782]
[107608,6912,1.0,0.8338674970090098]
[107608,92714,1.0,0.49131895517619684]
[107608,68636,1.0,0.45934856858911516]
[107608,29778,1.0,0.47493325282027543]
[107608,49461,1.0,0.505528668725709]
[107608,84823,1.0,0.49392167610907767]
[107608,105790,1.0,0.42293093296257483]
[69138,69132,1.0,0.9673983271340573]
[69138,69135,1.0,0.9742033945573428]
[69138,69129,1.0,0.9918756543936526]
[69138,69126,1.0,0.9918756543936526]
[25761,18509,1.0,0.4343466251562199]
[25761,12669,1.0,0.4099514192011265]
[128263,128260,1.0,0.9835633166244331]
[32854,32851,1.0,0.9785742959527289]
[64083,57527,1.0,0.6094198262705351]
[118233,118230,1.0,0.9912842060123909]
[4930,4924,1.0,0.9941059642015295]
[4930,4921,1.0,0.994342093446844]
[69687,69681,1.0,0.992401980840966]
[69687,69684,1.0,0.9825054848646226]
[74800,74797,1.0,0.894140010117807]
[4924,4921,1.0,0.9950198389614197]
[57527,25761,1.0,0.5111188091595262]
[57527,4924,1.0,0.4713042009787156]
[57527,18509,1.0,0.5342399789737521]
[75106,75103,1.0,0.9877726362494229]
[81980,12637,1.0,0.4717048284960959]
[18236,12637,1.0,0.43093699272086416]
[29431,12637,1.0,0.5827645459069174]
[69690,69687,1.0,0.9773366702169761]
[69690,69681,1.0,0.9779985176606999]
[69690,69684,1.0,0.9472347233454849]
[112314,112308,1.0,0.9918426894149314]
[64627,25761,1.0,0.41816439069338057]
[69684,69681,1.0,0.9838993432820307]
[61402,47471,1.0,0.4876285586281019]
[88096,12637,1.0,0.5524441024903745]
[88096,81980,1.0,0.4084626537115526]
[54441,54438,1.0,0.9952227536000962]
[115063,62991,1.0,0.4406536823233244]
[107671,107662,1.0,0.9952227536000962]
[107671,107665,1.0,0.9827347744399623]
[107671,107668,1.0,0.6695956339488557]
[55443,55440,1.0,0.9832618346200315]
[90154,78528,1.0,0.4442353803734687]
[49880,49871,1.0,0.9822823109963214]
[49880,49874,1.0,0.9732232533702723]
[32474,32471,1.0,0.9888112534224109]
[107665,107662,1.0,0.9827347744399623]
[54444,54441,1.0,0.6001728497876343]
[54444,54438,1.0,0.6001728497876343]
[62991,27924,1.0,0.40609368267220375]
[55446,55443,1.0,0.829146946923576]
[55446,55440,1.0,0.9590582303160555]
[121411,13310,1.0,0.4185535424179038]
[121411,94960,1.0,0.4499074956364629]
[121411,62991,1.0,0.47159539576214626]
[107668,107662,1.0,0.6695956339488557]
[107668,107665,1.0,0.48786792649102945]
[49874,49871,1.0,0.9923958418221456]
[54447,54441,1.0,0.9941331399080218]
[54447,54438,1.0,0.9941331399080218]
[54447,54444,1.0,0.6001728497876343]
[87816,87813,1.0,0.9257218648713954]
[82667,82664,1.0,0.9685918901514013]
[82667,82661,1.0,0.9778715273596276]
[82670,82667,1.0,0.9328408245317017]
[82670,82664,1.0,0.9783487862840237]
[82670,82661,1.0,0.9832673808476664]
[82664,82661,1.0,0.9919349850353462]
[87338,82667,1.0,0.428056345043349]
[59355,59349,1.0,0.831901525389262]
[59355,59352,1.0,0.6426434907000966]
[61154,61151,1.0,0.9952227536000962]
[66592,66589,1.0,0.9624038997173646]
[105157,7198,1.0,0.5730815335956717]
[69434,69431,1.0,0.9602980087283812]
[69434,69428,1.0,0.9602980087283812]
[98869,15877,1.0,0.43867576759383]
[66595,66592,1.0,0.5722249150579851]
[66595,66589,1.0,0.7155620143812439]
[39911,39908,1.0,0.9906024818194271]
[71587,71584,1.0,0.9941602680133967]
[59358,59349,1.0,0.9923958418221456]
[59358,59355,1.0,0.7442622330274985]
[59358,59352,1.0,0.9647934020316953]
[59352,59349,1.0,0.9717079779415841]
[91057,69919,1.0,0.48355923625176617]
[69431,69428,1.0,0.9952227536000962]
[69922,69919,1.0,0.9899094707578215]
[69922,69916,1.0,0.9899094707578215]
[69919,15877,1.0,0.6267429291385611]
[69919,22766,1.0,0.6228780162014904]
[69919,19324,1.0,0.6249079815912417]
[69919,69916,1.0,0.9952227536000962]
[20875,20869,1.0,0.98111153478768]
[61157,61154,1.0,0.9939115630013113]
[61157,61151,1.0,0.9939115630013113]
[69437,69434,1.0,0.9519014505579768]
[69437,69431,1.0,0.9938804711395797]
[69437,69428,1.0,0.9938804711395797]
[110548,15877,1.0,0.41450426700525794]
[66598,66592,1.0,0.9810084176325732]
[66598,66595,1.0,0.4995437193282808]
[66598,66589,1.0,0.9929318100825512]
[63216,63213,1.0,0.7431311255593783]
[63216,63210,1.0,0.9923958418221456]
[7190,7187,1.0,0.9809315958531089]
[63213,63210,1.0,0.8006530522556377]
[65578,13899,1.0,0.47003024379091607]
[9750,9747,1.0,0.9544185866300844]
[93096,93093,1.0,0.9946149626479851]
[97185,67336,1.0,0.4645163529396746]
[62836,17425,1.0,0.4824501128809842]
[62836,2794,1.0,0.47632180647345357]
[97803,93091,1.0,0.4912025698242088]
[97803,67336,1.0,0.42295090164362]
[69184,62836,1.0,0.4466604574919426]
[109996,62836,1.0,0.5349546150941176]
[3825,3816,1.0,0.9601079019788153]
[3825,3822,1.0,0.9363401384133274]
[3825,3819,1.0,0.897695396472288]
[99556,99553,1.0,0.9824873829496175]
[3822,3816,1.0,0.9914756223331858]
[3822,3819,1.0,0.9778918072690468]
[3819,3816,1.0,0.9832332261128869]
[89241,62836,1.0,0.4652299038970934]
[57863,57860,1.0,0.9952227536000962]
[57863,57857,1.0,0.9952227536000962]
[107368,107356,1.0,0.9911457621988602]
[107368,107359,1.0,0.8811944185839801]
[49500,49494,1.0,0.7714528384696661]
[49500,49497,1.0,0.7290275383480399]
[99834,57863,1.0,0.4704364544161583]
[99834,65994,1.0,0.4170571417514543]
[99834,57857,1.0,0.4704364544161583]
[125077,67436,1.0,0.4135775917565883]
[125077,99834,1.0,0.7460609930158985]
[125077,65994,1.0,0.4431411419691242]
[119322,119310,1.0,0.9909987016806506]
[8552,8540,1.0,0.9945081630075626]
[8552,8543,1.0,0.9792984988851344]
[8552,8549,1.0,0.9759877694732317]
[31307,31301,1.0,0.9945081630075626]
[57860,57857,1.0,0.9952227536000962]
[31310,31307,1.0,0.9908925810003657]
[31310,31301,1.0,0.9931484548490003]
[49497,49494,1.0,0.97791447351578]
[8543,8540,1.0,0.9941113773414735]
[8549,8540,1.0,0.9786861922730326]
[8549,8543,1.0,0.9329189060701056]
[107359,107356,1.0,0.9236222310023984]
[45030,30781,1.0,0.5498474527482544]
[10450,10447,1.0,0.9362567172183751]
[30781,24221,1.0,0.4047244884866728]
[76903,76897,1.0,0.9946149626479851]
[76903,76900,1.0,0.9117502224756744]
[10456,10450,1.0,0.9362567172183751]
[10456,10453,1.0,0.9925500138987969]
[10456,10447,1.0,0.9952227536000962]
[105723,30781,1.0,0.7640248520492277]
[105723,46002,1.0,0.8069706183090514]
[105723,46005,1.0,0.8208803181487]
[105723,45999,1.0,0.8207737037803131]
[105723,45996,1.0,0.8319273312145123]
[105723,10459,1.0,0.4349287654463084]
[105723,54065,1.0,0.47845789845682624]
[45042,45030,1.0,0.9877726362494229]
[45042,30781,1.0,0.611500723987628]
[45042,45033,1.0,0.9753173074362295]
[45042,45039,1.0,0.8703003768562236]
[45042,45036,1.0,0.9797608061294161]
[34451,30781,1.0,0.4703567814729635]
[45033,45030,1.0,0.9891233041798274]
[45033,30781,1.0,0.5498474527482544]
[46002,45999,1.0,0.8072584256853552]
[46002,45996,1.0,0.8507191520446371]
[76906,76903,1.0,0.9888468591641296]
[76906,76897,1.0,0.9931164783355245]
[76906,76900,1.0,0.8243260663230806]
[58980,46005,1.0,0.47423393275056386]
[58980,45999,1.0,0.47423393275056386]
[58980,45996,1.0,0.47423393275056386]
[46005,30781,1.0,0.5356605179698031]
[46005,46002,1.0,0.8042240786232148]
[46005,45999,1.0,0.9918228182237036]
[46005,45996,1.0,0.9919839916101322]
[128641,30781,1.0,0.4532403349898941]
[45999,30781,1.0,0.5356605179698031]
[45999,45996,1.0,0.9947262821994]
[93017,93011,1.0,0.9611038897081189]
[93017,46842,1.0,0.410241191818516]
[46569,30781,1.0,0.6681899799991327]
[31097,30781,1.0,0.40409833066598183]
[45045,45030,1.0,0.8629539151898076]
[45045,30781,1.0,0.5225963671643782]
[45045,45042,1.0,0.8090609597609534]
[45045,45033,1.0,0.8472445199293416]
[45045,45039,1.0,0.4344394771041248]
[45045,45036,1.0,0.7922109215100849]
[45039,45030,1.0,0.9209901098673113]
[45039,30781,1.0,0.5393427571029737]
[45039,45033,1.0,0.8501453003486827]
[45039,45036,1.0,0.8783837223013795]
[88175,30781,1.0,0.6508617903696395]
[88175,76903,1.0,0.46667367182222436]
[88175,46002,1.0,0.4277396767585612]
[88175,46842,1.0,0.4260763718040256]
[45036,45030,1.0,0.9905564682541387]
[45036,30781,1.0,0.5151897715225868]
[45036,45033,1.0,0.9800912300462007]
[10453,10450,1.0,0.9140353550575141]
[10453,10447,1.0,0.9925500138987969]
[45996,30781,1.0,0.5356605179698031]
[76900,76897,1.0,0.8637749209375766]
[10459,10450,1.0,0.9362567172183751]
[10459,10456,1.0,0.9952227536000962]
[10459,10453,1.0,0.9952227536000962]
[10459,10447,1.0,0.9952227536000962]
[62820,30781,1.0,0.691405705966357]
[62820,46002,1.0,0.4911846942394468]
[62820,46005,1.0,0.47417946531264876]
[62820,45999,1.0,0.47184817920152]
[62820,46842,1.0,0.4102347779771286]
[62820,45996,1.0,0.4767189905992555]
[95362,95359,1.0,0.979235877221246]
[95362,95356,1.0,0.9750387589166103]
[95362,95353,1.0,0.9888103411039121]
[70544,32836,1.0,0.5446780411795455]
[61987,29905,1.0,0.494373723135277]
[1967,1961,1.0,0.9952227536000962]
[1967,1964,1.0,0.9883056007822774]
[1976,1967,1.0,0.9952227536000962]
[1976,1961,1.0,0.9926278674655746]
[1976,1973,1.0,0.9861421297111657]
[1976,1964,1.0,0.9679929657426382]
[59544,59541,1.0,0.9900021741548231]
[70209,29905,1.0,0.4331672959952851]
[59567,29905,1.0,0.5918045523047522]
[89354,1967,1.0,0.5403654739178997]
[105312,29905,1.0,0.41360350165830323]
[91081,91078,1.0,0.941586998647941]
[95365,95362,1.0,0.9916091181149165]
[95365,62729,1.0,0.4098794208004634]
[95365,95359,1.0,0.9940764349683537]
[95365,95356,1.0,0.9909812497880855]
[95365,95353,1.0,0.9940764349683537]
[79579,79576,1.0,0.8946189423162497]
[1973,1967,1.0,0.9952227536000962]
[1973,1961,1.0,0.9842365892721153]
[1973,1964,1.0,0.9392610440335825]
[95359,95356,1.0,0.984298064779733]
[95359,29905,1.0,0.43835289931758176]
[95359,95353,1.0,0.990515878461667]
[120138,120132,1.0,0.9917078563273782]
[79582,79576,1.0,0.966354297146497]
[79582,79579,1.0,0.9176853509734005]
[109159,1967,1.0,0.42936718163223503]
[109159,95365,1.0,0.506850901625528]
[109159,19026,1.0,0.4060149357883579]
[109159,53791,1.0,0.4833629173900018]
[109159,91084,1.0,0.48542708830115]
[109159,97332,1.0,0.44481023721320795]
[109159,89762,1.0,0.43591061326275643]
[109159,29905,1.0,0.6128151088806579]
[109159,32836,1.0,0.5073025799765686]
[91084,89160,1.0,0.41856855649054203]
[91084,91081,1.0,0.6417397583812712]
[91084,79049,1.0,0.4286575548540512]
[91084,91078,1.0,0.8695664175755972]
[30410,29905,1.0,0.4117653653105551]
[97332,59544,1.0,0.48386158860038453]
[97332,59541,1.0,0.49082816952737585]
[97332,29905,1.0,0.4594834048521204]
[116986,70544,1.0,0.41317586006944657]
[116986,59544,1.0,0.4980138584229821]
[116986,59541,1.0,0.5042832033713868]
[116986,97332,1.0,0.48238265223331206]
[95356,95353,1.0,0.9837398476145416]
[89762,70209,1.0,0.7160167326479855]
[1964,1961,1.0,0.9775743058797165]
[111507,89762,1.0,0.5246615256437638]
[63127,63124,1.0,0.9919383972735468]
[67959,27215,1.0,0.47716646968139587]
[1564,1561,1.0,0.9775461158676962]
[43923,43920,1.0,0.9708362740918139]
[67016,43926,1.0,0.4110633737202776]
[33371,12082,1.0,0.6917425402851616]
[43926,43923,1.0,0.9887472265272793]
[43926,43920,1.0,0.9945658731879131]
[52604,48196,1.0,0.4456330213071471]
[68018,68012,1.0,0.9868007014481848]
[68018,68015,1.0,0.9786592753496024]
[64246,48196,1.0,0.46591474960903956]
[112491,48196,1.0,0.41477221679253695]
[109981,109978,1.0,0.9938804711395797]
[35229,13123,1.0,0.43697338617236386]
[48196,13123,1.0,0.6081934288900536]
[48196,33371,1.0,0.7742827641360067]
[48196,4973,1.0,0.5354263592789729]
[48196,10182,1.0,0.552977465264041]
[48196,12082,1.0,0.7174161766354177]
[103294,48196,1.0,0.43032032125217246]
[127459,48196,1.0,0.4083501413577684]
[127459,12082,1.0,0.46973089217216657]
[109984,109981,1.0,0.9845345903374507]
[109984,109978,1.0,0.992100457682706]
[64249,64246,1.0,0.9570382631679512]
[64249,48196,1.0,0.46481456326922077]
[68015,68012,1.0,0.9890874927252429]
[12866,12860,1.0,0.9877726362494229]
[12866,12863,1.0,0.5174185140699239]
[12869,12866,1.0,0.9773376173177042]
[12869,12860,1.0,0.9902974601753344]
[12869,12863,1.0,0.6099106386221061]
[12863,12860,1.0,0.621246797838672]
[29481,29478,1.0,0.9755572408594388]
[42793,42787,1.0,0.9904437120505561]
[42793,42790,1.0,0.9819575444513916]
[55869,55866,1.0,0.9553848937139878]
[55869,55863,1.0,0.9879515936243319]
[29395,29386,1.0,0.9952227536000962]
[29395,29392,1.0,0.9607263032159221]
[126157,83607,1.0,0.612289070115107]
[48046,48043,1.0,0.9798856366728502]
[55872,55869,1.0,0.9907930890387058]
[55872,55866,1.0,0.9669617573778623]
[55872,55863,1.0,0.9916928888813668]
[29392,29386,1.0,0.9607263032159221]
[48049,48046,1.0,0.8963434789790812]
[48049,48043,1.0,0.9642617017470446]
[55866,55863,1.0,0.9800914058880972]
[42790,42787,1.0,0.9839224657413369]
[57122,57116,1.0,0.9899591876794006]
[57122,57119,1.0,0.99147482611896]
[87346,87343,1.0,0.9146573571764897]
[87346,87340,1.0,0.9485266359686788]
[9952,9949,1.0,0.9914756223331858]
[17820,17817,1.0,0.9808197926769234]
[57125,57122,1.0,0.9899591876794006]
[57125,57116,1.0,0.9952227536000962]
[57125,57119,1.0,0.9918818867765093]
[87343,87340,1.0,0.9912184848284086]
[57119,57116,1.0,0.9918818867765093]
[9955,9949,1.0,0.9877726362494229]
[9955,9952,1.0,0.9794979706191342]
[88386,88383,1.0,0.9339395245256631]
[88386,88380,1.0,0.9896506991301149]
[88386,88377,1.0,0.9770713721165813]
[88383,88380,1.0,0.9778913468182916]
[88383,88377,1.0,0.982122803563421]
[94182,88380,1.0,0.44539643710336585]
[94188,94182,1.0,0.9781584660889996]
[94188,88380,1.0,0.5165825432405649]
[94188,94185,1.0,0.948617443569744]
[88380,88377,1.0,0.9900578594334317]
[94185,94182,1.0,0.9867593649390504]
[94185,88380,1.0,0.44539643710336585]
[81602,81599,1.0,0.9913775282672953]
[81611,81602,1.0,0.9584777296113517]
[81611,81608,1.0,0.9239005327855524]
[81611,81599,1.0,0.9643266946812641]
[81611,81605,1.0,0.9205829271736136]
[81608,81602,1.0,0.9277938279758199]
[81608,81599,1.0,0.9306274634055788]
[81608,81605,1.0,0.8767082214475785]
[81614,81602,1.0,0.9847706442382118]
[81614,81611,1.0,0.9469109922103943]
[81614,81608,1.0,0.9843026398735388]
[81614,81599,1.0,0.9909728179801929]
[81614,81605,1.0,0.9803580253151184]
[81605,81602,1.0,0.9782457531853411]
[81605,81599,1.0,0.9868364101682048]
[34591,34588,1.0,0.9939673730620086]
[34594,34591,1.0,0.9762258180629262]
[34594,34588,1.0,0.9762258180629262]
[34600,34591,1.0,0.8657079526163954]
[34600,34594,1.0,0.9464838038534131]
[34600,34588,1.0,0.9288775909051605]
[34600,34597,1.0,0.9656864446647964]
[34597,34591,1.0,0.9952227536000962]
[34597,34594,1.0,0.9852952983157007]
[34597,34588,1.0,0.9952227536000962]
[105411,34597,1.0,0.4738963578610351]
[120238,34597,1.0,0.6730942818615406]
[34603,34591,1.0,0.9821044668861639]
[34603,34594,1.0,0.9762258180629262]
[34603,34600,1.0,0.8957375251648685]
[34603,34588,1.0,0.9952227536000962]
[34603,34597,1.0,0.9952227536000962]
[42684,42678,1.0,0.9165697857699785]
[42684,42681,1.0,0.9010324021723608]
[42681,42678,1.0,0.9938289672647332]
[101187,101184,1.0,0.8149208344636534]
[84560,65627,1.0,0.4288475913045307]
[57572,57569,1.0,0.9952227536000962]
[101193,101187,1.0,0.6005494378115862]
[101193,101184,1.0,0.9718691814140022]
[101193,101190,1.0,0.9718691814140022]
[101190,101187,1.0,0.8149208344636534]
[101190,101184,1.0,0.9952227536000962]
[101190,84560,1.0,0.4514397732794624]
[77031,77028,1.0,0.9490623265330792]
[77031,77025,1.0,0.9787631077502266]
[77031,77022,1.0,0.9888215514612141]
[77034,77031,1.0,0.9487043860562696]
[77034,77028,1.0,0.7994662673288535]
[77034,77025,1.0,0.9595795176931717]
[77034,77022,1.0,0.9579516493236903]
[77028,77025,1.0,0.9532439314950535]
[77028,77022,1.0,0.9720294332849446]
[77025,77022,1.0,0.9940141113486761]
[10440,10437,1.0,0.9807527671933689]
[92978,64997,1.0,0.7439984628073931]
[92978,54185,1.0,0.4191890968501622]
[40427,40424,1.0,0.987747021475227]
[40427,40421,1.0,0.9907656763915326]
[72572,42344,1.0,0.6315920206598414]
[40424,40421,1.0,0.9918756543936526]
[28143,28131,1.0,0.9952227536000962]
[28143,28140,1.0,0.990714264823106]
[28143,28137,1.0,0.9952227536000962]
[28140,28131,1.0,0.9946065170958023]
[28140,28137,1.0,0.9946065170958023]
[28137,28131,1.0,0.9952227536000962]
[85331,84803,1.0,0.5241244450033247]
[37437,37434,1.0,0.9952227536000962]
[104208,104205,1.0,0.9905564682541387]
[67408,67405,1.0,0.9935918569075104]
[108165,108162,1.0,0.9815828706100331]
[89440,89437,1.0,0.9551497443188914]
[92369,89437,1.0,0.4150883691783128]
[92369,89446,1.0,0.4150883691783128]
[89446,89437,1.0,0.9948237371826054]
[89446,89440,1.0,0.9522714460657312]
[89446,89443,1.0,0.9898237330557756]
[89443,89437,1.0,0.9905564682541387]
[89443,89440,1.0,0.9265263948247326]
[82509,9732,1.0,0.4522142771252077]
[31658,9732,1.0,0.4212876252628436]
[85733,75404,1.0,0.4510942623686585]
[20668,20665,1.0,0.9748395298808419]
[20668,9446,1.0,0.45447384551582615]
[20668,20662,1.0,0.9794967727644228]
[20668,4705,1.0,0.5064099563880268]
[20665,9446,1.0,0.44947961925617275]
[20665,20662,1.0,0.9939287085123063]
[20665,4705,1.0,0.5019500639641967]
[27135,9446,1.0,0.43933566948004493]
[27135,4705,1.0,0.5074730593365908]
[54495,9446,1.0,0.41503153322298436]
[28092,28083,1.0,0.990170542669388]
[28092,9446,1.0,0.4308581342549152]
[28092,1948,1.0,0.4075276877568692]
[28092,28089,1.0,0.990170542669388]
[28092,28086,1.0,0.982089517445596]
[103530,4705,1.0,0.4236160562651055]
[59763,9446,1.0,0.5065245700385522]
[59763,36033,1.0,0.4297767136292964]
[115468,115462,1.0,0.9936734116065394]
[115468,9446,1.0,0.49166282564944236]
[115468,93471,1.0,0.48509794953164553]
[115468,93474,1.0,0.48509794953164553]
[115468,36033,1.0,0.599305974981293]
[115468,1948,1.0,0.44374317483932785]
[115468,67530,1.0,0.5800599985019684]
[115468,42109,1.0,0.5886240839486554]
[115468,115465,1.0,0.7591950624630587]
[115468,4705,1.0,0.53817251298281]
[30751,9446,1.0,0.6051717904988959]
[12246,9446,1.0,0.4186288412649302]
[12246,4705,1.0,0.4261310279663787]
[114513,9446,1.0,0.5483503668605941]
[114513,106837,1.0,0.5872395785707579]
[114513,93471,1.0,0.4874072140430194]
[114513,93474,1.0,0.4874072140430194]
[114513,36033,1.0,0.4530762197013692]
[114513,74004,1.0,0.5652720848767517]
[114513,4705,1.0,0.47857782711361674]
[34501,4705,1.0,0.44921433813156775]
[67616,9446,1.0,0.5739330173811105]
[67616,67530,1.0,0.427312055009325]
[67616,4705,1.0,0.43042654333125185]
[28985,9446,1.0,0.6106000298777139]
[28985,1948,1.0,0.5175488345556778]
[28985,4705,1.0,0.629042929085248]
[42100,9446,1.0,0.4565828740801585]
[42100,4705,1.0,0.5382292855019982]
[82854,9446,1.0,0.5512142672958196]
[28083,9446,1.0,0.4844640954609464]
[28083,1948,1.0,0.4075276877568692]
[28183,9446,1.0,0.4185119966608143]
[28183,4705,1.0,0.4655970838214308]
[35065,9446,1.0,0.4798894060650797]
[35065,1948,1.0,0.4749376814158083]
[91222,9446,1.0,0.4785022500019602]
[91222,74004,1.0,0.4968510399047449]
[91222,42109,1.0,0.429330865795277]
[58251,9446,1.0,0.6026889451128483]
[58251,4705,1.0,0.40297383678823323]
[57042,57039,1.0,0.9846379074206234]
[44856,4705,1.0,0.5199002160757402]
[9446,4159,1.0,0.4993546618427163]
[9446,1948,1.0,0.8235447600155136]
[75669,9446,1.0,0.42682190009998616]
[75669,36033,1.0,0.41489363525053286]
[75669,74004,1.0,0.4836745643791556]
[35061,9446,1.0,0.49825422864954694]
[106837,30751,1.0,0.5811470398922354]
[106837,98130,1.0,0.4472769348698869]
[106837,67616,1.0,0.4045862558226369]
[106837,28985,1.0,0.5868180622499454]
[106837,42100,1.0,0.43056117612393097]
[106837,82854,1.0,0.6441739028505267]
[106837,28183,1.0,0.5395426393576793]
[106837,91222,1.0,0.5153394997479953]
[106837,58251,1.0,0.43866641507922843]
[106837,57042,1.0,0.4074039983987477]
[106837,44856,1.0,0.4179320427361425]
[106837,9446,1.0,0.4532282500886524]
[106837,75669,1.0,0.5446927496854832]
[106837,35061,1.0,0.4157966985308301]
[106837,62933,1.0,0.6288909607597963]
[106837,29162,1.0,0.43001494756028674]
[106837,23422,1.0,0.4339740859973769]
[106837,32831,1.0,0.649848866937605]
[106837,42103,1.0,0.43056117612393097]
[106837,57477,1.0,0.5343015657027075]
[106837,36033,1.0,0.8132300085018798]
[106837,72287,1.0,0.5726501159385937]
[106837,1948,1.0,0.7779050214378711]
[106837,83075,1.0,0.43585396380532415]
[106837,57039,1.0,0.41714858671221516]
[106837,18235,1.0,0.4195978255149259]
[106837,47531,1.0,0.624213405069954]
[106837,43009,1.0,0.560086965403194]
[106837,94105,1.0,0.43886397045134506]
[106837,77633,1.0,0.42258800210970265]
[106837,9560,1.0,0.41559187248290286]
[106837,74004,1.0,0.5821150839790701]
[106837,26469,1.0,0.47839395871422274]
[106837,25461,1.0,0.4305822489438733]
[106837,67530,1.0,0.763693729676994]
[106837,42109,1.0,0.43056117612393097]
[106837,98136,1.0,0.4472769348698869]
[106837,57301,1.0,0.5354138812354299]
[106837,22486,1.0,0.45050369812563235]
[106837,98139,1.0,0.44099339211924865]
[106837,49588,1.0,0.41387999304305306]
[106837,42106,1.0,0.4270443837433696]
[106837,62533,1.0,0.5202639208875475]
[106837,38603,1.0,0.6173291867738909]
[106837,91595,1.0,0.5094010606582261]
[106837,57480,1.0,0.6549208264722769]
[106837,4705,1.0,0.4270396018496273]
[106837,81773,1.0,0.4745021404320853]
[106837,88034,1.0,0.5865652333931657]
[62933,9446,1.0,0.4116560576684907]
[127164,54495,1.0,0.45759620864454104]
[127164,28092,1.0,0.41284310702561583]
[127164,115462,1.0,0.4617786651931222]
[127164,103530,1.0,0.4343408542109587]
[127164,59763,1.0,0.499616238867773]
[127164,115468,1.0,0.7637161336855094]
[127164,114513,1.0,0.4274283645083069]
[127164,34501,1.0,0.4010792184455599]
[127164,28985,1.0,0.713378148459605]
[127164,82854,1.0,0.449694588641735]
[127164,28083,1.0,0.41284310702561583]
[127164,58251,1.0,0.41672198526390586]
[127164,44856,1.0,0.435138290760512]
[127164,106837,1.0,0.4052999688876968]
[127164,29162,1.0,0.5844776854942031]
[127164,115329,1.0,0.567799899914354]
[127164,32831,1.0,0.7401236983127161]
[127164,57477,1.0,0.6238588863999918]
[127164,36033,1.0,0.6025765124427085]
[127164,1948,1.0,0.822349138802926]
[127164,44215,1.0,0.4175870373915405]
[127164,57039,1.0,0.4195255546280993]
[127164,28095,1.0,0.4752336548813832]
[127164,28089,1.0,0.41284310702561583]
[127164,94105,1.0,0.41724587319540485]
[127164,1562,1.0,0.5197688117810721]
[127164,25461,1.0,0.4083261832275153]
[127164,67530,1.0,0.727999559976481]
[127164,28086,1.0,0.41284310702561583]
[127164,1119,1.0,0.4377594925254406]
[127164,38313,1.0,0.5080121719933809]
[127164,49588,1.0,0.41449675978120765]
[127164,51563,1.0,0.42070212568221255]
[127164,38603,1.0,0.6497440632066825]
[127164,57480,1.0,0.700092995264588]
[115329,106837,1.0,0.43562368789644296]
[115329,93471,1.0,0.4629884943203738]
[115329,93474,1.0,0.4629884943203738]
[115329,1948,1.0,0.4269923833524545]
[115329,67530,1.0,0.47902363177915314]
[23422,9446,1.0,0.6369028127008253]
[129640,27135,1.0,0.5178388378381791]
[129640,103530,1.0,0.4217615997682818]
[129640,115468,1.0,0.5664889510858293]
[129640,98130,1.0,0.42209572317489336]
[129640,114513,1.0,0.5860778317855522]
[129640,34501,1.0,0.47121533407640065]
[129640,67616,1.0,0.4327403134602369]
[129640,28985,1.0,0.5255229011111785]
[129640,42100,1.0,0.45726550130286747]
[129640,28183,1.0,0.5473924535301319]
[129640,58251,1.0,0.40796132342205427]
[129640,62933,1.0,0.45415788758376785]
[129640,29162,1.0,0.5423517843867679]
[129640,32831,1.0,0.8230389811952629]
[129640,16004,1.0,0.4855956797176785]
[129640,93471,1.0,0.4494224153820205]
[129640,42103,1.0,0.45726550130286747]
[129640,57477,1.0,0.610521314445199]
[129640,93474,1.0,0.4494224153820205]
[129640,36033,1.0,0.7588660007824846]
[129640,72287,1.0,0.4405098821285613]
[129640,1948,1.0,0.6595770423698012]
[129640,47531,1.0,0.42470666602409807]
[129640,1562,1.0,0.5988557154226798]
[129640,74004,1.0,0.5539837851435623]
[129640,128406,1.0,0.42385035871735083]
[129640,96600,1.0,0.4262470105852479]
[129640,67530,1.0,0.7660537514271529]
[129640,42109,1.0,0.45726550130286747]
[129640,98136,1.0,0.42209572317489336]
[129640,57301,1.0,0.4127826907776735]
[129640,98139,1.0,0.4244235834565436]
[129640,60414,1.0,0.571413448393422]
[129640,13275,1.0,0.49432730678001585]
[129640,115465,1.0,0.4134339426497138]
[129640,51563,1.0,0.4500779819148837]
[129640,38603,1.0,0.7089190133718664]
[129640,91595,1.0,0.4368343341583243]
[129640,57480,1.0,0.6997872763486966]
[129640,4705,1.0,0.4972053324817205]
[129640,107983,1.0,0.403959336982339]
[30716,9446,1.0,0.4342346448969094]
[32831,28985,1.0,0.4743117072779538]
[32831,28183,1.0,0.4435424356918877]
[32831,9446,1.0,0.7615864551717119]
[32831,23422,1.0,0.40141679357299453]
[32831,13275,1.0,0.4621619723717442]
[32831,4705,1.0,0.610641640378756]
[93471,12246,1.0,0.5042061682981734]
[93471,34501,1.0,0.40369124883002083]
[93471,28985,1.0,0.6209919021333874]
[93471,82854,1.0,0.40698918511226634]
[93471,28183,1.0,0.44723381245199334]
[93471,35065,1.0,0.45851331294690234]
[93471,91222,1.0,0.46736954023771765]
[93471,58251,1.0,0.7365772675694426]
[93471,44856,1.0,0.4238669390532057]
[93471,9446,1.0,0.41401899795309677]
[93471,35061,1.0,0.4053223713806337]
[93471,29162,1.0,0.47565826632321345]
[93471,32831,1.0,0.7789687486699097]
[93471,16004,1.0,0.4729599959727157]
[93471,57477,1.0,0.5783456034369918]
[93471,36033,1.0,0.6832511349743806]
[93471,1948,1.0,0.7076331968820941]
[93471,26469,1.0,0.41281768825004744]
[93471,67530,1.0,0.6565719240277799]
[93471,57301,1.0,0.4603361194362453]
[93471,8642,1.0,0.41678579011811434]
[93471,49588,1.0,0.43359082118286457]
[93471,62533,1.0,0.4644721136756389]
[93471,51563,1.0,0.4181382476894684]
[93471,38603,1.0,0.5614516001173608]
[93471,57480,1.0,0.6602009365382271]
[42103,42100,1.0,0.9902913432757028]
[42103,9446,1.0,0.4474855263445927]
[42103,4705,1.0,0.5473892014691518]
[57477,9446,1.0,0.7164332281381659]
[57477,32831,1.0,0.4772853727907186]
[57477,36033,1.0,0.4942559723166003]
[57477,42109,1.0,0.5672830942032036]
[57477,4705,1.0,0.5653670935197376]
[93474,12246,1.0,0.5042061682981734]
[93474,34501,1.0,0.40369124883002083]
[93474,28985,1.0,0.6209919021333874]
[93474,28183,1.0,0.44723381245199334]
[93474,35065,1.0,0.45851331294690234]
[93474,91222,1.0,0.46736954023771765]
[93474,58251,1.0,0.7216723125188488]
[93474,44856,1.0,0.4238669390532057]
[93474,9446,1.0,0.41401899795309677]
[93474,29162,1.0,0.47565826632321345]
[93474,32831,1.0,0.7789687486699097]
[93474,16004,1.0,0.4729599959727157]
[93474,93471,1.0,0.9905564682541387]
[93474,57477,1.0,0.5783456034369918]
[93474,36033,1.0,0.6963380013906607]
[93474,1948,1.0,0.7076331968820941]
[93474,67530,1.0,0.6734108504702356]
[93474,57301,1.0,0.4603361194362453]
[93474,8642,1.0,0.4190307763233932]
[93474,49588,1.0,0.43359082118286457]
[93474,62533,1.0,0.4644721136756389]
[93474,38603,1.0,0.5614516001173608]
[93474,57480,1.0,0.6602009365382271]
[36033,27135,1.0,0.4004937439289524]
[36033,12246,1.0,0.4006855179159389]
[36033,28985,1.0,0.52050692848255]
[36033,28183,1.0,0.400469719603786]
[36033,9446,1.0,0.7604664179814418]
[36033,23422,1.0,0.49464991151304816]
[36033,32831,1.0,0.4185672195135721]
[36033,18235,1.0,0.4229181574643727]
[36033,13275,1.0,0.5811429871119445]
[36033,4705,1.0,0.7815449813863602]
[4159,1948,1.0,0.42854037898469083]
[129157,127164,1.0,0.568481235658866]
[129157,42109,1.0,0.43396254790913763]
[72287,9446,1.0,0.5842597445802613]
[72287,42109,1.0,0.43010226911732136]
[72287,4705,1.0,0.4025190176815816]
[83075,36033,1.0,0.41234691977282356]
[83075,74004,1.0,0.417253268914006]
[57039,9446,1.0,0.47062116881059446]
[57039,4705,1.0,0.4056076537941747]
[108001,9446,1.0,0.4750251467612999]
[108001,106837,1.0,0.47775318400184397]
[108001,93471,1.0,0.4048292042138728]
[108001,93474,1.0,0.4048292042138728]
[108001,1948,1.0,0.7234393126547067]
[108001,74004,1.0,0.49734697693523783]
[108001,67530,1.0,0.4064323989072605]
[108001,4705,1.0,0.40411427681176654]
[47531,32831,1.0,0.40431900871047094]
[28095,28092,1.0,0.9759117304493893]
[28095,28083,1.0,0.9829126443305097]
[28095,9446,1.0,0.43746245885333807]
[28095,1948,1.0,0.43015202777730754]
[28095,28089,1.0,0.9829126443305097]
[28095,28086,1.0,0.9706776490792904]
[43009,9446,1.0,0.4810968016021774]
[57483,9446,1.0,0.4789887252711039]
[57483,57477,1.0,0.9952227536000962]
[57483,57480,1.0,0.9952227536000962]
[28089,28083,1.0,0.9952227536000962]
[28089,9446,1.0,0.4844640954609464]
[28089,1948,1.0,0.4075276877568692]
[28089,28086,1.0,0.9907453314477414]
[94105,9446,1.0,0.41554339515785355]
[94105,1948,1.0,0.43693596295355314]
[94105,74004,1.0,0.4684228849894828]
[94105,4705,1.0,0.41263391773045655]
[77633,36033,1.0,0.5790245928967016]
[77633,1948,1.0,0.4109510688576615]
[77633,74004,1.0,0.4649131862053601]
[77633,42109,1.0,0.6488569152969086]
[9560,9446,1.0,0.4079797832538462]
[74004,54495,1.0,0.4322442231404202]
[74004,30751,1.0,0.45235597389352744]
[74004,12246,1.0,0.4530967039095133]
[74004,28985,1.0,0.6844245199719267]
[74004,28183,1.0,0.4691480603454764]
[74004,9446,1.0,0.4636304043655352]
[74004,62933,1.0,0.5589984344137168]
[74004,29162,1.0,0.4041804403647489]
[74004,23422,1.0,0.4793459298778337]
[74004,32831,1.0,0.7920812140053033]
[74004,57477,1.0,0.44371203760327105]
[74004,36033,1.0,0.7867843379105757]
[74004,72287,1.0,0.4492058624503488]
[74004,1948,1.0,0.7543848791714346]
[74004,18235,1.0,0.41855619878570194]
[74004,47531,1.0,0.5552454109823369]
[74004,43009,1.0,0.5170925165213769]
[74004,9560,1.0,0.44512896390671974]
[74004,1562,1.0,0.5329094296398597]
[74004,26469,1.0,0.6437429444033398]
[74004,67530,1.0,0.7156780730637341]
[74004,57301,1.0,0.5534684656029438]
[74004,22486,1.0,0.4181552837654712]
[74004,49588,1.0,0.5256497212781082]
[74004,62533,1.0,0.5424929502309856]
[74004,38603,1.0,0.7642088981129133]
[74004,57480,1.0,0.5356683922505564]
[128406,42109,1.0,0.46039875947757064]
[128406,98136,1.0,0.4633056659788316]
[96600,42109,1.0,0.5155237831233607]
[23984,4705,1.0,0.505672309556921]
[26469,9446,1.0,0.42250140722568086]
[109032,106837,1.0,0.47430443833785335]
[25461,9446,1.0,0.5882634348544613]
[25461,1948,1.0,0.40679417467220824]
[25461,4705,1.0,0.4562289381210604]
[67530,27135,1.0,0.5534922783722297]
[67530,34501,1.0,0.4616414443116533]
[67530,28985,1.0,0.46017563751057217]
[67530,4102,1.0,0.41042911773077084]
[67530,9446,1.0,0.6776117530592636]
[67530,57477,1.0,0.562390094772151]
[67530,57039,1.0,0.401259664994553]
[67530,1562,1.0,0.49348390447866886]
[67530,42109,1.0,0.6913804300379993]
[67530,60414,1.0,0.595589113416369]
[67530,38603,1.0,0.5219752857296548]
[67530,57480,1.0,0.6370464075828025]
[67530,4705,1.0,0.7885293137089286]
[42109,30751,1.0,0.4745955353877399]
[42109,34501,1.0,0.44272110163427736]
[42109,28985,1.0,0.6429025817528274]
[42109,42100,1.0,0.9952227536000962]
[42109,28183,1.0,0.4948007641537677]
[42109,9446,1.0,0.4565828740801585]
[42109,35061,1.0,0.4047579178878044]
[42109,32831,1.0,0.6694602342427257]
[42109,42103,1.0,0.9902913432757028]
[42109,36033,1.0,0.7219088090462721]
[42109,1948,1.0,0.7364848027084353]
[42109,9560,1.0,0.4211939887279359]
[42109,23984,1.0,0.4423952523860001]
[42109,8642,1.0,0.4647463286623758]
[42109,42106,1.0,0.9877068158028696]
[42109,38603,1.0,0.5676752511955278]
[42109,4705,1.0,0.5382292855019982]
[41459,9446,1.0,0.4169522628962238]
[41459,25461,1.0,0.4285899451518395]
[98136,28092,1.0,0.4405073520868055]
[98136,12246,1.0,0.474719282502065]
[98136,98130,1.0,0.9923958418221456]
[98136,28985,1.0,0.6517098239882292]
[98136,28083,1.0,0.4405073520868055]
[98136,4102,1.0,0.48399410180056607]
[98136,28183,1.0,0.4161054168070658]
[98136,35065,1.0,0.42890676757449364]
[98136,75669,1.0,0.40206361024237697]
[98136,62933,1.0,0.4584057639383163]
[98136,29162,1.0,0.4083929579379394]
[98136,32831,1.0,0.6562192466608133]
[98136,57477,1.0,0.4928375489309406]
[98136,36033,1.0,0.7519823810525952]
[98136,72287,1.0,0.5135411754191184]
[98136,1948,1.0,0.5760786532708508]
[98136,28095,1.0,0.48324036028434686]
[98136,43009,1.0,0.41380250114902334]
[98136,28089,1.0,0.4405073520868055]
[98136,9560,1.0,0.4400301486837398]
[98136,1562,1.0,0.41765531934969446]
[98136,96600,1.0,0.48475811102363203]
[98136,26469,1.0,0.4077711162613947]
[98136,67530,1.0,0.7490038712071192]
[98136,28086,1.0,0.4405073520868055]
[98136,22486,1.0,0.4103793589860931]
[98136,1119,1.0,0.5404031777842675]
[98136,38313,1.0,0.6664802885998421]
[98136,60414,1.0,0.4759350327009464]
[98136,49588,1.0,0.4011851225893487]
[98136,62533,1.0,0.4708984197132548]
[98136,38603,1.0,0.7408175442741335]
[98136,57480,1.0,0.5901302556801467]
[28086,28083,1.0,0.9907453314477414]
[28086,9446,1.0,0.4844640954609464]
[57301,9446,1.0,0.42804855958684457]
[22486,9446,1.0,0.40375889887801775]
[98139,98130,1.0,0.9936282955531263]
[98139,98136,1.0,0.9900322009346111]
[60414,4705,1.0,0.5399622619299997]
[13275,4705,1.0,0.5131441250521449]
[49588,9446,1.0,0.4457429599251398]
[42106,42100,1.0,0.9924409057784893]
[42106,9446,1.0,0.455460931144141]
[42106,42103,1.0,0.9854558489018529]
[42106,4705,1.0,0.5999147916980435]
[115465,115462,1.0,0.9103026972229916]
[115465,9446,1.0,0.5644175059834604]
[115465,98136,1.0,0.43154750827800137]
[62533,9446,1.0,0.5081432210134688]
[62533,36033,1.0,0.463928861337556]
[51563,1948,1.0,0.41800818125371975]
[51563,42109,1.0,0.5154951878815792]
[51563,4705,1.0,0.8573171558558995]
[20662,9446,1.0,0.46337317608236495]
[20662,4705,1.0,0.5064099563880268]
[38603,9446,1.0,0.5203224028866434]
[38603,32831,1.0,0.49381945549966616]
[38603,36033,1.0,0.40992192325390003]
[38603,1948,1.0,0.5020770331738345]
[91595,74004,1.0,0.4711978530629961]
[91595,42109,1.0,0.42496643558840624]
[57480,9446,1.0,0.7989811467865899]
[57480,32831,1.0,0.5257961600974669]
[57480,57477,1.0,0.9952227536000962]
[57480,36033,1.0,0.5746874428179607]
[57480,1948,1.0,0.4463613512993837]
[57480,42109,1.0,0.5876361726153827]
[57480,4705,1.0,0.6454726684201093]
[4705,1948,1.0,0.7819787418882155]
[4705,1562,1.0,0.4581949867718355]
[107983,9446,1.0,0.5176476886027247]
[107983,106837,1.0,0.47610369795330176]
[107983,93471,1.0,0.4884889109104481]
[107983,93474,1.0,0.500388238590824]
[107983,74004,1.0,0.444489780931385]
[81773,9446,1.0,0.6879925659871473]
[81773,1948,1.0,0.43806243233172915]
[81773,42109,1.0,0.43976233206021575]
[88034,1948,1.0,0.5994312737889216]
[88034,74004,1.0,0.49772774633692746]
[24179,24164,1.0,0.90587687718324]
[24179,24176,1.0,0.8388225064105888]
[24179,24167,1.0,0.8544107348444053]
[24179,24173,1.0,0.8944729177749384]
[24176,24164,1.0,0.9921810354807914]
[24176,24167,1.0,0.9477477486031638]
[24176,24173,1.0,0.9815725148094729]
[24167,24164,1.0,0.9649131676239978]
[24173,24164,1.0,0.9883199097054204]
[24173,24167,1.0,0.9265346876790017]
[10666,10660,1.0,0.7638850037073953]
[77629,77620,1.0,0.9804851482662104]
[77629,32886,1.0,0.5082564856589408]
[77629,77617,1.0,0.9864299952143686]
[77629,77626,1.0,0.6141665609469261]
[77629,77623,1.0,0.9294291273896753]
[77629,23608,1.0,0.4965181583083889]
[77620,77617,1.0,0.9804851482662104]
[10669,10666,1.0,0.7107850937220561]
[10669,10660,1.0,0.973597656857672]
[77617,32886,1.0,0.5082564856589408]
[77617,23608,1.0,0.4965181583083889]
[23614,23605,1.0,0.988354538273816]
[23614,23608,1.0,0.984838975368368]
[58054,58051,1.0,0.9892586415824364]
[62982,62976,1.0,0.9952227536000962]
[62982,62979,1.0,0.9903172980594708]
[61449,61446,1.0,0.7929238175112501]
[61449,61443,1.0,0.8711632613062312]
[122098,122095,1.0,0.968787116071203]
[122098,122092,1.0,0.9935224512540531]
[63555,63552,1.0,0.7808081680779021]
[62979,32886,1.0,0.4709569936678849]
[62979,62976,1.0,0.9929318100825512]
[62979,19151,1.0,0.6750280862155728]
[98538,98535,1.0,0.993833290446873]
[58057,58054,1.0,0.9771325506931243]
[58057,58051,1.0,0.9839858087002437]
[90628,90625,1.0,0.9849491091325934]
[61452,61449,1.0,0.8711632613062312]
[61452,61446,1.0,0.9898064226761838]
[61452,61443,1.0,0.9952227536000962]
[63558,63552,1.0,0.9952227536000962]
[63558,63555,1.0,0.7808081680779021]
[77626,77620,1.0,0.9258277926263352]
[77626,32886,1.0,0.480328737491753]
[77626,77617,1.0,0.6745738099416237]
[77626,77623,1.0,0.41418746221441377]
[77626,23608,1.0,0.48667326524649823]
[29010,19151,1.0,0.4093131652515227]
[94495,25437,1.0,0.47530065777601516]
[28708,23608,1.0,0.5563942487316715]
[61446,61443,1.0,0.9898064226761838]
[77632,77629,1.0,0.9728274282770615]
[77632,77620,1.0,0.9624799183096107]
[77632,32886,1.0,0.5082564856589408]
[77632,77617,1.0,0.9899074872227256]
[77632,77626,1.0,0.5456153833631795]
[77632,77623,1.0,0.8870741811125293]
[77632,23608,1.0,0.4965181583083889]
[122095,122092,1.0,0.9716160547264205]
[77623,77620,1.0,0.9756204019919881]
[77623,32886,1.0,0.5511277049928851]
[77623,77617,1.0,0.959941489779373]
[77623,23608,1.0,0.5810398107327864]
[23608,23605,1.0,0.9900753867809837]
[79512,65597,1.0,0.4310406906785684]
[37243,37240,1.0,0.9932615180988617]
[111720,77465,1.0,0.45714720231923406]
[78414,78411,1.0,0.9840656245376836]
[78414,24098,1.0,0.45013644748999887]
[57127,57124,1.0,0.9952227536000962]
[78417,78411,1.0,0.9952227536000962]
[78417,78414,1.0,0.9896454375150473]
[88294,78414,1.0,0.4297628631199629]
[57130,57127,1.0,0.9881997799226842]
[57130,57124,1.0,0.9881997799226842]
[83468,83462,1.0,0.9905496488699075]
[83468,83465,1.0,0.9905496488699075]
[83465,83462,1.0,0.9952227536000962]
[87559,81383,1.0,0.5354514908004989]
[50240,50237,1.0,0.9848608733511972]
[50249,50240,1.0,0.9580030614448042]
[50249,50246,1.0,0.981070099942805]
[50249,50243,1.0,0.9407824225612786]
[50249,50237,1.0,0.985830147160623]
[50246,50240,1.0,0.9797614085401992]
[50246,50243,1.0,0.9708168284330124]
[50246,50237,1.0,0.9934197647450789]
[50243,50240,1.0,0.9799948900249724]
[50243,50237,1.0,0.9907042243259966]
[50252,50240,1.0,0.9864060895764835]
[50252,50249,1.0,0.9849198302493409]
[50252,50246,1.0,0.9870292138336089]
[50252,50243,1.0,0.9864060895764835]
[50252,50237,1.0,0.9905564682541387]
[79145,79142,1.0,0.9808640992259944]
[83469,83466,1.0,0.9944393446098015]
[91829,51869,1.0,0.5185863500404423]
[83638,83635,1.0,0.9591686241314122]
[83638,83632,1.0,0.9916772264729234]
[48337,48334,1.0,0.4481854316735575]
[46031,46028,1.0,0.9904107660917495]
[116470,11481,1.0,0.407450116235502]
[56095,29825,1.0,0.4797639996077346]
[69407,69401,1.0,0.9864649488344402]
[69407,69404,1.0,0.9832683545260209]
[69404,69401,1.0,0.9922241080961267]
[83635,48334,1.0,0.4292608915377741]
[83635,71395,1.0,0.4754931303940093]
[83635,46031,1.0,0.4082887332368398]
[83635,83632,1.0,0.9671872493454383]
[83635,48340,1.0,0.4585012293809574]
[83635,11481,1.0,0.47287816403307037]
[63967,63964,1.0,0.9952227536000962]
[53538,11481,1.0,0.5784692871889241]
[83641,83638,1.0,0.9866770527489586]
[83641,83635,1.0,0.9617411513452436]
[83641,83632,1.0,0.9941344304576755]
[83644,48334,1.0,0.4597173773512969]
[83644,71395,1.0,0.47772708598793623]
[83644,83638,1.0,0.9798170588215]
[83644,83635,1.0,0.9404655913730172]
[83644,83632,1.0,0.9895898992721541]
[83644,83641,1.0,0.9887831796227865]
[83644,48340,1.0,0.4990723313451842]
[83644,11481,1.0,0.477627191193032]
[29825,16644,1.0,0.4628142415465397]
[29825,27292,1.0,0.4747005566336466]
[29825,11481,1.0,0.7860480924718829]
[48340,48334,1.0,0.972838857325248]
[69410,69407,1.0,0.9536704006793147]
[69410,69401,1.0,0.9908816929606714]
[69410,69404,1.0,0.9786022397070171]
[61742,29825,1.0,0.6109729755044924]
[61742,6001,1.0,0.5118536180488408]
[61742,11481,1.0,0.5228459872098051]
[83647,83638,1.0,0.9020203602013804]
[83647,83635,1.0,0.9188346326477124]
[83647,83632,1.0,0.9140348762231438]
[83647,83641,1.0,0.9021736254402339]
[83647,83644,1.0,0.8986447174486976]
[63970,63967,1.0,0.9845821036456144]
[63970,63964,1.0,0.9845821036456144]
[81211,7204,1.0,0.7059644106075106]
[39462,39453,1.0,0.9909196098134082]
[39462,7204,1.0,0.42254164139146466]
[39462,39459,1.0,0.9915383928713529]
[39462,39456,1.0,0.9935931584503201]
[45223,45217,1.0,0.6697828955316394]
[45223,45220,1.0,0.6639893093907749]
[101907,101904,1.0,0.9933677579237732]
[63860,43958,1.0,0.41140568155228063]
[58120,58114,1.0,0.9952227536000962]
[58120,58117,1.0,0.9666910571209374]
[32637,32634,1.0,0.9934631585079755]
[32637,32631,1.0,0.9934631585079755]
[48381,43958,1.0,0.40204603983278686]
[39453,7204,1.0,0.42254164139146466]
[78671,78668,1.0,0.9909693669202178]
[95550,86375,1.0,0.7757011634117363]
[95550,38536,1.0,0.40523048674212137]
[95550,86369,1.0,0.4067662822004011]
[98791,86375,1.0,0.6874011317539948]
[98791,86369,1.0,0.4121711757910103]
[116386,86375,1.0,0.42310549858853075]
[58126,58120,1.0,0.6000095133754068]
[58126,58114,1.0,0.6000095133754068]
[58126,58123,1.0,0.4975822775040111]
[113520,63860,1.0,0.40973028289297536]
[113520,8862,1.0,0.42736376662186115]
[113520,48381,1.0,0.4722882541383772]
[113520,78671,1.0,0.42123196178706723]
[113520,72884,1.0,0.490010593005306]
[113520,86375,1.0,0.584894155145145]
[91627,86375,1.0,0.5690913596721044]
[86375,81211,1.0,0.8888232567959709]
[86375,39462,1.0,0.6879174864554568]
[86375,60901,1.0,0.4067189936461212]
[86375,6002,1.0,0.40159279617816884]
[86375,58120,1.0,0.4875576353423122]
[86375,52497,1.0,0.6805230164981071]
[86375,39453,1.0,0.6894825596267005]
[86375,58126,1.0,0.4009100431053158]
[86375,58114,1.0,0.4875576353423122]
[86375,86372,1.0,0.9952227536000962]
[86375,86369,1.0,0.9952227536000962]
[86375,76068,1.0,0.4289000507664366]
[86375,5967,1.0,0.8813635584647451]
[86375,39459,1.0,0.6894825596267005]
[86375,43958,1.0,0.7117180361740851]
[86375,39456,1.0,0.6914986526813824]
[86375,70361,1.0,0.4565715567224361]
[89491,8862,1.0,0.5430708428816863]
[89491,86375,1.0,0.4173445863764195]
[78674,78668,1.0,0.9829155923839102]
[78674,78671,1.0,0.9500420605356062]
[86372,81211,1.0,0.4503563809071877]
[86372,86369,1.0,0.9952227536000962]
[32634,32631,1.0,0.9952227536000962]
[45220,45217,1.0,0.9922323843947127]
[58117,58114,1.0,0.9833499466203377]
[86369,81211,1.0,0.6644562373492731]
[86369,5967,1.0,0.635559370265954]
[86369,43958,1.0,0.4082420115817944]
[58123,58120,1.0,0.9736848465662732]
[58123,58114,1.0,0.9736848465662732]
[58123,58117,1.0,0.878369685739491]
[39459,39453,1.0,0.9938289672647332]
[39459,7204,1.0,0.42254164139146466]
[39459,39456,1.0,0.9947262821994]
[39456,39453,1.0,0.9922234894189341]
[39456,7204,1.0,0.42254164139146466]
[90378,66868,1.0,0.40977314263654563]
[24528,24525,1.0,0.9874576680088022]
[58912,36464,1.0,0.4625839021639859]
[58912,58909,1.0,0.9931800025570192]
[6599,6596,1.0,0.9901918127542898]
[96745,36464,1.0,0.42878670560101934]
[75554,12542,1.0,0.5441657897142086]
[75554,36464,1.0,0.5942934446088838]
[75554,70408,1.0,0.5428126311451685]
[75554,62711,1.0,0.41491228705639477]
[75554,56590,1.0,0.5888879737168817]
[75554,56386,1.0,0.4373842558668169]
[75554,2581,1.0,0.40631743359824746]
[75554,56593,1.0,0.6667912093649202]
[75554,40442,1.0,0.40325202380790415]
[75554,56383,1.0,0.43526398273217765]
[75554,56389,1.0,0.43526398273217765]
[83350,36464,1.0,0.7398874094951997]
[6602,6599,1.0,0.9815008770441205]
[6602,6596,1.0,0.9905564682541387]
[87611,30987,1.0,0.4255315730250783]
[87611,426,1.0,0.4734372219492257]
[70870,70867,1.0,0.9952227536000962]
[36464,24528,1.0,0.5069064977214088]
[36464,36461,1.0,0.974379415440767]
[36464,24525,1.0,0.5069064977214088]
[108268,75554,1.0,0.4529628201841825]
[62711,36464,1.0,0.6336279276465685]
[70873,70870,1.0,0.9918484705620987]
[70873,36464,1.0,0.40106098194778084]
[70873,70867,1.0,0.9918484705620987]
[56590,36464,1.0,0.4054301776211526]
[56386,56383,1.0,0.9872016281727316]
[132009,75554,1.0,0.4481287661277885]
[50890,36464,1.0,0.4748293629597794]
[56593,36464,1.0,0.42139066418073945]
[56593,56590,1.0,0.9952227536000962]
[80161,75554,1.0,0.4415574335421957]
[58130,53074,1.0,0.6830822711638053]
[56389,56386,1.0,0.9917497966550162]
[56389,56383,1.0,0.9940437414908686]
[53074,15568,1.0,0.46898708349829304]
[34880,34877,1.0,0.8986633823671039]
[90106,90103,1.0,0.9908816929606714]
[90112,90106,1.0,0.8592795321794231]
[90112,90103,1.0,0.9071865893416449]
[90112,90109,1.0,0.9137740181329699]
[25660,25654,1.0,0.975270464942715]
[25660,25657,1.0,0.9297298906320899]
[25657,25654,1.0,0.9888764506809891]
[90109,90106,1.0,0.9908816929606714]
[90109,90103,1.0,0.9952227536000962]
[48640,48637,1.0,0.9908197890714259]
[48649,48640,1.0,0.9451887651258756]
[48649,48637,1.0,0.9806716973191957]
[48649,48646,1.0,0.983466594891421]
[48649,48643,1.0,0.9764116133977703]
[48646,48640,1.0,0.9443204642633919]
[48646,48637,1.0,0.982495216904138]
[48646,48643,1.0,0.9776660979045448]
[48643,48640,1.0,0.976711826827695]
[48643,48637,1.0,0.9933550320030448]
[1495,1492,1.0,0.987204882084845]
[57286,57283,1.0,0.9911436976231238]
[87396,16677,1.0,0.48444519543983966]
[87396,70111,1.0,0.6401901010582155]
[57295,57286,1.0,0.985256692496304]
[57295,57283,1.0,0.9869730820142361]
[57295,57292,1.0,0.9388722865063779]
[57295,57289,1.0,0.9894420841329872]
[70111,51357,1.0,0.46531626878291454]
[105873,87396,1.0,0.633821855945327]
[105873,51357,1.0,0.44907131940164374]
[57292,57286,1.0,0.9215193906638995]
[57292,57283,1.0,0.9757958192984313]
[57292,57289,1.0,0.9757958192984313]
[57289,57286,1.0,0.9952227536000962]
[57289,57283,1.0,0.9952227536000962]
[57289,40316,1.0,0.4069914823105652]
[773,770,1.0,0.9692324296689521]
[773,767,1.0,0.9879556501237028]
[29558,22812,1.0,0.5965904611879714]
[770,767,1.0,0.9811082917989058]
[25614,16956,1.0,0.59185703277691]
[1903,1900,1.0,0.9918818867765093]
[1906,1903,1.0,0.986432706562978]
[1906,1900,1.0,0.9918818867765093]
[71524,71521,1.0,0.9952227536000962]
[71524,52805,1.0,0.4158145340683451]
[65717,65711,1.0,0.9913904706352739]
[65717,65714,1.0,0.9824777283443012]
[65720,65717,1.0,0.6931651068150305]
[65720,65711,1.0,0.6678608223027523]
[65720,65714,1.0,0.9353138274447523]
[74961,71521,1.0,0.5121420344588979]
[71521,50653,1.0,0.4844618188446507]
[71521,30919,1.0,0.6055062429771852]
[71521,52805,1.0,0.4158145340683451]
[65714,65711,1.0,0.9899074872227256]
[30919,30916,1.0,0.9877726362494229]
[65723,65717,1.0,0.9911402347060864]
[65723,65720,1.0,0.6354377231901592]
[65723,65711,1.0,0.9925229512934376]
[65723,65714,1.0,0.9894527915195344]
[86090,71524,1.0,0.5234854363179303]
[86090,71521,1.0,0.5234854363179303]
[30922,30916,1.0,0.9945658729539499]
[30922,30919,1.0,0.9877726362494229]
[30928,30916,1.0,0.9712191764073539]
[30928,30919,1.0,0.9848522255756365]
[30928,30922,1.0,0.9705660514147141]
[30928,30925,1.0,0.9572003170314753]
[30925,30916,1.0,0.9898878029212025]
[30925,30919,1.0,0.9811600112725655]
[30925,30922,1.0,0.9873860903222373]
[29049,29046,1.0,0.9674889819814737]
[123972,40423,1.0,0.5151607246649447]
[123972,119407,1.0,0.41242164616756877]
[123972,6898,1.0,0.4358690741567723]
[123972,64867,1.0,0.41148438368950735]
[123972,95086,1.0,0.5736580976359192]
[35390,21549,1.0,0.43145014793685704]
[35390,1937,1.0,0.41962832686271423]
[35390,35387,1.0,0.9636113798246757]
[69347,56535,1.0,0.45992887694132434]
[21549,21236,1.0,0.48144864446326036]
[118597,28149,1.0,0.5294850053807313]
[28411,24795,1.0,0.4175306518408973]
[3168,3165,1.0,0.9924789592401695]
[92633,21549,1.0,0.692887234089787]
[92633,1937,1.0,0.47704836416208724]
[92633,87239,1.0,0.5368931345029823]
[3171,3165,1.0,0.9751184716086673]
[3171,3168,1.0,0.9144552740706261]
[17946,13430,1.0,0.6946542278323721]
[99928,56535,1.0,0.49990061476607045]
[3958,3952,1.0,0.9860557411022626]
[3958,3955,1.0,0.898486417707581]
[35387,1937,1.0,0.41787208418690014]
[50809,50806,1.0,0.9812743090426027]
[3955,3952,1.0,0.9681243923921219]
[3961,3958,1.0,0.9541581031642685]
[3961,3952,1.0,0.9881761805738833]
[3961,3955,1.0,0.9795681391776253]
[65046,65043,1.0,0.8847851561102431]
[35028,35025,1.0,0.9946572280446236]
[118603,118597,1.0,0.9831315911437367]
[118603,28149,1.0,0.43867766276607734]
[118603,118600,1.0,0.9412548433438698]
[84611,35390,1.0,0.4266205781551415]
[118600,118597,1.0,0.9702570969523882]
[58486,21549,1.0,0.5433360351770423]
[58486,1937,1.0,0.5167690639644629]
[58486,21236,1.0,0.42722695402775035]
[78488,76109,1.0,0.5180955204413824]
[78488,21549,1.0,0.5343451013633229]
[78488,1937,1.0,0.515821024975845]
[78488,50815,1.0,0.48678932089142324]
[35393,35390,1.0,0.9231128708891128]
[35393,35387,1.0,0.987286747939312]
[35396,35390,1.0,0.9636113798246757]
[35396,1937,1.0,0.4120312437337781]
[35396,35387,1.0,0.9929864502107044]
[35396,35393,1.0,0.9753349040162979]
[34842,21549,1.0,0.5690986134781411]
[3174,3165,1.0,0.9877726362494229]
[3174,3168,1.0,0.9501762051327114]
[3174,3171,1.0,0.947595241898368]
[125763,118597,1.0,0.4413528952139599]
[65043,58486,1.0,0.4544614669109112]
[74996,52725,1.0,0.6988239481699101]
[50815,50806,1.0,0.9838027907345984]
[50815,24795,1.0,0.5002940147796908]
[50815,50809,1.0,0.9411533129171112]
[12922,12913,1.0,0.9926680456172919]
[12922,12916,1.0,0.9792233151874827]
[12922,12919,1.0,0.9895326638532509]
[88652,36959,1.0,0.40455269551848927]
[12916,12913,1.0,0.9780698409821958]
[12919,12913,1.0,0.9931231192202594]
[12919,12916,1.0,0.9859413294696434]
[5765,5759,1.0,0.9431898616617358]
[5765,5762,1.0,0.9693776899592457]
[5765,5756,1.0,0.9718536678289895]
[5759,5756,1.0,0.9877726362494229]
[125718,125715,1.0,0.9294304658065466]
[5762,5759,1.0,0.9796779556858655]
[5762,5756,1.0,0.9918426894149314]
[117345,6995,1.0,0.586869749309721]
[44428,44419,1.0,0.9900068441515567]
[44428,44422,1.0,0.9781999260162306]
[23980,23974,1.0,0.9918244627711618]
[44422,44419,1.0,0.9724358094743627]
[44431,44428,1.0,0.9848634064604008]
[44431,44419,1.0,0.9946939993737459]
[44431,44422,1.0,0.9880512118797007]
[21719,21716,1.0,0.9905564682541387]
[72132,72129,1.0,0.9851281100581999]
[28124,28118,1.0,0.9852952983157007]
[20823,4710,1.0,0.41634018040210385]
[130206,23836,1.0,0.505057422488835]
[95512,54877,1.0,0.40584876791375546]
[92167,87811,1.0,0.41848415877741013]
[74878,61978,1.0,0.5438867341938857]
[114207,23836,1.0,0.6608877203202976]
[114207,74152,1.0,0.4953770145299493]
[114207,87811,1.0,0.4467037360616389]
[87811,36103,1.0,0.58754726884676]
[74743,65114,1.0,0.4027080143555771]
[74743,36724,1.0,0.43651200704047294]
[112366,112360,1.0,0.9952227536000962]
[112366,112363,1.0,0.9932537467430427]
[112363,112360,1.0,0.9932537467430427]
[42019,42016,1.0,0.9807052285860721]
[85212,55460,1.0,0.46138475366364584]
[55460,11564,1.0,0.47009501840505324]
[31827,4711,1.0,0.43040839640430323]
[118686,41355,1.0,0.4818139202776773]
[118686,33250,1.0,0.7628159088967219]
[91845,33250,1.0,0.4048509070354816]
[33250,13047,1.0,0.4787470312179875]
[101340,13047,1.0,0.42023063736514643]
[98901,33250,1.0,0.5139236190068661]
[58839,13047,1.0,0.5738106134248459]
[17575,13047,1.0,0.5838515797611695]
[76982,60411,1.0,0.4561508574155138]
[76982,76976,1.0,0.9739970123564698]
[76982,76979,1.0,0.9127833280235745]
[76979,76976,1.0,0.9867438407214407]
[75140,75137,1.0,0.9794635215939391]
[126385,126382,1.0,0.9237969037590955]
[126388,126385,1.0,0.8571324480571436]
[126388,126382,1.0,0.9884735531179866]
[116769,8119,1.0,0.4467366670331969]
[115801,115798,1.0,0.5512602424037217]
[91504,91495,1.0,0.9717118406628773]
[91504,91498,1.0,0.9593921296584392]
[91504,91501,1.0,0.9699114747025445]
[91498,91495,1.0,0.9925468645354409]
[115804,115801,1.0,0.5512602424037217]
[115804,115798,1.0,0.9952227536000962]
[91501,91495,1.0,0.9944345481179805]
[91501,91498,1.0,0.9873173052879665]
[89099,89096,1.0,0.419454631437521]
[89099,89093,1.0,0.9453938183924944]
[89099,89090,1.0,0.9592319653375736]
[94911,7374,1.0,0.47557492440531707]
[57767,57764,1.0,0.9952227536000962]
[89093,89090,1.0,0.9927904021198166]
[93103,93100,1.0,0.6956178651538242]
[93103,93097,1.0,0.8933553929056474]
[38108,38105,1.0,0.9827631296394168]
[93100,93097,1.0,0.9544227930901709]
[38111,38108,1.0,0.9343412864805329]
[38111,38105,1.0,0.9905496488699075]
[1996,1993,1.0,0.9952227536000962]
[120642,87958,1.0,0.5110905849554993]
[29335,29329,1.0,0.6850416326248614]
[29341,29335,1.0,0.7266096488457964]
[29341,29329,1.0,0.9949181171750051]
[29341,29338,1.0,0.9660896957653853]
[29338,29329,1.0,0.5480855133250545]
[75287,75278,1.0,0.9897719112929796]
[75287,75284,1.0,0.9930676807585843]
[75287,75281,1.0,0.9877726362494229]
[75284,75278,1.0,0.9930676807585843]
[75284,75281,1.0,0.9831906240197907]
[75290,75278,1.0,0.9750711076172354]
[75290,75287,1.0,0.9566560428722096]
[75290,75284,1.0,0.9930676807585843]
[75290,75281,1.0,0.9877726362494229]
[75281,75278,1.0,0.9877726362494229]
[75293,75278,1.0,0.9914415183328983]
[75293,75287,1.0,0.9914415183328983]
[75293,75284,1.0,0.9879817367386051]
[75293,75290,1.0,0.9914415183328983]
[75293,75281,1.0,0.9843204961310321]
[27578,27572,1.0,0.9893694751738504]
[27578,27575,1.0,0.9952227536000962]
[10390,10384,1.0,0.9952227536000962]
[10390,10387,1.0,0.9859558857582832]
[102300,27578,1.0,0.5548306650191287]
[102300,52548,1.0,0.58032591851845]
[102300,6012,1.0,0.43514039226480694]
[102300,39206,1.0,0.4540101778974199]
[102300,60783,1.0,0.5462074145593653]
[102300,97141,1.0,0.4395954205833385]
[102300,73280,1.0,0.5973377937802037]
[102300,54629,1.0,0.4007347496298135]
[102300,72558,1.0,0.5429124763652975]
[102300,46391,1.0,0.6008207827211725]
[102300,58992,1.0,0.8674614728873347]
[102300,81027,1.0,0.4102201579441021]
[102300,9541,1.0,0.4674254756132865]
[102300,27581,1.0,0.5548306650191287]
[102300,38516,1.0,0.558591222855109]
[102300,27572,1.0,0.5548306650191287]
[102300,83693,1.0,0.4739122837928505]
[102300,27575,1.0,0.7032923566057274]
[102300,13137,1.0,0.4027246350328291]
[102300,21532,1.0,0.5002034987659378]
[44146,27575,1.0,0.6347400536813144]
[44149,44146,1.0,0.9717616584487577]
[44149,27575,1.0,0.6347400536813144]
[39206,21532,1.0,0.4607413922518098]
[87257,87254,1.0,0.9384063264347671]
[60783,13554,1.0,0.6002904862071804]
[60783,38516,1.0,0.5114845181183432]
[97141,49348,1.0,0.44175936907684005]
[54629,13554,1.0,0.5030995884208895]
[127500,102300,1.0,0.41988735227000396]
[127500,88586,1.0,0.6022346811057779]
[127500,13554,1.0,0.4868003103662795]
[81030,81027,1.0,0.940971776833847]
[81030,81024,1.0,0.9904844431418558]
[81027,13554,1.0,0.5135363075206233]
[81027,81024,1.0,0.9640953197780657]
[127506,88586,1.0,0.619070533640975]
[127506,127500,1.0,0.9671040421720722]
[127506,13554,1.0,0.5229863651082436]
[127506,127503,1.0,0.8260412573996637]
[27581,27578,1.0,0.9852457788883355]
[27581,27572,1.0,0.9952227536000962]
[27581,27575,1.0,0.9952227536000962]
[125065,102300,1.0,0.4592660221182768]
[38516,13554,1.0,0.6087873924276228]
[127503,102300,1.0,0.4062432453095907]
[127503,127500,1.0,0.953799888835054]
[117828,44913,1.0,0.4620668113685341]
[118741,102300,1.0,0.4866961464349253]
[10387,10384,1.0,0.9710441765488128]
[27575,9541,1.0,0.4656921650884086]
[27575,13554,1.0,0.7353400967395461]
[27575,27572,1.0,0.9952227536000962]
[96310,60783,1.0,0.43681587840388575]
[21532,13554,1.0,0.45531162074868947]
[19634,19631,1.0,0.9829714173435662]
[12389,12383,1.0,0.7505986058501778]
[57850,35509,1.0,0.491844326452517]
[40360,40357,1.0,0.9828132053351486]
[79622,3328,1.0,0.4059247619392077]
[79622,57850,1.0,0.457728770540464]
[79622,62453,1.0,0.7793636697319184]
[119886,57850,1.0,0.43040364438187395]
[40363,40357,1.0,0.9952227536000962]
[40363,40360,1.0,0.9715081259750749]
[54028,54022,1.0,0.9632221075078595]
[54028,54025,1.0,0.9632221075078595]
[79625,79622,1.0,0.9924229130625422]
[58415,58406,1.0,0.8618794327147106]
[58415,58409,1.0,0.7766171543630995]
[58409,58406,1.0,0.9901918127542898]
[122340,36590,1.0,0.42139107690538463]
[104665,57850,1.0,0.40794195361920427]
[35509,21814,1.0,0.44898840649727023]
[82077,57850,1.0,0.4123174576933029]
[82077,36590,1.0,0.5117410040754121]
[54025,54022,1.0,0.9938004421635122]
[58035,3328,1.0,0.41065273412912934]
[20539,20536,1.0,0.9946149626479851]
[20542,20539,1.0,0.9854425262554027]
[20542,20536,1.0,0.9909140823217805]
[20545,20539,1.0,0.9827390835112054]
[20545,20542,1.0,0.9799669716638324]
[20545,20536,1.0,0.9891164748499857]
[124737,124734,1.0,0.9874984168099752]
[124740,124737,1.0,0.974015787607139]
[124740,124734,1.0,0.9929864502107044]
[35150,35147,1.0,0.989944958482539]
[50201,50198,1.0,0.9779577758259871]
[50201,50195,1.0,0.9779577758259871]
[50198,50195,1.0,0.9952227536000962]
[7861,7858,1.0,0.975605033494212]
[20090,20084,1.0,0.9668614462795457]
[20090,20087,1.0,0.979511070777433]
[20090,20081,1.0,0.9952227536000962]
[54217,54208,1.0,0.9892819917996648]
[54217,54211,1.0,0.9750377812739794]
[54217,54214,1.0,0.9635261702285168]
[78274,20090,1.0,0.5805632100444228]
[97350,54211,1.0,0.4444899950730555]
[41572,41569,1.0,0.9887675259306464]
[41572,41566,1.0,0.993958142263311]
[82148,82145,1.0,0.992741519159376]
[54211,54208,1.0,0.9801209371183153]
[82151,82145,1.0,0.9829128341433291]
[82151,82148,1.0,0.9752220221690363]
[63182,63179,1.0,0.9822703113276782]
[54214,54208,1.0,0.9709891704491252]
[54214,54211,1.0,0.9697468205303622]
[41569,41566,1.0,0.9910022673559616]
[82154,82145,1.0,0.9902913432757028]
[82154,82148,1.0,0.9899030792146404]
[82154,82151,1.0,0.939125074209241]
[82099,82096,1.0,0.9881761805738833]
[20084,20081,1.0,0.9590707764504669]
[41575,41572,1.0,0.9865873189813552]
[41575,41569,1.0,0.9805156573914297]
[41575,41566,1.0,0.9892863880245576]
[125698,20090,1.0,0.6362911971834406]
[20087,20084,1.0,0.49173683199864165]
[20087,20081,1.0,0.7363785028229202]
[64780,21184,1.0,0.5436204532789325]
[64780,21181,1.0,0.5436204532789325]
[64780,21187,1.0,0.43544266009186333]
[21184,21181,1.0,0.9952227536000962]
[129309,129306,1.0,0.8163844173484305]
[126913,126907,1.0,0.9861693649400155]
[126913,126910,1.0,0.5031197031553284]
[126913,21187,1.0,0.48194971355342675]
[126907,21187,1.0,0.5065860910366675]
[126910,21184,1.0,0.4137212276299074]
[126910,21181,1.0,0.4137212276299074]
[126910,126907,1.0,0.6712087499960143]
[126910,21187,1.0,0.5386140038363847]
[21187,21184,1.0,0.9919250964992506]
[21187,21181,1.0,0.9919250964992506]
