[4722,4719,1.0,0.9922323843947127]
[4722,4716,1.0,0.9922323843947127]
[19871,19865,1.0,0.9869523769496065]
[4725,4722,1.0,0.9801617686641271]
[4725,4719,1.0,0.9874882310208049]
[4725,4716,1.0,0.9874882310208049]
[4719,4716,1.0,0.9952227536000962]
[95820,86662,1.0,0.47260885898713656]
[85122,13824,1.0,0.43602575911538327]
[14180,14177,1.0,0.9150595365565021]
[59888,50885,1.0,0.5015750553002474]
[95260,95251,1.0,0.9760479512358384]
[95260,95254,1.0,0.7900378138862705]
[95260,95257,1.0,0.9534281398745215]
[19099,19093,1.0,0.9909251903137]
[19099,19090,1.0,0.9952227536000962]
[22521,22518,1.0,0.9640526650424345]
[63972,59888,1.0,0.4692577151017239]
[63972,21114,1.0,0.41137475882323193]
[63972,21108,1.0,0.41137475882323193]
[114400,59888,1.0,0.5800438065143373]
[114400,21114,1.0,0.42863630025967625]
[114400,21108,1.0,0.42863630025967625]
[114400,90718,1.0,0.5484911790768041]
[64367,20180,1.0,0.40403242359809427]
[21114,21108,1.0,0.9952227536000962]
[90036,54016,1.0,0.4831943350873624]
[104487,14180,1.0,0.569687303346372]
[104487,59626,1.0,0.4541727578079695]
[104487,90036,1.0,0.4648538065126753]
[104487,48985,1.0,0.5862890671110691]
[104487,9828,1.0,0.9032511065922223]
[66825,66819,1.0,0.9938538295666483]
[48985,9828,1.0,0.5178217609474007]
[20174,13824,1.0,0.46047774683997006]
[49301,21114,1.0,0.44870289689704296]
[49301,21108,1.0,0.44870289689704296]
[19093,19090,1.0,0.9909251903137]
[19102,19099,1.0,0.9941781510483894]
[19102,19093,1.0,0.9890153344136249]
[19102,19090,1.0,0.9941781510483894]
[95254,95251,1.0,0.920045494718158]
[25360,13824,1.0,0.43067986822241283]
[127480,97288,1.0,0.4031162700853404]
[127480,20174,1.0,0.6681497654173231]
[127480,20180,1.0,0.4944132745982747]
[44813,14180,1.0,0.4931311501228781]
[122311,21114,1.0,0.4074865880749131]
[122311,21108,1.0,0.4074865880749131]
[122311,90718,1.0,0.489441267264036]
[95257,95251,1.0,0.9926278674655746]
[95257,95254,1.0,0.9456849169475386]
[90718,14180,1.0,0.9444132410539322]
[90718,59888,1.0,0.8850861537143138]
[90718,29599,1.0,0.4805650696070164]
[90718,48443,1.0,0.5670949543216651]
[90718,59626,1.0,0.5314065194529844]
[90718,63972,1.0,0.5244031416854014]
[90718,21114,1.0,0.9347803704735695]
[90718,90036,1.0,0.5365266270146407]
[90718,50885,1.0,0.400877234239419]
[90718,21108,1.0,0.9347803704735695]
[90718,49301,1.0,0.5863991942679952]
[90718,22714,1.0,0.4895431613569495]
[90718,9828,1.0,0.6042779247719985]
[120175,14180,1.0,0.4646527712784847]
[112441,20174,1.0,0.4030231576978923]
[20180,20174,1.0,0.926318455659517]
[50364,50358,1.0,0.8606172196452775]
[50364,50355,1.0,0.9749482606844416]
[50364,50361,1.0,0.8474207706249444]
[117409,117406,1.0,0.9153969239656996]
[117409,117403,1.0,0.9803442160472605]
[117406,55643,1.0,0.4953400885759928]
[117406,117403,1.0,0.9742389893361426]
[50358,50355,1.0,0.9896565072089819]
[92508,92505,1.0,0.9952227536000962]
[124086,92508,1.0,0.6984340770963828]
[50361,50358,1.0,0.7577552303744287]
[50361,50355,1.0,0.9487682286834668]
[50367,50364,1.0,0.8786869533643621]
[50367,50358,1.0,0.9392426870008461]
[50367,50355,1.0,0.9728787047594216]
[50367,50361,1.0,0.8457315056589196]
[89675,89669,1.0,0.9570390179496788]
[89675,89672,1.0,0.9041331650741958]
[105778,105775,1.0,0.4646204218968342]
[105781,105775,1.0,0.9856186979260761]
[105781,105778,1.0,0.48210086605447217]
[105784,105775,1.0,0.9941339650477837]
[105784,105781,1.0,0.9739765606325187]
[89678,89669,1.0,0.99133259848331]
[89678,89675,1.0,0.9747644352115473]
[89678,89672,1.0,0.9746857379599748]
[89672,89669,1.0,0.9739057729994467]
[38871,38868,1.0,0.8215879842081663]
[117585,27443,1.0,0.6093559434944386]
[6304,6301,1.0,0.9935047841791984]
[30220,13844,1.0,0.4418828791626517]
[30220,27443,1.0,0.5805241546754123]
[48067,48061,1.0,0.9902922568048004]
[48067,48064,1.0,0.9651483165053318]
[118659,118656,1.0,0.9798804749933384]
[27739,27736,1.0,0.9934637941520884]
[63011,30220,1.0,0.5291906205275946]
[63011,63005,1.0,0.9952227536000962]
[63011,63008,1.0,0.9760475988719239]
[48064,48061,1.0,0.9784689521713547]
[30223,30220,1.0,0.9952227536000962]
[30223,27443,1.0,0.4130569451380682]
[63008,63005,1.0,0.9057618961603259]
[102687,63011,1.0,0.5867113111462491]
[89193,30220,1.0,0.4135069282043438]
[3448,3445,1.0,0.9647710421818798]
[3451,3448,1.0,0.9413339928889888]
[3451,3445,1.0,0.9914057818675445]
[120646,120643,1.0,0.8807028903623144]
[120646,120640,1.0,0.9325969762242505]
[96648,43028,1.0,0.43043524096202573]
[120643,96373,1.0,0.4052989191449031]
[120643,120640,1.0,0.991488784985425]
[9558,9555,1.0,0.9952227536000962]
[98320,58773,1.0,0.5093250420539068]
[38150,38141,1.0,0.9952227536000962]
[38150,38147,1.0,0.9881761805738833]
[18386,18383,1.0,0.9243566346435756]
[120649,120646,1.0,0.8654977532339536]
[120649,120643,1.0,0.9893284400784794]
[120649,120640,1.0,0.9952227536000962]
[9564,9555,1.0,0.9944660782509854]
[9564,9558,1.0,0.9944660782509854]
[43028,22009,1.0,0.43423301127688024]
[53896,53893,1.0,0.989291757336711]
[38147,38141,1.0,0.9881761805738833]
[89922,89919,1.0,0.7871941798361621]
[89922,89913,1.0,0.9395967056904517]
[89919,89913,1.0,0.981365796317358]
[132732,77293,1.0,0.43193142754271807]
[115416,115413,1.0,0.9847524309045436]
[132735,77293,1.0,0.43193142754271807]
[132735,132732,1.0,0.9620718164031006]
[56445,56442,1.0,0.9877726362494229]
[56451,56445,1.0,0.9848444168767829]
[56451,56448,1.0,0.977051506665106]
[56451,56442,1.0,0.9940652748684415]
[56448,56445,1.0,0.9865413521252184]
[56448,56442,1.0,0.9865413521252184]
[84846,84843,1.0,0.9675706146385372]
[88227,71010,1.0,0.4036708286123299]
[56454,56445,1.0,0.9740988412275463]
[56454,56451,1.0,0.9849547547991316]
[56454,56448,1.0,0.9609091309338283]
[56454,56442,1.0,0.9876285626334764]
[96279,96276,1.0,0.9917003996660464]
[66322,66313,1.0,0.8394677425067447]
[66322,35267,1.0,0.47392094900234105]
[66322,66310,1.0,0.9753177247405665]
[66322,66316,1.0,0.9693657400848238]
[66322,66319,1.0,0.9479846331360717]
[66322,56888,1.0,0.4538811609268753]
[66322,41820,1.0,0.5210002351046449]
[32323,11307,1.0,0.4213839903160968]
[66313,66310,1.0,0.9600786540766634]
[35264,35261,1.0,0.9440027837602731]
[35264,35258,1.0,0.9641529111924387]
[35267,32323,1.0,0.7338642466626084]
[35267,35264,1.0,0.9671040421720722]
[35267,19700,1.0,0.6604427894468717]
[35267,33856,1.0,0.6712138111271607]
[35267,35261,1.0,0.9952227536000962]
[35267,11307,1.0,0.6538098306674022]
[35267,29117,1.0,0.5033155118264675]
[35267,35258,1.0,0.9952227536000962]
[33856,29117,1.0,0.5257329031110822]
[66310,35267,1.0,0.42753944684890494]
[67626,35267,1.0,0.5417785909858286]
[80226,35267,1.0,0.789279985199547]
[66316,66313,1.0,0.9392312234800451]
[66316,35267,1.0,0.42753944684890494]
[66316,66310,1.0,0.9939287085123063]
[35261,35258,1.0,0.9916928888813668]
[52053,35267,1.0,0.580281259189179]
[91242,35267,1.0,0.5995088413607124]
[66319,66313,1.0,0.9372440033460899]
[66319,35267,1.0,0.42753944684890494]
[66319,66310,1.0,0.9883672989163637]
[66319,66316,1.0,0.9883672989163637]
[41820,35267,1.0,0.4648583940916242]
[85340,85337,1.0,0.9918845990315479]
[26044,26041,1.0,0.9842365892721153]
[92366,16353,1.0,0.4093474345290848]
[92366,10107,1.0,0.40921481095664974]
[92366,85931,1.0,0.41175845121376176]
[26047,26044,1.0,0.7583238624636861]
[26047,26041,1.0,0.729539103831889]
[66551,66548,1.0,0.9744768967604243]
[66551,66545,1.0,0.9937807051809457]
[62518,10107,1.0,0.4146369062827614]
[16353,11793,1.0,0.7348010073666496]
[16353,16347,1.0,0.9952227536000962]
[106770,16353,1.0,0.7043879819383639]
[66548,66545,1.0,0.9798669430951382]
[75697,75691,1.0,0.9700451200292455]
[75697,75694,1.0,0.9510611187535098]
[46601,16353,1.0,0.4062425184683811]
[72758,16353,1.0,0.5347031395222603]
[75671,16353,1.0,0.44326832818898476]
[68156,6500,1.0,0.5568737303260587]
[68156,7563,1.0,0.5556744541338428]
[75700,75691,1.0,0.9882001075097953]
[75700,75697,1.0,0.8654445932373815]
[75700,75694,1.0,0.9626804834204247]
[75694,75691,1.0,0.9922323843947127]
[96790,96787,1.0,0.9905184592921065]
[55766,55754,1.0,0.9757295997679792]
[55766,55763,1.0,0.9505823065835588]
[55766,55757,1.0,0.9597785867865487]
[55763,55754,1.0,0.9881410057570368]
[55763,55757,1.0,0.9835085537876638]
[55757,55754,1.0,0.9883380317255805]
[42077,42074,1.0,0.9859837102426589]
[45110,45107,1.0,0.9633083329447337]
[45110,45104,1.0,0.9881761805738833]
[45107,45104,1.0,0.989920341743108]
[45119,45110,1.0,0.9736716525912527]
[45119,45107,1.0,0.9742490645698193]
[45119,45116,1.0,0.967322901049912]
[45119,45104,1.0,0.9887824111027891]
[45119,45113,1.0,0.9736716525912527]
[73245,73242,1.0,0.9811323654615502]
[73245,73239,1.0,0.9872155859552945]
[42080,42077,1.0,0.9685859154383258]
[42080,42074,1.0,0.9941339650477837]
[73242,73239,1.0,0.9895977645477224]
[45116,45110,1.0,0.988872496675432]
[45116,45107,1.0,0.9774647411328291]
[45116,45104,1.0,0.9930982133274563]
[45116,45113,1.0,0.988872496675432]
[45113,45110,1.0,0.9952227536000962]
[45113,45107,1.0,0.9633083329447337]
[45113,45104,1.0,0.9881761805738833]
[84731,84725,1.0,0.9930374390123727]
[84731,84728,1.0,0.9860280268547342]
[122640,122637,1.0,0.9944660782509854]
[122640,122634,1.0,0.9952227536000962]
[122640,104448,1.0,0.43782111124618006]
[101502,101499,1.0,0.9912968044804883]
[84728,84725,1.0,0.9901918127542898]
[22716,22713,1.0,0.9877726362494229]
[6767,6764,1.0,0.9940141113486761]
[22719,22716,1.0,0.979215008974432]
[22719,13593,1.0,0.5019578986228358]
[22719,22713,1.0,0.9911457621988602]
[85123,8571,1.0,0.43191933844843056]
[85123,35072,1.0,0.43197246852072135]
[85123,84725,1.0,0.41682816652066856]
[85123,84728,1.0,0.41682816652066856]
[85123,85120,1.0,0.9952227536000962]
[85123,23967,1.0,0.4523732006077007]
[85123,29317,1.0,0.49720545566472274]
[85123,13593,1.0,0.6101526654836236]
[85123,50354,1.0,0.4402409206786327]
[85123,18859,1.0,0.45175601907362994]
[85123,29251,1.0,0.40443781075300905]
[122637,122634,1.0,0.9926561392683285]
[122637,104448,1.0,0.40159418260357377]
[126705,126699,1.0,0.6309589449922642]
[122634,104448,1.0,0.43782111124618006]
[13593,13590,1.0,0.9839224657413369]
[101505,101502,1.0,0.9534494613705966]
[101505,101499,1.0,0.9871023644746449]
[13596,13590,1.0,0.9933607062578763]
[13596,13593,1.0,0.9872364207768562]
[22722,22716,1.0,0.9791157488565927]
[22722,22719,1.0,0.9851180183151415]
[22722,13593,1.0,0.48565234605576046]
[22722,22713,1.0,0.9915964436623776]
[20868,13593,1.0,0.6676806578357367]
[101508,101502,1.0,0.9607716897555466]
[101508,101499,1.0,0.983707599119832]
[101508,101505,1.0,0.9330593081708481]
[92722,92719,1.0,0.6223308417848951]
[92722,92716,1.0,0.683890986657439]
[92719,92716,1.0,0.9678037800485622]
[92728,92722,1.0,0.9779945186244863]
[92728,92719,1.0,0.9905564682541387]
[92728,92716,1.0,0.9952227536000962]
[92728,92725,1.0,0.9802755544692536]
[37323,37314,1.0,0.9182474985279265]
[37323,37317,1.0,0.9182474985279265]
[129256,85653,1.0,0.4530161590201074]
[129256,37317,1.0,0.4466584431673288]
[129256,100912,1.0,0.45495730954447133]
[92725,92722,1.0,0.5682551375718159]
[92725,92719,1.0,0.9592688080073287]
[92725,92716,1.0,0.983612731784379]
[37317,37314,1.0,0.9952227536000962]
[57142,57139,1.0,0.9611038897081189]
[30230,30227,1.0,0.9469396374061565]
[30230,30224,1.0,0.9469396374061565]
[30233,30230,1.0,0.8851157703153238]
[30233,30227,1.0,0.9946572280446236]
[30233,30224,1.0,0.9946572280446236]
[57151,57142,1.0,0.9642284242018541]
[57151,57145,1.0,0.9872692020761998]
[57151,57139,1.0,0.9544660055927804]
[30236,30230,1.0,0.8926516516080395]
[30236,30233,1.0,0.9917038292066669]
[30236,30227,1.0,0.9952227536000962]
[30236,30224,1.0,0.9952227536000962]
[57145,57142,1.0,0.965816017229904]
[57145,57139,1.0,0.9560653401765267]
[30227,30224,1.0,0.9952227536000962]
[57154,57142,1.0,0.9591292701647975]
[57154,57151,1.0,0.9672188444240826]
[57154,57145,1.0,0.9560653401765267]
[57154,57139,1.0,0.9931579754637436]
[115396,115390,1.0,0.9319961622131911]
[115396,115393,1.0,0.9319961622131911]
[115393,115390,1.0,0.9952227536000962]
[86247,86244,1.0,0.8568178235431569]
[86247,86241,1.0,0.931929510527716]
[86250,86247,1.0,0.9413532591281762]
[86250,86244,1.0,0.9592408548827704]
[86250,86241,1.0,0.9893295594046283]
[34254,34248,1.0,0.9939191350930604]
[34254,34245,1.0,0.9942819304487751]
[68612,24056,1.0,0.5148707514483196]
[125632,14547,1.0,0.4114656705525288]
[12721,12718,1.0,0.4242852008146675]
[124821,124815,1.0,0.9886435804363943]
[35110,35107,1.0,0.9668824316374962]
[35110,35104,1.0,0.9699495715470612]
[35107,35104,1.0,0.9918426894149314]
[42880,42877,1.0,0.9886744517144046]
[34248,34245,1.0,0.9949181171750051]
[86244,86241,1.0,0.9791146616019868]
[79765,14547,1.0,0.8724851636989877]
[35113,35110,1.0,0.9157225089979527]
[35113,35107,1.0,0.981279577876437]
[35113,35104,1.0,0.9833012551657081]
[78006,75467,1.0,0.6326727422155953]
[87477,87474,1.0,0.6252036660782789]
[37108,37105,1.0,0.9818861521469334]
[109395,30823,1.0,0.5884983685656011]
[109395,15554,1.0,0.40441084557333384]
[33621,26601,1.0,0.4995060277851354]
[80260,80257,1.0,0.9946149626479851]
[63074,26601,1.0,0.45740524012682104]
[82362,82359,1.0,0.9952227536000962]
[80266,80260,1.0,0.9902606425543722]
[80266,80257,1.0,0.9933607062578763]
[80266,80263,1.0,0.9861453552275499]
[88809,80260,1.0,0.580613819512065]
[88809,26601,1.0,0.48531490586678794]
[88809,80266,1.0,0.5687099115380119]
[88809,80257,1.0,0.5875290403162478]
[88809,53902,1.0,0.5466580122226674]
[88809,80263,1.0,0.5048276236173721]
[80263,80260,1.0,0.9762217005334687]
[80263,80257,1.0,0.9776545623930015]
[75174,75171,1.0,0.9591292701647975]
[57168,57165,1.0,0.9874001391232343]
[57168,57162,1.0,0.9934344624783562]
[57165,57162,1.0,0.9905688649405823]
[57174,57168,1.0,0.9879776703091955]
[57174,57165,1.0,0.9913240931372624]
[57174,57162,1.0,0.9911032993600166]
[57174,57171,1.0,0.9911032993600166]
[125278,65060,1.0,0.6536536856249148]
[57171,57168,1.0,0.9934344624783562]
[57171,57165,1.0,0.9905688649405823]
[57171,57162,1.0,0.9952227536000962]
[54712,54709,1.0,0.9952227536000962]
[54718,54712,1.0,0.9321103536078326]
[87215,87209,1.0,0.9791434098212969]
[87215,87212,1.0,0.8027430431602428]
[87212,87209,1.0,0.8408962385763724]
[90977,90971,1.0,0.9933550320030448]
[90977,90974,1.0,0.9855541813488409]
[90983,90977,1.0,0.9821761971820973]
[90983,90971,1.0,0.9867854851297579]
[90983,90974,1.0,0.97113524368804]
[90974,90971,1.0,0.9884977465392617]
[128722,128719,1.0,0.9860914212477746]
[74174,4443,1.0,0.41302287288876616]
[128725,128722,1.0,0.9775083552303315]
[128725,4443,1.0,0.4055369464861857]
[128725,128719,1.0,0.9918297021280592]
[128719,4443,1.0,0.4167705987375997]
[127630,127627,1.0,0.9070211231685509]
[117607,117604,1.0,0.9921343598575462]
[79878,79875,1.0,0.9930827872225052]
[82870,82867,1.0,0.981195702879388]
[85214,85211,1.0,0.9936734116065394]
[85217,85214,1.0,0.9867327074216284]
[85217,85211,1.0,0.9952227536000962]
[120082,100308,1.0,0.668645875850858]
[52308,23270,1.0,0.44670074166049206]
[100308,36377,1.0,0.5308293238543443]
[71273,71267,1.0,0.9690133680247422]
[71273,63961,1.0,0.40991270998164175]
[71273,71264,1.0,0.9720599037020279]
[71273,71270,1.0,0.9518669364857619]
[54125,46315,1.0,0.48167021057647913]
[54125,54122,1.0,0.9858243079677026]
[90805,90802,1.0,0.9851643951794995]
[90808,90805,1.0,0.9861464120448776]
[90808,90802,1.0,0.8270438747316529]
[68185,68182,1.0,0.5489763652642264]
[71267,71264,1.0,0.9901632260005578]
[54128,54125,1.0,0.7770424607840848]
[54128,54122,1.0,0.9070211231685509]
[78239,52308,1.0,0.46968506011072425]
[63961,46315,1.0,0.5765793023224995]
[63961,63955,1.0,0.9952227536000962]
[63961,54128,1.0,0.42514127753682396]
[63961,10109,1.0,0.42888856415977555]
[63961,54122,1.0,0.45001871552979766]
[65769,63955,1.0,0.4153948880042491]
[65769,20642,1.0,0.5609368918882095]
[65769,54128,1.0,0.5148027431137343]
[65769,10109,1.0,0.6339988123340001]
[65769,44857,1.0,0.4121230448515724]
[65769,54122,1.0,0.42106110287148624]
[65769,63961,1.0,0.4153948880042491]
[68405,68402,1.0,0.9922323843947127]
[71270,71267,1.0,0.9788607669968645]
[71270,71264,1.0,0.9909251903137]
[36756,36753,1.0,0.9311145222726134]
[74310,74307,1.0,0.986419711271153]
[74310,74301,1.0,0.9952227536000962]
[74310,74304,1.0,0.9298942783250613]
[74307,74301,1.0,0.986419711271153]
[74307,74304,1.0,0.872839217009265]
[74304,74301,1.0,0.8878717349686089]
[116106,88284,1.0,0.41075545644958844]
[16406,8102,1.0,0.5730486584169088]
[16406,8093,1.0,0.5730486584169088]
[16406,8099,1.0,0.5730486584169088]
[16406,8096,1.0,0.5557166641952694]
[16406,8090,1.0,0.5730486584169088]
[16406,14414,1.0,0.6980832909313954]
[43311,16406,1.0,0.43052771726989586]
[43311,23754,1.0,0.6884342267808191]
[43311,21885,1.0,0.605446572036547]
[121669,16406,1.0,0.40115657006719]
[121669,58423,1.0,0.40286648278971215]
[121669,88284,1.0,0.42684441224475184]
[111075,23754,1.0,0.478830805117533]
[111075,58423,1.0,0.4360169064885598]
[39407,23754,1.0,0.7790403655298832]
[39407,39404,1.0,0.9913719155278211]
[39407,21885,1.0,0.4344480530233638]
[23754,16587,1.0,0.7340283306305563]
[23754,16406,1.0,0.5842318867767001]
[23754,15694,1.0,0.5985654991279195]
[23754,8102,1.0,0.6166507160738434]
[23754,23087,1.0,0.6605412107536207]
[23754,8093,1.0,0.6166507160738434]
[23754,8099,1.0,0.6166507160738434]
[23754,23084,1.0,0.6178625506455374]
[23754,8096,1.0,0.5953140681020688]
[23754,8090,1.0,0.6166507160738434]
[23754,23081,1.0,0.6605412107536207]
[23754,14414,1.0,0.5317628171011214]
[23754,23090,1.0,0.5076166209703918]
[23754,21885,1.0,0.8236192632935045]
[35326,23754,1.0,0.7723326966043469]
[35326,21885,1.0,0.47879063862920906]
[8102,8093,1.0,0.9753537833119963]
[8102,8099,1.0,0.9854435769900454]
[8102,8096,1.0,0.9884991292314524]
[8102,8090,1.0,0.9895707056247579]
[103852,23754,1.0,0.7082746788949335]
[23087,16406,1.0,0.5252535626595997]
[23087,23084,1.0,0.9925789695219653]
[23087,23081,1.0,0.9952227536000962]
[58423,16406,1.0,0.8429186804488185]
[58423,43311,1.0,0.4406546003753746]
[58423,23754,1.0,0.5352243774092362]
[58423,8102,1.0,0.5792555353141648]
[58423,23087,1.0,0.49736275477408987]
[58423,8093,1.0,0.5781154346285826]
[58423,8099,1.0,0.5805722212012743]
[58423,23084,1.0,0.4872728683158656]
[58423,8096,1.0,0.560151991432428]
[58423,40486,1.0,0.4315140620043478]
[58423,8090,1.0,0.5792555353141648]
[58423,23081,1.0,0.49736275477408987]
[58423,14414,1.0,0.5153157036263327]
[58423,54967,1.0,0.45611291544683125]
[58423,21885,1.0,0.5602841365541932]
[8093,8090,1.0,0.9929562237158024]
[83189,23754,1.0,0.46734965946072504]
[83189,58423,1.0,0.41005691482784645]
[129447,23754,1.0,0.9415526771591451]
[129447,21885,1.0,0.4282603858409235]
[39607,16406,1.0,0.464035572958216]
[84023,16406,1.0,0.44722174760682604]
[84023,23754,1.0,0.477865278305375]
[84023,58423,1.0,0.4912231246948089]
[60463,23754,1.0,0.7680526386892418]
[60463,21885,1.0,0.6453810369861703]
[8099,8093,1.0,0.953046159261338]
[8099,8096,1.0,0.9684619489854447]
[8099,8090,1.0,0.9710924874966984]
[120205,58423,1.0,0.41930256999761084]
[120205,88284,1.0,0.4653964071245648]
[23084,16406,1.0,0.4714663675327915]
[23084,23081,1.0,0.9925789695219653]
[102576,43311,1.0,0.5122449728332467]
[102576,15694,1.0,0.4541196984694034]
[91915,43311,1.0,0.44508316060779457]
[91915,15694,1.0,0.6039224192122199]
[91915,54967,1.0,0.43872193526443887]
[8096,8093,1.0,0.9602556667740942]
[8096,8090,1.0,0.9919839916101322]
[40486,16406,1.0,0.4025102191707698]
[40486,23754,1.0,0.5055906536757216]
[112029,23754,1.0,0.4962747687197722]
[59947,23754,1.0,0.7942119051686385]
[23081,16406,1.0,0.5252535626595997]
[52804,23754,1.0,0.859706225111154]
[52804,21885,1.0,0.40029252740821764]
[78316,16406,1.0,0.5967227431218067]
[78316,23754,1.0,0.6773821423801681]
[78316,58423,1.0,0.6539790601661963]
[87086,23754,1.0,0.799771472276984]
[87086,21885,1.0,0.4634588905912458]
[129879,23754,1.0,0.7157732461462872]
[39404,23754,1.0,0.7853222245519382]
[39404,21885,1.0,0.42526520058707423]
[54967,16406,1.0,0.4617447657924237]
[54967,23754,1.0,0.8732648868841895]
[131335,23754,1.0,0.922055005546524]
[131335,21885,1.0,0.5782475657885982]
[23090,16406,1.0,0.445939315770378]
[23090,23087,1.0,0.9753266002652531]
[23090,23084,1.0,0.9676342637269897]
[23090,23081,1.0,0.9753266002652531]
[21885,8102,1.0,0.49310466779496415]
[21885,8093,1.0,0.49310466779496415]
[21885,8099,1.0,0.49310466779496415]
[21885,8096,1.0,0.46821919173855625]
[21885,8090,1.0,0.49310466779496415]
[88284,43311,1.0,0.4204748356080485]
[88284,15694,1.0,0.5832415175705461]
[88284,58423,1.0,0.6884127023447246]
[88284,83189,1.0,0.5842239530442828]
[88284,78316,1.0,0.6164971301546861]
[50336,23754,1.0,0.8048658069236231]
[50336,21885,1.0,0.41454047345073547]
[132948,132942,1.0,0.9745779973539208]
[132948,132945,1.0,0.7919625581862134]
[73126,73117,1.0,0.5622860063517238]
[73126,73123,1.0,0.9243151298644615]
[73126,73114,1.0,0.9564311996686488]
[73126,73120,1.0,0.8431612535652175]
[73117,73114,1.0,0.8784949726163768]
[132945,132942,1.0,0.8670732382159946]
[73123,73117,1.0,0.6195231790288935]
[73123,73114,1.0,0.9634536235140106]
[73123,73120,1.0,0.86891805462846]
[30963,22839,1.0,0.4668776500359556]
[73120,73117,1.0,0.8207448743549299]
[73120,73114,1.0,0.9727771358688881]
[12834,12831,1.0,0.9493644503674666]
[12834,12828,1.0,0.9739528329080587]
[12831,12828,1.0,0.9894744266410441]
[12837,12834,1.0,0.9161401970421383]
[12837,12831,1.0,0.8834867804995413]
[12837,12828,1.0,0.877686261011506]
[2434,2428,1.0,0.9889225711695442]
[2434,2431,1.0,0.9163860096911668]
[2431,2428,1.0,0.9644707888057981]
[74237,43364,1.0,0.40725108166865553]
[47150,47147,1.0,0.9929318100825512]
[58978,58975,1.0,0.9948470675066801]
[116455,97383,1.0,0.6162355315483794]
[58981,58978,1.0,0.9900231719646535]
[58981,58975,1.0,0.9910940551643753]
[80298,80295,1.0,0.9900988291461671]
[80298,80292,1.0,0.9933083296760802]
[80295,80292,1.0,0.9927904021198166]
[128994,26210,1.0,0.5272998061762618]
[87318,87315,1.0,0.9604136907781268]
[87318,87312,1.0,0.9952227536000962]
[24678,24672,1.0,0.9915135589217982]
[24678,24675,1.0,0.9915135589217982]
[24678,24666,1.0,0.9915135589217982]
[24678,24669,1.0,0.9915135589217982]
[24672,24666,1.0,0.9952227536000962]
[24672,24669,1.0,0.9952227536000962]
[87315,87312,1.0,0.9604136907781268]
[24675,24672,1.0,0.9952227536000962]
[24675,24666,1.0,0.9952227536000962]
[24675,24669,1.0,0.9952227536000962]
[109813,83915,1.0,0.6618240087422216]
[24669,24666,1.0,0.9952227536000962]
[36861,36855,1.0,0.9606652546046709]
[93841,93838,1.0,0.9861464120448776]
[29613,6172,1.0,0.6256801806895517]
[54996,54677,1.0,0.43494330649211543]
[114025,114022,1.0,0.9325712191637773]
[108052,36772,1.0,0.6077847170783633]
[108052,108049,1.0,0.9905564682541387]
[62097,62094,1.0,0.9781318275909692]
[98487,69243,1.0,0.42757059008521475]
[98487,98481,1.0,0.9606506616478417]
[98487,98484,1.0,0.9595799476673467]
[98487,54677,1.0,0.40761583447722893]
[98487,36772,1.0,0.8603287479404811]
[98487,37950,1.0,0.43598832460150355]
[128943,98487,1.0,0.48137833201371033]
[128943,98481,1.0,0.5009542479983004]
[128943,62559,1.0,0.4049586982407981]
[128943,98484,1.0,0.5100048883207373]
[128943,62550,1.0,0.4049586982407981]
[128943,98490,1.0,0.7218525558847905]
[114028,114025,1.0,0.9622141565256274]
[114028,114022,1.0,0.9732546091228709]
[98481,36772,1.0,0.8389588985916532]
[98481,37950,1.0,0.4014811602363586]
[87831,37950,1.0,0.4240201954342106]
[62559,36772,1.0,0.7142389953997833]
[62559,62550,1.0,0.9792416498525569]
[62559,62553,1.0,0.9792416498525569]
[78024,62559,1.0,0.4715262358248221]
[78024,19916,1.0,0.41189623544426035]
[78024,62550,1.0,0.4715262358248221]
[78024,59252,1.0,0.4335181647316568]
[23485,23479,1.0,0.9905564682541387]
[23485,23482,1.0,0.7131562501760287]
[120286,120280,1.0,0.9925500138987969]
[116803,78024,1.0,0.47395769630071044]
[116803,61703,1.0,0.4143010550926382]
[116803,54677,1.0,0.4439417896407604]
[116803,36772,1.0,0.5674240560325753]
[116803,116800,1.0,0.9952227536000962]
[116803,37950,1.0,0.46835197548789187]
[98484,98481,1.0,0.9930676807585843]
[98484,36772,1.0,0.8525812197910785]
[98484,37950,1.0,0.40233535510454027]
[61703,19916,1.0,0.4174778344561421]
[61703,59252,1.0,0.5497903000441544]
[108055,108052,1.0,0.9877410056202841]
[108055,36772,1.0,0.6059918760589601]
[108055,108049,1.0,0.9937873554468796]
[23482,23479,1.0,0.7906655407161184]
[36772,19916,1.0,0.6096745652516572]
[55494,36772,1.0,0.46992126437893306]
[62550,36772,1.0,0.7142389953997833]
[108747,36772,1.0,0.5347436251534721]
[114031,114025,1.0,0.9379953241859363]
[114031,114028,1.0,0.8833581169804071]
[114031,114022,1.0,0.9462265774352542]
[108061,108052,1.0,0.9381977536775004]
[108061,108055,1.0,0.9657918445809827]
[108061,36772,1.0,0.5640158466403932]
[108061,108049,1.0,0.9677280512224228]
[108061,108058,1.0,0.8612759142011835]
[116806,116803,1.0,0.9646313082292596]
[116806,116800,1.0,0.9646313082292596]
[47179,47176,1.0,0.977654719923328]
[108049,36772,1.0,0.6077847170783633]
[98490,98487,1.0,0.8820690955300596]
[98490,98481,1.0,0.9869485200005181]
[98490,78024,1.0,0.6568915923850764]
[98490,98484,1.0,0.9816248994759931]
[98490,61703,1.0,0.5561489253392147]
[98490,54677,1.0,0.7101083236836607]
[98490,36772,1.0,0.85099428374363]
[98490,37950,1.0,0.6103915007022833]
[120289,120280,1.0,0.6214351521691701]
[120289,120286,1.0,0.6034393571044702]
[120289,37950,1.0,0.4233148164817306]
[59252,54677,1.0,0.5400774220199802]
[59252,36772,1.0,0.5765557552260043]
[62553,62550,1.0,0.9952227536000962]
[104979,98481,1.0,0.4623209754902168]
[104979,62559,1.0,0.6108274786222369]
[104979,19916,1.0,0.47367759963683276]
[104979,62550,1.0,0.6108274786222369]
[104979,98490,1.0,0.5938036587355671]
[104979,5856,1.0,0.45884766920641523]
[43553,36772,1.0,0.48413540693744445]
[108058,108052,1.0,0.9837421501023007]
[108058,108055,1.0,0.9921985231251432]
[108058,36772,1.0,0.59780890707361]
[108058,108049,1.0,0.9915210668302602]
[1205,1202,1.0,0.9934197647450789]
[86561,51169,1.0,0.5100141931435473]
[52413,52410,1.0,0.9935047841791984]
[52416,52410,1.0,0.9729529599445066]
[52416,52413,1.0,0.9657701703247878]
[50317,24168,1.0,0.41308615816902616]
[70502,70496,1.0,0.9875478803503387]
[70502,70499,1.0,0.9895864312524564]
[70505,70502,1.0,0.9394196653133423]
[70505,70496,1.0,0.9672559815151146]
[70505,70499,1.0,0.9446429176238467]
[70499,70496,1.0,0.9835389623342303]
[73918,73915,1.0,0.9891164748499857]
[41032,41026,1.0,0.9438183413900143]
[41032,41029,1.0,0.9351742246126546]
[41038,41032,1.0,0.8921535431219063]
[41038,41026,1.0,0.9856896254992825]
[41038,41035,1.0,0.9332343947034081]
[41038,41029,1.0,0.9931321205444399]
[41035,41032,1.0,0.924523753805979]
[41035,41026,1.0,0.9695149309344459]
[41035,41029,1.0,0.9644041083953238]
[120583,71171,1.0,0.4957180889583385]
[83608,71171,1.0,0.490677809605335]
[41029,41026,1.0,0.9941331399080218]
[109156,50571,1.0,0.60384984691642]
[51896,15769,1.0,0.4136269303966454]
[51896,50571,1.0,0.7154872055678728]
[51896,620,1.0,0.7739828615910668]
[51896,13680,1.0,0.48304159757488757]
[51896,46566,1.0,0.40048584185390296]
[82232,50571,1.0,0.5889412817341615]
[59294,59291,1.0,0.9546277586536887]
[59294,59288,1.0,0.977654719923328]
[126022,126019,1.0,0.9905564682541387]
[126022,126016,1.0,0.9952227536000962]
[126022,50571,1.0,0.619151972277506]
[76949,50571,1.0,0.5724154660618217]
[75033,42940,1.0,0.43205945169837967]
[126019,109156,1.0,0.4375957073421347]
[126019,76949,1.0,0.47847723628866656]
[126019,50565,1.0,0.5864574324527725]
[126019,126016,1.0,0.9905564682541387]
[126019,50568,1.0,0.5841895676470128]
[126019,76952,1.0,0.47847723628866656]
[126019,50571,1.0,0.9204760126153647]
[126019,28397,1.0,0.48114519845446174]
[126019,115695,1.0,0.4047217103665874]
[59291,59288,1.0,0.9892819917996648]
[131703,50571,1.0,0.49277261049652876]
[12049,12043,1.0,0.9661620314262735]
[12049,12046,1.0,0.964886509701801]
[126016,50571,1.0,0.619151972277506]
[50568,50565,1.0,0.9788340417433512]
[59131,59125,1.0,0.9816455827389688]
[59131,59128,1.0,0.8838814753036709]
[49858,49855,1.0,0.4351674071638286]
[49858,49852,1.0,0.9776302688368744]
[43974,36352,1.0,0.40101065511908657]
[125749,125746,1.0,0.9925282939886803]
[76952,76949,1.0,0.9759683983324161]
[76952,50571,1.0,0.5724154660618217]
[34608,14478,1.0,0.4639929829269094]
[62681,62678,1.0,0.9798403252207151]
[50571,50565,1.0,0.9952227536000962]
[50571,50568,1.0,0.9826249207317919]
[50571,12122,1.0,0.6912155310036469]
[50571,28397,1.0,0.5254169676175214]
[50571,15555,1.0,0.41065940844403415]
[50571,32154,1.0,0.4639655287919617]
[49861,49858,1.0,0.9577046825368871]
[49861,49852,1.0,0.9927904021198166]
[2572,2569,1.0,0.9777524910077173]
[59300,59294,1.0,0.9633970379248308]
[59300,59291,1.0,0.9818028503440138]
[59300,59288,1.0,0.9916928888813668]
[81086,50571,1.0,0.674389344523635]
[131098,50571,1.0,0.4516950644510165]
[12046,12043,1.0,0.9950198389614197]
[76955,76949,1.0,0.990323217142222]
[76955,76952,1.0,0.9551075399927496]
[76955,50571,1.0,0.46333558288463017]
[115695,50571,1.0,0.6031480739861981]
[59128,59125,1.0,0.9578737320634085]
[62684,62678,1.0,0.8772259138265581]
[62684,62681,1.0,0.7669519623774004]
[74620,74617,1.0,0.9926648717289693]
[44629,30232,1.0,0.5210970534948354]
[124182,124176,1.0,0.9888713090116347]
[124182,124179,1.0,0.9886421662657613]
[101296,869,1.0,0.4009564329861287]
[101296,27032,1.0,0.4836240667377874]
[86319,29705,1.0,0.4557192117831786]
[32307,29705,1.0,0.44458991713860496]
[121150,27032,1.0,0.40070918896997443]
[44872,44866,1.0,0.984862551661625]
[44872,44869,1.0,0.9814859106909274]
[105073,105070,1.0,0.9660936178038028]
[74626,74620,1.0,0.9859991387928313]
[74626,74617,1.0,0.9936282955531263]
[74626,74623,1.0,0.958735730940198]
[10070,10067,1.0,0.9927904021198166]
[17652,17646,1.0,0.9869808361660708]
[17652,17643,1.0,0.99133259848331]
[17652,17649,1.0,0.9610294427587259]
[17646,17643,1.0,0.9910247876184229]
[30232,14831,1.0,0.48846997775778933]
[30232,29705,1.0,0.43401821543073765]
[30232,28449,1.0,0.5293984076838459]
[44869,44866,1.0,0.993833290446873]
[55408,30232,1.0,0.5093495183074026]
[79763,29705,1.0,0.4839861592880061]
[29705,21585,1.0,0.6118621750606092]
[29705,28020,1.0,0.41080535419861336]
[124179,124176,1.0,0.9938647243311929]
[28449,22732,1.0,0.4008847680002222]
[105076,105070,1.0,0.9905564682541387]
[105076,105073,1.0,0.9467298516918774]
[36405,36402,1.0,0.9942575627318049]
[108985,108982,1.0,0.9645179918256046]
[46124,30232,1.0,0.5481080709424133]
[44878,44872,1.0,0.9727910290602578]
[44878,44866,1.0,0.9908816929606714]
[44878,44869,1.0,0.9885742357134695]
[44878,44875,1.0,0.9786073385534038]
[43581,28449,1.0,0.47910377814791477]
[44875,44872,1.0,0.9634767365673925]
[44875,44866,1.0,0.9929066896457112]
[44875,44869,1.0,0.9909486104523398]
[17649,17646,1.0,0.9833295836912469]
[17649,17643,1.0,0.990836945263551]
[81732,26023,1.0,0.4290001273393559]
[74623,74620,1.0,0.9506923832302705]
[74623,74617,1.0,0.9808464055000472]
[54777,54774,1.0,0.9868873524262107]
[54780,54777,1.0,0.9492579373102125]
[54780,54774,1.0,0.9846331944554485]
[95980,95977,1.0,0.9952227536000962]
[95983,95977,1.0,0.9332532558074086]
[95983,95980,1.0,0.9332532558074086]
[38083,9050,1.0,0.5754376280822764]
[9050,9041,1.0,0.9952227536000962]
[9050,9044,1.0,0.9352259121157904]
[87098,87095,1.0,0.9851234861400774]
[9044,9041,1.0,0.8185163281167783]
[125544,122751,1.0,0.5519967034891079]
[125544,78929,1.0,0.43136079645715153]
[125544,47225,1.0,0.40739587939970257]
[111859,111856,1.0,0.9396542128884903]
[111859,111847,1.0,0.9576277061010939]
[111859,111853,1.0,0.8258232248437564]
[1154,1151,1.0,0.9952227536000962]
[111856,22528,1.0,0.41355496184977986]
[111856,111847,1.0,0.9925127860434669]
[111856,111853,1.0,0.9542102054552378]
[111856,78929,1.0,0.4048273219296098]
[12428,12425,1.0,0.993933117552572]
[111847,22528,1.0,0.4046596030944034]
[111847,78929,1.0,0.4031076058249028]
[1157,1154,1.0,0.9952227536000962]
[1157,1151,1.0,0.9952227536000962]
[111853,111847,1.0,0.9656864446647964]
[111853,78929,1.0,0.4031076058249028]
[122751,111856,1.0,0.4079843174164454]
[122751,111847,1.0,0.4079843174164454]
[1160,1154,1.0,0.9549104384759173]
[1160,1151,1.0,0.9549104384759173]
[1160,1157,1.0,0.9549104384759173]
[57711,57708,1.0,0.9879173759968293]
[78929,1160,1.0,0.4587938588801877]
[125841,93409,1.0,0.5008558488145547]
[43306,43303,1.0,0.9822823109963214]
[114204,58195,1.0,0.5375671114979237]
[113020,113017,1.0,0.9912781958929191]
[113020,113014,1.0,0.9882883122923598]
[13517,13514,1.0,0.9699149538337315]
[113017,113014,1.0,0.989501162081382]
[9703,9150,1.0,0.6298518338876278]
[9150,9147,1.0,0.9110662525792345]
[9150,9144,1.0,0.9952227536000962]
[9706,9703,1.0,0.9937129844331689]
[9706,9150,1.0,0.6551056393455024]
[9147,9144,1.0,0.9263316916051442]
[96676,96673,1.0,0.9722154351769012]
[96676,96670,1.0,0.6357461008701356]
[99628,99622,1.0,0.9901918127542898]
[99628,99625,1.0,0.9901918127542898]
[96673,96670,1.0,0.9915109344753413]
[115686,9150,1.0,0.5539847167975881]
[115686,14270,1.0,0.4222488966719725]
[115686,66879,1.0,0.5632027325955239]
[110823,9150,1.0,0.4032059168671946]
[32691,14270,1.0,0.5811686529737701]
[99625,99622,1.0,0.9952227536000962]
[51607,51604,1.0,0.9847538197679524]
[51610,51607,1.0,0.9607603659645778]
[51610,51604,1.0,0.9607603659645778]
[10167,10164,1.0,0.9459724936461993]
[99354,99351,1.0,0.9952227536000962]
[89236,88388,1.0,0.6112682492790374]
[111913,98614,1.0,0.45394535094132366]
[94369,94366,1.0,0.9950492062368131]
[94372,94369,1.0,0.9886095395625372]
[94372,94366,1.0,0.9889708924535856]
[57698,57695,1.0,0.9952227536000962]
[109138,88434,1.0,0.46111502601074367]
[57545,39690,1.0,0.477287329430736]
[122935,122923,1.0,0.9930641667401623]
[122935,122932,1.0,0.9896034832935348]
[122935,122926,1.0,0.9636604177095558]
[122935,122929,1.0,0.9930641667401623]
[122932,122923,1.0,0.9917791772693173]
[122932,122926,1.0,0.9377036420560344]
[122932,122929,1.0,0.9917791772693173]
[122926,122923,1.0,0.9328349806315761]
[122929,122923,1.0,0.9952227536000962]
[122929,122926,1.0,0.9693482208789178]
[68069,68066,1.0,0.9773082007525535]
[93505,32359,1.0,0.414700658185336]
[93505,61456,1.0,0.49946147409404645]
[93505,56626,1.0,0.6330518057858568]
[105610,93505,1.0,0.6940378346280532]
[77016,77013,1.0,0.9927904021198166]
[41059,41056,1.0,0.9891985711038672]
[68072,68069,1.0,0.9799074336582301]
[68072,68066,1.0,0.9901918127542898]
[68072,61456,1.0,0.42054816121423183]
[68072,56626,1.0,0.46722695718013]
[16842,4451,1.0,0.4006945652453649]
[118258,118252,1.0,0.9927904021198166]
[118258,118255,1.0,0.9927904021198166]
[118255,118252,1.0,0.9952227536000962]
[103291,103282,1.0,0.9945658729539499]
[24794,24788,1.0,0.9921471266607758]
[84463,84457,1.0,0.9877812743869288]
[84463,84460,1.0,0.945426450295431]
[22938,17233,1.0,0.41310465979684746]
[84466,84463,1.0,0.9866127734185751]
[84466,84457,1.0,0.9947262821994]
[84466,84460,1.0,0.9764742172582423]
[84460,84457,1.0,0.9759444688769742]
[26788,26785,1.0,0.9856013414380667]
[88747,88744,1.0,0.9711204150767179]
[88747,88741,1.0,0.9864373474616579]
[22894,22891,1.0,0.9935126676877665]
[88744,88741,1.0,0.9891164748499857]
[63427,63424,1.0,0.9859369605433117]
[90766,49162,1.0,0.43071226718302885]
[90766,61755,1.0,0.4191293922962359]
[115984,115981,1.0,0.9952227536000962]
[68417,61755,1.0,0.5162702282884906]
[104278,104272,1.0,0.9952227536000962]
[104278,104275,1.0,0.9913318870370498]
[104278,49162,1.0,0.6041638236271789]
[104278,97210,1.0,0.5330159739145484]
[104272,49162,1.0,0.6041638236271789]
[104272,97210,1.0,0.5330159739145484]
[63019,41165,1.0,0.5643145618330716]
[104275,104272,1.0,0.9947262821994]
[104275,49162,1.0,0.6041638236271789]
[104275,97210,1.0,0.5324507624922544]
[108423,49162,1.0,0.4144555187344114]
[49162,10876,1.0,0.7175084851653715]
[49162,18771,1.0,0.46907143426545683]
[49162,41165,1.0,0.5745956787021163]
[131568,10876,1.0,0.43200946566390064]
[47191,47185,1.0,0.9652061992857227]
[47191,47188,1.0,0.980543786701045]
[83354,49162,1.0,0.5477893174596224]
[61755,49162,1.0,0.6055287670159348]
[79164,79161,1.0,0.9952227536000962]
[115987,115984,1.0,0.9729888170692776]
[115987,115981,1.0,0.9729888170692776]
[84652,61755,1.0,0.40407055549908316]
[47188,47185,1.0,0.9952227536000962]
[79167,79164,1.0,0.9682136572115343]
[79167,79161,1.0,0.9682136572115343]
[60823,4543,1.0,0.6887448327989828]
[16088,10860,1.0,0.45271208517141764]
[50966,4543,1.0,0.6705994225812018]
[122667,60823,1.0,0.4070664823226571]
[72982,55857,1.0,0.44216783761938794]
[72982,10860,1.0,0.7794960338844507]
[72982,11799,1.0,0.4459294461318641]
[75692,75686,1.0,0.9940396568789889]
[75692,75689,1.0,0.8978483894077673]
[75689,75686,1.0,0.950395801633043]
[21377,21374,1.0,0.9905564682541387]
[61886,61874,1.0,0.6909487403493068]
[61886,61883,1.0,0.4750182149402564]
[61886,61877,1.0,0.43205460072095336]
[61883,61874,1.0,0.9729923894301468]
[61883,61877,1.0,0.8503041055574307]
[27230,27224,1.0,0.9922323843947127]
[61877,61874,1.0,0.9686692025350159]
[93429,93426,1.0,0.9930676807585843]
[61208,61202,1.0,0.9902809255690302]
[90661,90655,1.0,0.9952227536000962]
[90661,90652,1.0,0.9952227536000962]
[90661,90658,1.0,0.9952227536000962]
[91462,91459,1.0,0.9952227536000962]
[91462,41223,1.0,0.4917107628369647]
[91462,16819,1.0,0.6319631369051254]
[91465,91462,1.0,0.9896159396157828]
[91465,91459,1.0,0.9896159396157828]
[91465,41223,1.0,0.45166329931337157]
[91465,16819,1.0,0.6079194035301347]
[90655,90652,1.0,0.9929318100825512]
[91459,41223,1.0,0.4917107628369647]
[91459,16819,1.0,0.6319631369051254]
[91468,91462,1.0,0.9896159396157828]
[91468,91465,1.0,0.9864026084190416]
[91468,91459,1.0,0.9896159396157828]
[91468,41223,1.0,0.43694696026581975]
[91468,16819,1.0,0.6079194035301347]
[90658,90655,1.0,0.9746563765970959]
[90658,90652,1.0,0.9859369605433117]
[90664,90661,1.0,0.9892819917996648]
[90664,90655,1.0,0.9717974433465479]
[90664,90652,1.0,0.9892819917996648]
[90664,90658,1.0,0.969953671316209]
[16819,1558,1.0,0.5107187229359931]
[71144,71141,1.0,0.9896193278833233]
[2812,2809,1.0,0.9916975038550923]
[71147,71141,1.0,0.9833514052893394]
[71147,71144,1.0,0.9676611425665891]
[35230,35227,1.0,0.9952227536000962]
[8005,8002,1.0,0.986925116811151]
[119406,119394,1.0,0.7354012898470527]
[119406,119403,1.0,0.7432309118542426]
[119403,119394,1.0,0.993318996418406]
[31586,31580,1.0,0.9936297334222585]
[31586,31583,1.0,0.9825920273490455]
[25489,22899,1.0,0.49325167121636554]
[68498,68495,1.0,0.9918484705620987]
[76848,25489,1.0,0.43837963656084866]
[68501,68498,1.0,0.9896568201691056]
[68501,68495,1.0,0.9938289672647332]
[107575,25489,1.0,0.7904721054869136]
[31583,31580,1.0,0.9887863841901519]
[92270,92267,1.0,0.9916975038550923]
[92273,92270,1.0,0.9848400868853119]
[92273,92267,1.0,0.9910149508065733]
[93622,93616,1.0,0.9704779003884866]
[93622,93613,1.0,0.9894306778428257]
[93622,93619,1.0,0.9808498505691161]
[93616,93613,1.0,0.9887864480827022]
[93619,61857,1.0,0.5094353298478594]
[93619,93616,1.0,0.9870221069507266]
[93619,93613,1.0,0.9909178282571507]
[67897,67894,1.0,0.9899074872227256]
[57539,57536,1.0,0.762589018121253]
[57539,57533,1.0,0.9021936847876525]
[57536,57533,1.0,0.9851281100581999]
[63459,63456,1.0,0.9952227536000962]
[47087,3271,1.0,0.4412707114220468]
[91036,35276,1.0,0.4506743833720851]
[108100,8113,1.0,0.5806068177561369]
[108100,1663,1.0,0.4610592096498834]
[108100,86569,1.0,0.42531378792801644]
[108100,22712,1.0,0.4882709183115318]
[108100,10949,1.0,0.5032341607328606]
[108100,46404,1.0,0.625254248077519]
[108100,86991,1.0,0.46074201747242444]
[86994,86991,1.0,0.9876170649305128]
[56491,56485,1.0,0.9896022083724714]
[56491,56488,1.0,0.983313937369171]
[64781,64772,1.0,0.9717616584487577]
[64781,64778,1.0,0.9672776420673844]
[64781,64775,1.0,0.9717616584487577]
[64778,64772,1.0,0.9809977597008775]
[64778,64775,1.0,0.9809977597008775]
[56488,56485,1.0,0.9836180752688827]
[10569,10560,1.0,0.9927904021198166]
[10569,10563,1.0,0.612258977781717]
[10569,10566,1.0,0.942995266074692]
[10563,10560,1.0,0.6450306702609678]
[10572,10560,1.0,0.9942129708818666]
[10572,10569,1.0,0.9913332082809255]
[10572,10563,1.0,0.6450306702609678]
[10572,10566,1.0,0.9474340991886135]
[5238,5235,1.0,0.9952227536000962]
[64775,64772,1.0,0.9952227536000962]
[10566,10560,1.0,0.9697788342979048]
[10566,10563,1.0,0.6210142097920285]
[132328,103255,1.0,0.464235762096368]
[123988,109704,1.0,0.47332693446573887]
[105018,105015,1.0,0.9483242692133952]
[105018,105012,1.0,0.9651428013533822]
[13003,7218,1.0,0.43485124680765797]
[54714,54711,1.0,0.9952227536000962]
[132354,132351,1.0,0.9331110664659799]
[132354,132348,1.0,0.9496527003107484]
[132351,132348,1.0,0.9930750981066655]
[100386,86679,1.0,0.4022380936188541]
[105015,105012,1.0,0.9927904021198166]
[54717,54711,1.0,0.9936650057467088]
[54717,54714,1.0,0.9936650057467088]
[5709,5703,1.0,0.9900592205763161]
[5709,5706,1.0,0.6139199383069779]
[46091,46088,1.0,0.986501505726474]
[120663,120657,1.0,0.8827953120294619]
[120663,120660,1.0,0.8268021712917217]
[121813,61569,1.0,0.45262600937281616]
[34145,34113,1.0,0.5521773854988283]
[34145,20922,1.0,0.4014383267849776]
[120666,120657,1.0,0.9831495620690026]
[120666,120663,1.0,0.831440391835878]
[120666,120660,1.0,0.9716715607450629]
[50180,20922,1.0,0.4009696557275081]
[50180,50177,1.0,0.9952227536000962]
[116844,116841,1.0,0.9952227536000962]
[89509,34145,1.0,0.5481174523238609]
[108007,108004,1.0,0.9935047841791984]
[79656,34113,1.0,0.43399705955185475]
[79656,50180,1.0,0.5253871696916663]
[79656,50177,1.0,0.5253871696916663]
[61677,34145,1.0,0.40742958387114503]
[120660,120657,1.0,0.9914057818675445]
[5706,5703,1.0,0.6139199383069779]
[50177,20922,1.0,0.4009696557275081]
[46094,46091,1.0,0.9850747656377952]
[46094,46088,1.0,0.9926743582162448]
[65779,65776,1.0,0.9898825734637264]
[80498,65149,1.0,0.42102929459528543]
[115516,115510,1.0,0.9790190140239555]
[115516,65076,1.0,0.4227715213029233]
[115516,115513,1.0,0.9452079200237193]
[115510,65076,1.0,0.4227715213029233]
[60238,40822,1.0,0.48506858051842394]
[60238,27360,1.0,0.4275960345357791]
[55600,40822,1.0,0.4757166002182493]
[55600,27360,1.0,0.5044399261242599]
[97983,40822,1.0,0.412179339628372]
[65076,60238,1.0,0.4185555551325106]
[65076,40822,1.0,0.6285162348376357]
[65076,27360,1.0,0.6701439608644894]
[56742,56739,1.0,0.9724882959113034]
[79628,79616,1.0,0.5564100337674794]
[79628,79619,1.0,0.42995087768061935]
[54346,54343,1.0,0.9918818867765093]
[84626,84623,1.0,0.9910383344896719]
[54343,27360,1.0,0.4046118021280644]
[79619,79616,1.0,0.978612401716949]
[115513,115510,1.0,0.9452079200237193]
[115513,40822,1.0,0.45652519671630293]
[115513,27360,1.0,0.4390205295766198]
[79631,79616,1.0,0.9859927633822729]
[79631,79628,1.0,0.5025179035742042]
[79631,79619,1.0,0.9392616199557808]
[123571,123568,1.0,0.9793644083162741]
[123571,123565,1.0,0.9689692001483933]
[123571,123562,1.0,0.9861562319615547]
[123568,123565,1.0,0.9822613577119704]
[123568,123562,1.0,0.9924229130625422]
[123568,57671,1.0,0.4153460987197526]
[100629,32922,1.0,0.42362882272704205]
[123565,123562,1.0,0.9874899461697841]
[123565,57671,1.0,0.4686672656933038]
[123562,57671,1.0,0.44450150660438426]
[1520,1517,1.0,0.9769445462652233]
[71038,2444,1.0,0.43726044030339983]
[2644,2638,1.0,0.9825456781019429]
[2644,2635,1.0,0.9869691481601556]
[2644,2641,1.0,0.8296056770765854]
[2638,2635,1.0,0.9822823109963214]
[2647,2644,1.0,0.49836260184623854]
[2647,2638,1.0,0.4883384732142457]
[2647,2635,1.0,0.542439873448966]
[2641,2638,1.0,0.7947660200622981]
[2641,2635,1.0,0.8355008992161957]
[129529,100360,1.0,0.42484598586453254]
[102447,102444,1.0,0.9949181171750051]
[57212,57209,1.0,0.9909546419661528]
[57212,57206,1.0,0.9903387499034603]
[57209,57206,1.0,0.9947030106268565]
[16144,16141,1.0,0.9874882310208049]
[43570,43567,1.0,0.8078525762307349]
[28182,28179,1.0,0.9926278674655746]
[9188,5253,1.0,0.5490398634781015]
[126360,79465,1.0,0.4724802659213047]
[91320,60122,1.0,0.5134198663849329]
[87336,87333,1.0,0.9924229130625422]
[79465,5253,1.0,0.4711595619565605]
[79465,79321,1.0,0.44586977091300545]
[12282,12276,1.0,0.7337803022060214]
[12282,12279,1.0,0.5470792031209475]
[128914,128911,1.0,0.8103427583772621]
[42924,42921,1.0,0.9914651780633009]
[123829,123826,1.0,0.9945081630075626]
[123832,123829,1.0,0.9919383972735468]
[123832,123826,1.0,0.9929864502107044]
[12285,12276,1.0,0.9560313370521104]
[12285,12279,1.0,0.9821289173766715]
[12279,12276,1.0,0.9836722904196267]
[6425,6422,1.0,0.9900288215138197]
[6425,6419,1.0,0.9933096261446815]
[128920,128914,1.0,0.7999630061407081]
[128920,112423,1.0,0.4384424833939295]
[128920,128917,1.0,0.9947262821994]
[128920,128911,1.0,0.9947262821994]
[128917,128914,1.0,0.8103427583772621]
[128917,112423,1.0,0.4506666996687283]
[128917,128911,1.0,0.9952227536000962]
[65589,7837,1.0,0.42983500149084203]
[6422,6419,1.0,0.9599001673835751]
[128911,112423,1.0,0.4506666996687283]
[65971,65968,1.0,0.9922444720626648]
[32352,32349,1.0,0.9740367529824602]
[112636,17521,1.0,0.4889353346155875]
[112636,17524,1.0,0.5462007454947685]
[112636,17515,1.0,0.5263697993254159]
[112636,17518,1.0,0.5545822976485418]
[112636,16081,1.0,0.46492434110648284]
[17521,17515,1.0,0.9939453078520322]
[17521,17518,1.0,0.9917040786028056]
[17521,16081,1.0,0.5843145547429928]
[17524,17521,1.0,0.976917785940064]
[17524,17515,1.0,0.9812925625785295]
[17524,17518,1.0,0.9756333430504719]
[17524,16081,1.0,0.4483484313009072]
[17515,16081,1.0,0.6234576571340182]
[71595,10051,1.0,0.5225422309338088]
[17518,17515,1.0,0.9912498675642931]
[17518,16081,1.0,0.6246187460181347]
[27299,10051,1.0,0.5336606356603746]
[27299,27293,1.0,0.9909424776519933]
[27293,10051,1.0,0.5113144706747765]
[47708,47705,1.0,0.9916859638723652]
[47714,47708,1.0,0.9722819536248051]
[47714,47705,1.0,0.9829274076214354]
[47714,47711,1.0,0.9829274076214354]
[47711,47708,1.0,0.988685841929243]
[47711,47705,1.0,0.9933550320030448]
[44583,44580,1.0,0.8976020211697054]
[51653,51650,1.0,0.7453031514925551]
[67014,67011,1.0,0.9940528687790091]
[67017,67011,1.0,0.9927543544888627]
[67017,67014,1.0,0.9910492565894844]
[102277,31405,1.0,0.5855767225055676]
[102277,102274,1.0,0.9952227536000962]
[86790,86787,1.0,0.9940396568789889]
[86790,86784,1.0,0.9952227536000962]
[86787,86784,1.0,0.9940396568789889]
[102274,31405,1.0,0.5855767225055676]
[86793,86790,1.0,0.8958658128672138]
[86793,86787,1.0,0.8938514286414838]
[86793,86784,1.0,0.8958658128672138]
[102280,102277,1.0,0.9934567839627333]
[102280,31405,1.0,0.5827026161279026]
[102280,102274,1.0,0.9934567839627333]
[132879,15606,1.0,0.442017135754922]
[40144,40138,1.0,0.6672329235099194]
[40144,40141,1.0,0.719397449422791]
[77533,11060,1.0,0.40050890047758997]
[71845,71842,1.0,0.9584162951905362]
[80294,80291,1.0,0.988148450643207]
[80300,80294,1.0,0.9594171376260221]
[80300,80291,1.0,0.982603602475314]
[50794,11060,1.0,0.4447059823670785]
[80964,78299,1.0,0.41849341444792704]
[114834,32975,1.0,0.515369409917991]
[80291,11940,1.0,0.44719244586541645]
[71848,71845,1.0,0.9556152097079833]
[71848,71842,1.0,0.9867593649390504]
[78293,78290,1.0,0.9797608061294161]
[78299,78290,1.0,0.9834871467784403]
[78299,11060,1.0,0.47192439338320463]
[78299,78293,1.0,0.9397584283783773]
[125370,89556,1.0,0.40730936732044776]
[125370,47659,1.0,0.425952479139757]
[125370,11060,1.0,0.560144414119879]
[125370,80964,1.0,0.4249913103433268]
[125370,114834,1.0,0.4004117098457989]
[79844,14452,1.0,0.45656235527726896]
[71851,71845,1.0,0.9700942828897292]
[71851,71848,1.0,0.984593343983855]
[71851,71842,1.0,0.9912051623453609]
[40141,40138,1.0,0.9929318100825512]
[65169,60793,1.0,0.43541107945506696]
[16882,4252,1.0,0.5114397563948936]
[4249,4246,1.0,0.9904451180385457]
[4249,4243,1.0,0.9929984661036967]
[77148,77145,1.0,0.9669497028437269]
[4246,4243,1.0,0.9926215731795515]
[60793,16882,1.0,0.41156976571864634]
[60793,4249,1.0,0.6036469709399356]
[60793,4246,1.0,0.6589888493354403]
[60793,22052,1.0,0.6485403732744801]
[60793,31952,1.0,0.7841395757621192]
[60793,4243,1.0,0.6083255148893398]
[60793,3463,1.0,0.6225100481685216]
[60793,4252,1.0,0.6083255148893398]
[60793,47646,1.0,0.7203644800140592]
[60793,32645,1.0,0.8023870209575918]
[60793,54490,1.0,0.578548443021681]
[22052,3463,1.0,0.46047977659499595]
[120556,60793,1.0,0.47106699345871966]
[118509,60793,1.0,0.5820523956963025]
[4252,4249,1.0,0.9867047563937813]
[4252,4246,1.0,0.9932622689139264]
[4252,4243,1.0,0.9950881655021437]
[32645,22052,1.0,0.6186368980024678]
[54490,22052,1.0,0.4707427270377359]
[119122,63135,1.0,0.5071727051400932]
[119122,63138,1.0,0.8835367221524191]
[89092,89086,1.0,0.9947803113316972]
[63138,63135,1.0,0.9952227536000962]
[63138,57218,1.0,0.6269359656555767]
[113920,55885,1.0,0.40751618226317626]
[55888,55885,1.0,0.9648611692757575]
[26442,26439,1.0,0.9720158899705242]
[24485,3793,1.0,0.560451658663067]
[49084,49081,1.0,0.9900381089621769]
[26445,26442,1.0,0.9353691149988811]
[26445,26439,1.0,0.992027942721328]
[114924,114918,1.0,0.984611840309476]
[93398,29856,1.0,0.4359643016169029]
[93398,29850,1.0,0.5274368926527231]
[29856,29853,1.0,0.7841439543669799]
[29856,28926,1.0,0.5274859697437727]
[29856,3793,1.0,0.688574862230957]
[29856,15517,1.0,0.5037491806614811]
[29856,29850,1.0,0.9783254588067185]
[24124,15517,1.0,0.454527883683644]
[29853,3793,1.0,0.6794410723135922]
[29853,29850,1.0,0.9072925065866991]
[106450,91014,1.0,0.6676523054433146]
[106450,29856,1.0,0.6256804574189334]
[106450,29853,1.0,0.6602475306005965]
[106450,29850,1.0,0.6256804574189334]
[49081,4073,1.0,0.47279400364744967]
[92612,29856,1.0,0.4820900076858269]
[92612,29853,1.0,0.5569932502133669]
[92612,29850,1.0,0.4820900076858269]
[43206,3793,1.0,0.40216506863951196]
[29850,28926,1.0,0.6209152756060234]
[29850,3793,1.0,0.8288528258326433]
[29850,15517,1.0,0.42894169276143573]
[96819,96816,1.0,0.984175581204297]
[17345,17342,1.0,0.9952227536000962]
[87616,87613,1.0,0.9929243387519429]
[29807,29804,1.0,0.9858777929796422]
[29807,29801,1.0,0.9938647243311929]
[28395,28386,1.0,0.9720516876418811]
[28395,28392,1.0,0.9734563708634573]
[96537,96534,1.0,0.9026870629466266]
[96537,96531,1.0,0.9887253475865077]
[29804,29801,1.0,0.9938747443868814]
[96534,96531,1.0,0.9677022198933953]
[17351,17345,1.0,0.9879469639322672]
[17351,17342,1.0,0.9794819251423154]
[28389,28386,1.0,0.4561889511309552]
[28392,28389,1.0,0.5777613792920498]
[28392,28386,1.0,0.985862621657809]
[96540,96537,1.0,0.9799183368806244]
[96540,96534,1.0,0.9199160563613544]
[96540,96531,1.0,0.991077256622663]
[87619,87616,1.0,0.9929243387519429]
[87619,87613,1.0,0.9952227536000962]
[127540,80558,1.0,0.772129778207173]
[80561,80558,1.0,0.9946572280446236]
[80561,80555,1.0,0.9946572280446236]
[10058,4347,1.0,0.7158002676134304]
[10058,10055,1.0,0.9877726362494229]
[82699,80558,1.0,0.49542507492321597]
[96898,80558,1.0,0.5831805792335784]
[10055,4347,1.0,0.7158002676134304]
[117690,10058,1.0,0.6407734774081177]
[117690,10055,1.0,0.4640033904323887]
[97068,80558,1.0,0.5076728144667132]
[88421,80558,1.0,0.8042576501866244]
[88421,80555,1.0,0.434158950095518]
[87757,4347,1.0,0.5423785047456727]
[87757,80558,1.0,0.8758580459656252]
[87757,80555,1.0,0.4297236906658063]
[80558,49239,1.0,0.6835377887027422]
[80558,28853,1.0,0.5088815414987063]
[80558,31203,1.0,0.6914064356434445]
[80558,59113,1.0,0.5642481703518369]
[80558,10058,1.0,0.413117146628798]
[80558,56163,1.0,0.8841241379150716]
[80558,4347,1.0,0.5723041938520217]
[80558,80555,1.0,0.9952227536000962]
[80558,23308,1.0,0.6763687832681629]
[80558,7839,1.0,0.5730126669539516]
[80555,56163,1.0,0.4833752752579636]
[92039,80558,1.0,0.48117670594036305]
[89917,80558,1.0,0.7266748857168899]
[77919,4347,1.0,0.5952401388852536]
[109246,80558,1.0,0.661610144033621]
[15116,4347,1.0,0.5580807721860358]
[132261,5011,1.0,0.562496800487111]
[75314,42807,1.0,0.5792765246617742]
[96849,96846,1.0,0.9927904021198166]
[76822,5011,1.0,0.4337602593466403]
[76822,6809,1.0,0.4322183313090711]
[95899,73671,1.0,0.5150709397668322]
[42807,36474,1.0,0.7086208564456781]
[88714,88708,1.0,0.9952227536000962]
[85587,12827,1.0,0.49974755055238557]
[14078,14072,1.0,0.9713864439741756]
[112647,52607,1.0,0.41189126473554966]
[112647,87740,1.0,0.4299519457586728]
[78215,18127,1.0,0.7040014501461032]
[78215,52607,1.0,0.6243184542804837]
[78215,78206,1.0,0.9927904021198166]
[78215,78209,1.0,0.9030617115097856]
[78215,5499,1.0,0.45869715742648687]
[78215,37157,1.0,0.45385040926432907]
[78215,78212,1.0,0.9552382359954658]
[78215,31361,1.0,0.6882455557356767]
[78215,78203,1.0,0.9922728384210173]
[53751,52607,1.0,0.5074254318769941]
[53751,31361,1.0,0.4471379094877436]
[41046,41043,1.0,0.9910556759241197]
[52607,37157,1.0,0.43906368462443174]
[41052,41046,1.0,0.9659126185019579]
[41052,41043,1.0,0.9739755563869154]
[41052,41049,1.0,0.6300322473668086]
[81755,78215,1.0,0.6170522482635951]
[81755,67733,1.0,0.8393352342892347]
[81755,72180,1.0,0.6084858484004796]
[81755,57754,1.0,0.40007795540738655]
[81755,81752,1.0,0.9932607219518318]
[78206,78203,1.0,0.9886643301714311]
[78209,78206,1.0,0.8996866895380392]
[78209,78203,1.0,0.9303839781754659]
[122853,122850,1.0,0.9673795897948423]
[122853,122847,1.0,0.9673795897948423]
[116512,5499,1.0,0.5834296435518831]
[4993,4987,1.0,0.910099999097055]
[43470,43464,1.0,0.9297718298654823]
[43470,43467,1.0,0.8838394415207708]
[79876,18127,1.0,0.4078415149612419]
[122850,122847,1.0,0.9952227536000962]
[81758,81755,1.0,0.9932607219518318]
[81758,31361,1.0,0.4259743318530165]
[81758,81752,1.0,0.9952227536000962]
[119454,87740,1.0,0.44960293067410817]
[117988,5690,1.0,0.5789181286144668]
[117988,21878,1.0,0.4068310531132034]
[67733,18127,1.0,0.4488019376848588]
[67733,5499,1.0,0.497065372867474]
[67733,5937,1.0,0.44448920478201265]
[67733,57754,1.0,0.4825628631897642]
[67733,31361,1.0,0.8526178021051674]
[9665,9659,1.0,0.9946149626479851]
[9665,9662,1.0,0.6744098469715146]
[9662,9659,1.0,0.6752713182052175]
[43473,18127,1.0,0.4025422341726623]
[43473,43464,1.0,0.9942129708818666]
[43473,43470,1.0,0.9349318536225402]
[43473,43467,1.0,0.9884598026711554]
[43476,43464,1.0,0.9872021338195044]
[43476,43470,1.0,0.9171418381354104]
[43476,43473,1.0,0.9847567171635218]
[43476,43467,1.0,0.9756839848202603]
[91363,52607,1.0,0.4123845950855805]
[91363,87740,1.0,0.43702000767524407]
[75976,5499,1.0,0.48060756127371107]
[87740,78215,1.0,0.6725797069557574]
[87740,52607,1.0,0.47461342629892567]
[87740,78209,1.0,0.5389764880269818]
[87740,67733,1.0,0.5476728588086094]
[72180,67733,1.0,0.4185346538796589]
[72180,31361,1.0,0.40637489299394236]
[78212,78206,1.0,0.9848204275770586]
[78212,78209,1.0,0.9575029595402256]
[78212,78203,1.0,0.9882768305611304]
[41049,41046,1.0,0.628678450697579]
[41049,41043,1.0,0.6771706679738528]
[78218,78215,1.0,0.9922728384210173]
[78218,78206,1.0,0.9886643301714311]
[78218,78209,1.0,0.9303839781754659]
[78218,78212,1.0,0.9659247151535881]
[78218,78203,1.0,0.9952227536000962]
[79926,41054,1.0,0.41332169623494264]
[79926,5690,1.0,0.45743201444541687]
[79926,21878,1.0,0.45645352080467405]
[43467,43464,1.0,0.990352890719501]
[81752,31361,1.0,0.4259743318530165]
[47175,22395,1.0,0.435111414406038]
[47175,39871,1.0,0.4912870015722618]
[86263,17358,1.0,0.5559661293148085]
[86263,86260,1.0,0.9209869897973085]
[86263,20621,1.0,0.510522802730194]
[28572,28563,1.0,0.9696636498802185]
[25158,20621,1.0,0.4306706517468981]
[47184,47175,1.0,0.9952227536000962]
[47184,22395,1.0,0.435111414406038]
[47184,39871,1.0,0.4912870015722618]
[47184,47178,1.0,0.994205387626701]
[30079,30076,1.0,0.8804611231454073]
[46227,24929,1.0,0.43770430975655267]
[25161,25158,1.0,0.9952227536000962]
[25161,20621,1.0,0.4306706517468981]
[66754,47175,1.0,0.4240815732464975]
[66754,22395,1.0,0.43770886500288875]
[66754,47184,1.0,0.4240815732464975]
[66754,47178,1.0,0.4315787324085245]
[47178,47175,1.0,0.994205387626701]
[47178,22395,1.0,0.4453855967894507]
[47178,39871,1.0,0.4733521739208377]
[86260,17358,1.0,0.5372034102775843]
[86260,20621,1.0,0.4763642672340714]
[112909,80827,1.0,0.47804315622226234]
[20621,17358,1.0,0.5456104649837701]
[63864,53882,1.0,0.5230508105118057]
[23287,23284,1.0,0.9452392918451874]
[23287,23281,1.0,0.9473929898282687]
[23284,23281,1.0,0.9945081630075626]
[19114,19111,1.0,0.9952227536000962]
[62531,46081,1.0,0.4338195035301846]
[62531,19120,1.0,0.5070316694854686]
[62531,47558,1.0,0.43371722325294354]
[62531,10269,1.0,0.46499835904504766]
[94363,10269,1.0,0.43935397127330483]
[47549,19120,1.0,0.41986075637603415]
[52108,19114,1.0,0.522044554053452]
[52108,46081,1.0,0.4666296044660387]
[52108,19120,1.0,0.6606363151076985]
[52108,19111,1.0,0.522044554053452]
[52108,19117,1.0,0.44972305129971907]
[46081,19120,1.0,0.5002277701231743]
[46081,18268,1.0,0.5185927684394013]
[117496,19114,1.0,0.4183162651304808]
[117496,86573,1.0,0.7461855282571709]
[117496,46081,1.0,0.4718308460676303]
[117496,19120,1.0,0.7036702117108433]
[117496,19111,1.0,0.4183162651304808]
[117496,19117,1.0,0.4183162651304808]
[117496,10269,1.0,0.44732116421957874]
[118557,52108,1.0,0.5699208068756929]
[118557,46081,1.0,0.5291986872443076]
[118557,117496,1.0,0.4220729864644296]
[118557,19120,1.0,0.5835729402677972]
[118557,18268,1.0,0.6930380569484021]
[19120,19114,1.0,0.9842879504501727]
[19120,18268,1.0,0.5219526594726434]
[19120,19111,1.0,0.9842879504501727]
[19120,19117,1.0,0.9842879504501727]
[31927,19120,1.0,0.51526192121548]
[47552,47549,1.0,0.9929984661036967]
[47558,47549,1.0,0.9591292701647975]
[47558,19120,1.0,0.41986075637603415]
[47558,47552,1.0,0.9108613928627237]
[19117,19114,1.0,0.9911457621988602]
[19117,19111,1.0,0.9911457621988602]
[16981,16978,1.0,0.993833290446873]
[63937,63934,1.0,0.9441802141526877]
[63940,63937,1.0,0.7643810676065553]
[63940,63934,1.0,0.9656139815577353]
[16984,16981,1.0,0.9315243762403759]
[16984,16978,1.0,0.9406810187959042]
[49898,49889,1.0,0.9952227536000962]
[49898,49892,1.0,0.9175110794295388]
[49898,49895,1.0,0.9449190545576018]
[49892,49889,1.0,0.9175110794295388]
[49895,49889,1.0,0.9449190545576018]
[49895,49892,1.0,0.85899331287917]
[57855,57852,1.0,0.9618706579288708]
[33403,25734,1.0,0.46301167263095994]
[33403,22058,1.0,0.4055769188884212]
[33403,25740,1.0,0.46301167263095994]
[33403,25737,1.0,0.4483620288677526]
[79372,77733,1.0,0.4553768041311674]
[79372,77739,1.0,0.4553768041311674]
[127012,78679,1.0,0.5244086000625128]
[77736,77733,1.0,0.9932931739909694]
[25740,25734,1.0,0.8660669845078962]
[25740,25737,1.0,0.8475506461185978]
[77739,77736,1.0,0.9913088283661402]
[77739,77733,1.0,0.9937353308824888]
[25737,25734,1.0,0.9900095449219122]
[29671,22058,1.0,0.40087531863568465]
[129415,51944,1.0,0.41961933226722203]
[72268,51944,1.0,0.4474574263390018]
[72268,30791,1.0,0.4053977743707199]
[102565,102559,1.0,0.9900592205763161]
[102565,102562,1.0,0.8125355868520233]
[25562,25559,1.0,0.6211391789238313]
[25562,25553,1.0,0.6211391789238313]
[25562,25556,1.0,0.4672747450673518]
[71892,30791,1.0,0.5177698636410236]
[87539,74503,1.0,0.4770638515445709]
[25559,25553,1.0,0.9952227536000962]
[25559,25556,1.0,0.9859080190138729]
[124290,124287,1.0,0.9877726362494229]
[102562,102559,1.0,0.8223436995005465]
[25556,25553,1.0,0.990813318065473]
[32598,32595,1.0,0.9903152274755537]
[32598,32592,1.0,0.9929562237158024]
[32601,32598,1.0,0.9777042120830699]
[32601,32595,1.0,0.9905821801385036]
[32601,32592,1.0,0.9918306568959826]
[32595,32592,1.0,0.9933607062578763]
[58582,58579,1.0,0.9527982905753088]
[86501,23489,1.0,0.49396555362968136]
[99243,23489,1.0,0.4662363575999777]
[47783,23489,1.0,0.48588643307680834]
