[94399,94393,1.0,0.8471547569757236]
[94399,94396,1.0,0.8146282135777183]
[94396,94393,1.0,0.9930750981066655]
[34015,34009,1.0,0.9900757487805169]
[20144,20135,1.0,0.9952227536000962]
[20144,20138,1.0,0.9832971908425497]
[20144,20141,1.0,0.9798062176418115]
[20138,20135,1.0,0.9937807051809457]
[20141,20135,1.0,0.9871989079290611]
[20141,20138,1.0,0.9852232627997802]
[75391,75388,1.0,0.9952227536000962]
[124563,124560,1.0,0.9919771293550337]
[124569,124563,1.0,0.9946008806690256]
[124569,124560,1.0,0.9952227536000962]
[124569,92183,1.0,0.4043498457888452]
[116346,116343,1.0,0.994205387626701]
[110023,110020,1.0,0.9946424279692275]
[92177,92174,1.0,0.9928067724700474]
[124560,92183,1.0,0.4043498457888452]
[99346,99340,1.0,0.990515878461667]
[99346,92177,1.0,0.41681326398631263]
[99346,92174,1.0,0.41681326398631263]
[99346,92183,1.0,0.4740930299237405]
[110026,110023,1.0,0.9804491991026087]
[110026,110020,1.0,0.980621371320444]
[99349,99340,1.0,0.9891164748499857]
[99349,99346,1.0,0.9790162496926624]
[60189,60186,1.0,0.9952227536000962]
[92183,92177,1.0,0.9883245283292839]
[92183,92174,1.0,0.9920064720669961]
[53189,4682,1.0,0.4030219615196046]
[117472,92429,1.0,0.7257127349095113]
[117472,92426,1.0,0.5063613296319764]
[109269,92429,1.0,0.4066769752565075]
[92429,4682,1.0,0.5113181150759852]
[92429,92426,1.0,0.9952227536000962]
[73841,73838,1.0,0.9952227536000962]
[70739,29369,1.0,0.44730436261397605]
[113016,85387,1.0,0.41984107810779014]
[40065,29369,1.0,0.5879418783527324]
[47644,47638,1.0,0.899653741500104]
[47644,47635,1.0,0.8834137957630633]
[47644,47641,1.0,0.7894961573329139]
[70154,29369,1.0,0.4524900082652446]
[122625,70450,1.0,0.46806270213060885]
[122625,14440,1.0,0.4836622267730705]
[122625,63506,1.0,0.6466422918422864]
[122625,4441,1.0,0.5245040623838858]
[122625,41159,1.0,0.4045975710943562]
[122625,55929,1.0,0.4330756239792934]
[122625,96231,1.0,0.4168258450354004]
[122625,90618,1.0,0.8398379183783788]
[122625,113860,1.0,0.40375598183742656]
[122625,29369,1.0,0.46319485925330595]
[122625,30576,1.0,0.4060334466554585]
[122625,55727,1.0,0.4080444003845528]
[122625,77097,1.0,0.48518392809189637]
[122625,81805,1.0,0.5372559993112468]
[122625,119736,1.0,0.41429399472736167]
[122625,61836,1.0,0.6059162704734606]
[67788,29369,1.0,0.5128409102705824]
[76986,29369,1.0,0.44488036704967654]
[64594,64591,1.0,0.9905564682541387]
[29372,29366,1.0,0.986589554908917]
[29372,29369,1.0,0.986589554908917]
[114991,29369,1.0,0.4764736259173155]
[66173,14440,1.0,0.47462703323148797]
[116962,29369,1.0,0.4923547929437535]
[90826,90823,1.0,0.8396761051170095]
[90826,29369,1.0,0.42212343543396136]
[90826,90820,1.0,0.9723595598872737]
[103653,29369,1.0,0.4889904905550039]
[90823,90820,1.0,0.9211653182364874]
[55929,29369,1.0,0.5793987258672108]
[47638,47635,1.0,0.9688588663500834]
[16485,16479,1.0,0.9934745526411249]
[16485,16482,1.0,0.9894150305516453]
[64600,64594,1.0,0.9894420841329872]
[64600,64591,1.0,0.9946149626479851]
[64600,64597,1.0,0.985194817656055]
[90618,63506,1.0,0.6261416330298641]
[29369,20844,1.0,0.4020269184948087]
[29369,29366,1.0,0.9952227536000962]
[29369,16485,1.0,0.43522262485944685]
[29369,16479,1.0,0.44901203851043414]
[29369,16482,1.0,0.44901203851043414]
[29369,15581,1.0,0.5089495925824701]
[29369,13781,1.0,0.5041936870419059]
[64597,64594,1.0,0.9875511962540239]
[64597,64591,1.0,0.9935292479653834]
[47641,47638,1.0,0.9471050739068516]
[47641,47635,1.0,0.9895712757227966]
[129406,129403,1.0,0.9858096572302342]
[81114,29369,1.0,0.44355854087919583]
[51361,29369,1.0,0.45974698884278]
[57607,29369,1.0,0.43703003408056634]
[9263,9257,1.0,0.982782009616745]
[9263,9260,1.0,0.9300220816402857]
[16482,16479,1.0,0.9921478618717209]
[104932,29369,1.0,0.4438814820592879]
[9260,9257,1.0,0.9744182289136138]
[81805,14440,1.0,0.5178366571382538]
[81805,63506,1.0,0.4695033373660702]
[81805,80553,1.0,0.5928812945088863]
[81805,23428,1.0,0.43848412287563987]
[80553,55929,1.0,0.5048490723284053]
[80553,16485,1.0,0.40515512690043076]
[80553,16479,1.0,0.40515512690043076]
[80553,29369,1.0,0.6986702925283769]
[80553,16482,1.0,0.40515512690043076]
[74294,74288,1.0,0.9644140121154525]
[18262,18259,1.0,0.8447743369577485]
[18262,18256,1.0,0.9314091675314272]
[18259,18256,1.0,0.9890909463761888]
[81779,3334,1.0,0.5700154152934926]
[14592,14589,1.0,0.9929279217679987]
[14592,14583,1.0,0.9933607062578763]
[95206,8965,1.0,0.4743040201351966]
[90812,90809,1.0,0.8113523352041194]
[90812,90806,1.0,0.9016349956200367]
[99025,99016,1.0,0.9663484505044586]
[99025,99019,1.0,0.9609405538010314]
[99025,99022,1.0,0.9346803967646277]
[11367,11358,1.0,0.8495089442672089]
[11367,11364,1.0,0.8823478575720072]
[11367,11361,1.0,0.8495089442672089]
[11364,11358,1.0,0.9952227536000962]
[11364,11361,1.0,0.9952227536000962]
[81804,81798,1.0,0.9853583434873738]
[81804,81801,1.0,0.6507043394806696]
[77968,77965,1.0,0.9475295331482075]
[77968,77962,1.0,0.9861091788491546]
[77968,8965,1.0,0.4600428950615633]
[77968,77959,1.0,0.9925520260335259]
[77965,77962,1.0,0.9710196862821907]
[77965,77959,1.0,0.9884421596212866]
[21568,21565,1.0,0.6301659132640381]
[77962,8965,1.0,0.4589376286598664]
[77962,77959,1.0,0.9840513653052697]
[99019,99016,1.0,0.9921136341340895]
[80085,80073,1.0,0.5254210160386064]
[80085,80082,1.0,0.5975145764832147]
[80085,80076,1.0,0.5216570483394352]
[48935,8965,1.0,0.5447106897856031]
[14589,14583,1.0,0.9944660782509854]
[77959,8965,1.0,0.4650880091137681]
[90809,90806,1.0,0.7288606417050448]
[81810,81798,1.0,0.9550916318538554]
[81810,81804,1.0,0.9440988199101208]
[81810,81801,1.0,0.7453121854355126]
[81801,81798,1.0,0.7453121854355126]
[69383,14589,1.0,0.4161144557763764]
[95323,95320,1.0,0.495425522130967]
[80082,80073,1.0,0.7646049657322442]
[80082,80076,1.0,0.7428872913909974]
[11361,11358,1.0,0.9952227536000962]
[80076,80073,1.0,0.9942819304487751]
[17937,11364,1.0,0.4265202042814892]
[94668,8965,1.0,0.6176175159223516]
[95209,95206,1.0,0.9952227536000962]
[95209,8965,1.0,0.4743040201351966]
[99022,99016,1.0,0.9901079467670516]
[99022,99019,1.0,0.9883888196555904]
[43279,43276,1.0,0.6177590087853884]
[10428,10425,1.0,0.9116915811648187]
[116037,29777,1.0,0.6717219232058307]
[70114,22093,1.0,0.4301843886751521]
[122691,70114,1.0,0.4365636514784951]
[56919,56916,1.0,0.9838372695756524]
[56922,56919,1.0,0.9749647382213003]
[56922,56916,1.0,0.9952227536000962]
[85003,12654,1.0,0.43927872040030685]
[85003,57643,1.0,0.4327193867749277]
[56925,56919,1.0,0.9512497838417004]
[56925,56922,1.0,0.9875239551668885]
[56925,56916,1.0,0.9875239551668885]
[127398,12654,1.0,0.4306589384835048]
[127398,57643,1.0,0.4403448860234306]
[118041,85948,1.0,0.4632895596237277]
[118041,93043,1.0,0.4824115730299012]
[118041,9834,1.0,0.426801080917434]
[118041,110680,1.0,0.47604369294815174]
[118041,74375,1.0,0.4364768915432707]
[119737,119731,1.0,0.9874607579188793]
[119737,119734,1.0,0.9794478921172953]
[125626,34561,1.0,0.4030926077298621]
[125626,118041,1.0,0.4208961919628037]
[119734,119731,1.0,0.992593871953503]
[119743,119731,1.0,0.9769669134990037]
[119743,119737,1.0,0.9768485492301903]
[119743,119734,1.0,0.9617034630941815]
[119743,119740,1.0,0.9544076672554922]
[119740,119731,1.0,0.9608047909215021]
[119740,119737,1.0,0.9607552047081798]
[119740,119734,1.0,0.93345715088277]
[5132,5129,1.0,0.9784566887073138]
[83422,83419,1.0,0.8861816024439608]
[83422,83413,1.0,0.8816577725585784]
[83422,83416,1.0,0.7077485934851274]
[45310,34188,1.0,0.4214428133783956]
[45310,45307,1.0,0.9893212058638685]
[60829,60826,1.0,0.916025637494546]
[45313,45310,1.0,0.9880013149839689]
[45313,45307,1.0,0.9914756223331858]
[83419,83413,1.0,0.993172515220938]
[83419,83416,1.0,0.9618589460071241]
[83425,83422,1.0,0.9155497193349841]
[83425,83419,1.0,0.9761959498643298]
[83425,83413,1.0,0.9901918127542898]
[83425,83416,1.0,0.9563775093091074]
[45307,34188,1.0,0.46961438916217846]
[29241,29238,1.0,0.992270480228165]
[29244,29238,1.0,0.9952227536000962]
[29244,29241,1.0,0.992270480228165]
[83416,83413,1.0,0.9593453479818159]
[5440,5434,1.0,0.9936734116065394]
[121152,85490,1.0,0.4613322922881024]
[119089,119083,1.0,0.9925266510273867]
[119089,119086,1.0,0.9920826413361638]
[119086,119083,1.0,0.9949181171750051]
[85490,43568,1.0,0.42045387157376135]
[85490,10069,1.0,0.4421839170553359]
[85490,17897,1.0,0.4356901089738387]
[17238,17235,1.0,0.980575612094369]
[4512,4506,1.0,0.8906704210418257]
[93256,93253,1.0,0.9641343579051963]
[93256,93250,1.0,0.9725350930238095]
[11568,11565,1.0,0.9675290267995568]
[20692,19350,1.0,0.44371425761870165]
[93253,93250,1.0,0.9923986256465143]
[44519,44516,1.0,0.9946149626479851]
[46303,46297,1.0,0.9717908895784794]
[31604,31595,1.0,0.9952227536000962]
[31604,31598,1.0,0.9952227536000962]
[120900,93256,1.0,0.42156233363889106]
[31598,31595,1.0,0.9952227536000962]
[31598,11565,1.0,0.4699572466295464]
[91545,13942,1.0,0.43829155120088065]
[91545,46297,1.0,0.5464866768381006]
[126622,24613,1.0,0.4575266568114619]
[126628,126622,1.0,0.9859465006427672]
[126628,126625,1.0,0.9793007954083247]
[45930,38480,1.0,0.41752208860740647]
[126625,126622,1.0,0.9927962471656973]
[126625,24613,1.0,0.4575266568114619]
[2926,2917,1.0,0.9802329452568348]
[2926,2920,1.0,0.9889883282810387]
[2926,2923,1.0,0.9849729197470155]
[2926,2914,1.0,0.9940141113486761]
[2917,2914,1.0,0.9770497019451473]
[2920,2917,1.0,0.9823832660481999]
[2920,2914,1.0,0.9946424279692275]
[2923,2917,1.0,0.9458442084214708]
[2923,2920,1.0,0.9680023996325708]
[2923,2914,1.0,0.9816585526454964]
[60869,60866,1.0,0.986568120250939]
[14238,14235,1.0,0.9918756543936526]
[73970,10854,1.0,0.5179500337844912]
[95821,95815,1.0,0.9644442086412635]
[95821,95818,1.0,0.7261992970051308]
[53523,53511,1.0,0.9435757433873435]
[25479,25476,1.0,0.9398506532097742]
[25479,25473,1.0,0.9810561490142308]
[93784,64771,1.0,0.44891638236760345]
[93784,93781,1.0,0.9891356835907431]
[93784,93778,1.0,0.9891356835907431]
[48075,20310,1.0,0.40200702735584515]
[41256,41250,1.0,0.9894225749243596]
[41256,41253,1.0,0.7326529866527997]
[41256,12546,1.0,0.563221494377321]
[41256,41247,1.0,0.9894225749243596]
[51088,51082,1.0,0.9816793368974838]
[51088,51085,1.0,0.9874882310208049]
[74486,1167,1.0,0.5681502009140447]
[74486,12546,1.0,0.6387929480846619]
[74486,10204,1.0,0.5383507950249382]
[41250,41247,1.0,0.9868451309766241]
[95818,95815,1.0,0.9209901098673113]
[95818,26497,1.0,0.40873012637888584]
[95818,26506,1.0,0.40873012637888584]
[64771,12546,1.0,0.4440280040357692]
[79749,74486,1.0,0.42851558573748144]
[79749,12546,1.0,0.4170596109062379]
[93787,93784,1.0,0.7367449787149051]
[93787,93781,1.0,0.840146818548522]
[93787,93778,1.0,0.840146818548522]
[12241,12238,1.0,0.9879278354841721]
[25476,25473,1.0,0.9747615858860189]
[12244,12238,1.0,0.9865745922190166]
[12244,12241,1.0,0.9580557097276239]
[80106,80103,1.0,0.9952227536000962]
[97305,1167,1.0,0.451196967979569]
[97305,12546,1.0,0.5425491669429228]
[97305,10204,1.0,0.5337325995728002]
[93781,64771,1.0,0.44891638236760345]
[93781,93778,1.0,0.9952227536000962]
[95121,64771,1.0,0.542947517081283]
[95121,28659,1.0,0.4747584717733579]
[63463,12546,1.0,0.4513447216869515]
[26503,26497,1.0,0.9871331911725371]
[51085,51082,1.0,0.9952227536000962]
[10204,1167,1.0,0.5156335279218759]
[20310,12546,1.0,0.5727080782386327]
[20310,3353,1.0,0.5524396996827159]
[20310,10204,1.0,0.5348106379787434]
[93778,64771,1.0,0.44891638236760345]
[26506,26497,1.0,0.9952227536000962]
[26506,26503,1.0,0.9921145419467206]
[95824,95821,1.0,0.9311163542033853]
[95824,95815,1.0,0.9889469435919268]
[95824,95818,1.0,0.9889469435919268]
[95824,64771,1.0,0.5052184483160711]
[95824,26497,1.0,0.6129189301341004]
[95824,26503,1.0,0.593134929589966]
[95824,26506,1.0,0.6129189301341004]
[60792,12546,1.0,0.5421054649271778]
[33370,33367,1.0,0.9941331399080218]
[33370,33364,1.0,0.9952227536000962]
[33367,33364,1.0,0.9941331399080218]
[61528,61522,1.0,0.9902701478137949]
[92520,80909,1.0,0.41555621202208426]
[92520,56169,1.0,0.47315579622506354]
[80909,80906,1.0,0.9948237371826054]
[75531,5593,1.0,0.4321749759309192]
[61531,61528,1.0,0.9936282955531263]
[61531,5593,1.0,0.5224481746418842]
[61531,61522,1.0,0.9952227536000962]
[28600,5593,1.0,0.512578832204551]
[128368,75921,1.0,0.4268344127585829]
[98593,80909,1.0,0.6283963781586602]
[58761,58758,1.0,0.9578903787236855]
[19626,5593,1.0,0.47868996316815793]
[118708,118702,1.0,0.8564534639718919]
[118708,118705,1.0,0.9952227536000962]
[118714,118702,1.0,0.9863398155233555]
[118714,118708,1.0,0.79372831225778]
[118714,118705,1.0,0.9863398155233555]
[3893,3890,1.0,0.9834492540380243]
[56169,5593,1.0,0.5113567671893327]
[49805,7003,1.0,0.43360988357201796]
[49805,28639,1.0,0.44480746527492904]
[118705,19418,1.0,0.49629763741899025]
[118705,118702,1.0,0.9952227536000962]
[110502,53420,1.0,0.5140208135458885]
[110502,110499,1.0,0.9675271808418843]
[82299,53420,1.0,0.528958706306927]
[53420,11421,1.0,0.6209184959592619]
[53420,33391,1.0,0.413621999967375]
[53420,35093,1.0,0.4352737981177625]
[50884,50872,1.0,0.9927904021198166]
[50884,50875,1.0,0.9791788548440397]
[50884,50878,1.0,0.989855336223142]
[50875,50872,1.0,0.952126532117486]
[110499,53420,1.0,0.4572910269257185]
[65277,53420,1.0,0.4398170623181807]
[110505,110502,1.0,0.9675271808418843]
[110505,53420,1.0,0.4572910269257185]
[110505,110499,1.0,0.9952227536000962]
[50878,50872,1.0,0.9880468071892065]
[50878,50875,1.0,0.9591774288703573]
[110511,110502,1.0,0.911340388873806]
[110511,53420,1.0,0.4145459257317369]
[110511,110499,1.0,0.9797271019166756]
[110511,110505,1.0,0.9797271019166756]
[46807,46804,1.0,0.9914651780633009]
[93360,385,1.0,0.431305751986936]
[93360,39782,1.0,0.4078881597951225]
[96541,385,1.0,0.4362575486921898]
[96541,16315,1.0,0.7106129046671708]
[96541,16653,1.0,0.44112427889565464]
[96541,46804,1.0,0.4889950444249648]
[57809,385,1.0,0.6229514077887022]
[57030,385,1.0,0.5526228243521643]
[57030,39782,1.0,0.4115043491047327]
[33933,385,1.0,0.44827788317560924]
[101875,385,1.0,0.4258556298758119]
[101875,96541,1.0,0.4218932342627294]
[101875,57030,1.0,0.42028779979051134]
[101875,33933,1.0,0.4085991784132345]
[101875,91198,1.0,0.4190624591117482]
[101875,96544,1.0,0.42233414368368893]
[101875,39782,1.0,0.7126718549769193]
[96544,385,1.0,0.4801074060752284]
[96544,96541,1.0,0.6949742074712467]
[96544,16315,1.0,0.4147846321581123]
[96544,16653,1.0,0.5320065967857552]
[46804,17872,1.0,0.42449195681949786]
[36386,385,1.0,0.6598170009810417]
[132567,385,1.0,0.5059782769938117]
[132567,101875,1.0,0.45788489192421067]
[132567,39782,1.0,0.4054701522220206]
[117750,385,1.0,0.4945170358056421]
[117750,101875,1.0,0.4216615743184587]
[117750,39782,1.0,0.42245422708127645]
[39782,385,1.0,0.6536705626009317]
[39782,9677,1.0,0.4376341773974684]
[39782,16315,1.0,0.5219027938164812]
[39782,33933,1.0,0.4121871432946834]
[39782,36386,1.0,0.4198691339086198]
[39782,5285,1.0,0.4535424552245096]
[39782,12611,1.0,0.5083303614171756]
[92946,16653,1.0,0.4353809607115943]
[3238,3235,1.0,0.9946939993737459]
[3244,3235,1.0,0.9941339650477837]
[3244,3238,1.0,0.9902917062953113]
[3244,3241,1.0,0.9845403800930873]
[66065,66062,1.0,0.8372700055221685]
[86720,86717,1.0,0.9877726362494229]
[3241,3235,1.0,0.9872021338195044]
[3241,3238,1.0,0.9794570850161747]
[53681,53675,1.0,0.9877812743869288]
[53681,53678,1.0,0.972081314489817]
[121366,121363,1.0,0.9688981321409701]
[53684,53681,1.0,0.9877812743869288]
[53684,53675,1.0,0.9952227536000962]
[53684,53678,1.0,0.988421098306559]
[35088,35082,1.0,0.9941716939815701]
[35088,35085,1.0,0.9952227536000962]
[53678,53675,1.0,0.988421098306559]
[42395,35085,1.0,0.49163069859805547]
[35085,35082,1.0,0.9952227536000962]
[36538,36535,1.0,0.9923138789423898]
[36541,36538,1.0,0.9385703427322992]
[36541,36535,1.0,0.9579033474190721]
[53835,2294,1.0,0.4382958652733703]
[36544,36538,1.0,0.9952227536000962]
[36544,36535,1.0,0.9952227536000962]
[36544,36541,1.0,0.9224783053291158]
[15229,15226,1.0,0.9893690146794376]
[44811,44808,1.0,0.9019797721407696]
[90414,90411,1.0,0.9950711485237386]
[4327,4324,1.0,0.9767210622795468]
[78740,78737,1.0,0.98916156558876]
[90417,90414,1.0,0.9950711485237386]
[90417,90411,1.0,0.9952227536000962]
[90420,90414,1.0,0.9915146927214882]
[90420,90417,1.0,0.9917607956043203]
[90420,90411,1.0,0.9917607956043203]
[81429,81420,1.0,0.9834259646205163]
[81429,81423,1.0,0.9608106543460972]
[78749,78737,1.0,0.9873015332590238]
[78749,78740,1.0,0.9731331425726001]
[78749,78743,1.0,0.9551806908772145]
[78749,78746,1.0,0.9873015332590238]
[78743,78737,1.0,0.9935835713270543]
[78743,78740,1.0,0.9857445756538128]
[4330,4327,1.0,0.9273733400016577]
[4330,4324,1.0,0.9489643477363504]
[81423,81420,1.0,0.9877726362494229]
[78746,78737,1.0,0.9952227536000962]
[78746,78740,1.0,0.98916156558876]
[78746,78743,1.0,0.9817808926069878]
[132262,458,1.0,0.5624724367065623]
[132265,132262,1.0,0.9112536308205523]
[132265,458,1.0,0.5624724367065623]
[80331,79331,1.0,0.5943720089891802]
[99898,99895,1.0,0.9867791311060541]
[19485,19479,1.0,0.982571187088223]
[21220,5161,1.0,0.49226666855847817]
[21220,5167,1.0,0.490134521117691]
[21220,5173,1.0,0.49226666855847817]
[21220,5170,1.0,0.49226666855847817]
[21220,269,1.0,0.40304118790940713]
[21220,3002,1.0,0.41222637842593984]
[21220,18372,1.0,0.458365471631999]
[21220,272,1.0,0.42266648004565666]
[21220,6171,1.0,0.4230872208468345]
[21220,275,1.0,0.40304118790940713]
[21220,5164,1.0,0.4883045667626106]
[21220,278,1.0,0.40304118790940713]
[109845,18372,1.0,0.44987220858580224]
[62842,53613,1.0,0.47371692368574797]
[29024,29021,1.0,0.9948211525687517]
[61003,21220,1.0,0.5119653234780228]
[11287,5173,1.0,0.4188522472297495]
[11287,278,1.0,0.40446780059697657]
[29092,29089,1.0,0.8151450670441027]
[29092,29086,1.0,0.9907453314477414]
[121642,21220,1.0,0.42152277704003893]
[121642,34422,1.0,0.5821009942452714]
[121642,121636,1.0,0.993667986633672]
[121642,121639,1.0,0.9851208064809798]
[5167,5161,1.0,0.9906399226431858]
[5167,5164,1.0,0.9830741211170381]
[5173,5161,1.0,0.9209901098673113]
[5173,5167,1.0,0.8485186073932216]
[5173,5170,1.0,0.9209901098673113]
[5173,5164,1.0,0.8770004908241371]
[121639,121636,1.0,0.9874688619388093]
[5170,5161,1.0,0.9952227536000962]
[5170,5167,1.0,0.9884275899577145]
[5170,5164,1.0,0.9909364892644144]
[123343,21220,1.0,0.4310777977784442]
[123343,18372,1.0,0.6438360795645657]
[29089,29086,1.0,0.8859018326878654]
[70859,21220,1.0,0.4991589936267502]
[112939,112933,1.0,0.9864847919300905]
[112939,112936,1.0,0.9109429766705017]
[29095,29092,1.0,0.9833251661216602]
[29095,29089,1.0,0.8413565088906824]
[29095,29086,1.0,0.9910894396798405]
[126496,126493,1.0,0.9180099700954134]
[74500,72421,1.0,0.41294387577950625]
[74500,11287,1.0,0.4849250514944414]
[29514,29511,1.0,0.9921724977112658]
[121645,121636,1.0,0.9867593649390504]
[121645,121642,1.0,0.993667986633672]
[121645,121639,1.0,0.9681369724372431]
[57962,6171,1.0,0.4325363623681216]
[272,269,1.0,0.9814695306949022]
[281,269,1.0,0.9917038292066669]
[281,272,1.0,0.9888394720123843]
[281,275,1.0,0.9859099782420757]
[281,278,1.0,0.8653413876967536]
[6171,3971,1.0,0.45214752869017716]
[275,269,1.0,0.9880761280474467]
[275,272,1.0,0.9778238231700997]
[112936,112933,1.0,0.9666366622077566]
[5164,5161,1.0,0.9930374390123727]
[121648,121636,1.0,0.9921770111162729]
[121648,121642,1.0,0.9929766793726578]
[121648,121639,1.0,0.9673460048108133]
[121648,121645,1.0,0.9844689773868975]
[278,269,1.0,0.9070211231685509]
[278,272,1.0,0.8271291168913018]
[278,275,1.0,0.8224521785991568]
[97369,31874,1.0,0.46573983623973725]
[97369,63494,1.0,0.4035256410640124]
[61520,61514,1.0,0.98258031834109]
[61520,61517,1.0,0.9677104538703292]
[61517,61514,1.0,0.9945658729539499]
[131805,131802,1.0,0.8939492129290096]
[61523,61514,1.0,0.9939680442237855]
[61523,61520,1.0,0.9784211739060332]
[61523,61517,1.0,0.9879480681783873]
[19211,19208,1.0,0.9252045169750142]
[19211,19202,1.0,0.9623077763012454]
[19211,19205,1.0,0.7743649068337892]
[19208,19202,1.0,0.9909357581587459]
[19208,19205,1.0,0.941874831973051]
[19205,19202,1.0,0.9081312086972753]
[19214,19211,1.0,0.9498561933759216]
[19214,19208,1.0,0.9699880255685804]
[19214,19202,1.0,0.9859231970066906]
[19214,19205,1.0,0.8426463341939541]
[122725,122719,1.0,0.9934567839627333]
[122725,122722,1.0,0.9838372695756524]
[108214,108211,1.0,0.8359201907733098]
[122722,122719,1.0,0.9877726362494229]
[36651,36648,1.0,0.972806178985856]
[127356,127353,1.0,0.992618336087149]
[12747,4622,1.0,0.41797459153855004]
[20440,4622,1.0,0.42058520500320573]
[33618,20440,1.0,0.47499057423851837]
[33618,20443,1.0,0.4410466181706722]
[26658,4622,1.0,0.6036847191335453]
[20443,20440,1.0,0.9070211231685509]
[20443,4622,1.0,0.42058520500320573]
[16342,16339,1.0,0.9952227536000962]
[112807,112804,1.0,0.9945081630075626]
[91565,91562,1.0,0.9720599037020279]
[112810,112807,1.0,0.9836335791766646]
[112810,112804,1.0,0.9861464120448776]
[16345,16339,1.0,0.9941126630388671]
[16345,16342,1.0,0.9941126630388671]
[71484,71478,1.0,0.9852321772301638]
[1618,1615,1.0,0.9933677579237732]
[131280,131274,1.0,0.9952227536000962]
[131280,131277,1.0,0.992741519159376]
[131280,42672,1.0,0.4112938428111551]
[130207,42672,1.0,0.47674017252888135]
[131277,131274,1.0,0.992741519159376]
[13015,13009,1.0,0.993082199924913]
[13015,13012,1.0,0.4156942142305029]
[4788,4782,1.0,0.9952227536000962]
[4788,4785,1.0,0.9952227536000962]
[46209,46206,1.0,0.9713534360997426]
[13012,13009,1.0,0.4156942142305029]
[82956,55880,1.0,0.4995410711984615]
[109897,17921,1.0,0.42877850119338606]
[111889,71658,1.0,0.5291877163811262]
[111889,95431,1.0,0.44816764571590867]
[95431,17921,1.0,0.6235821012104119]
[114376,114373,1.0,0.9712011866107697]
[102420,60376,1.0,0.4267251119974643]
[102420,82956,1.0,0.5825235704119927]
[102420,94591,1.0,0.40335850660052763]
[102420,12013,1.0,0.4421663326751894]
[4785,4782,1.0,0.9952227536000962]
[121293,121284,1.0,0.9931905064527496]
[121293,121287,1.0,0.9790796746433204]
[9946,9943,1.0,0.9401471730827184]
[9946,9940,1.0,0.9938647243311929]
[9943,9940,1.0,0.9583795652845255]
[121287,121284,1.0,0.9847420085239156]
[71375,71369,1.0,0.9877812743869288]
[71375,71372,1.0,0.9877812743869288]
[44329,5664,1.0,0.5179050796910027]
[17127,17121,1.0,0.9938647243311929]
[17127,17124,1.0,0.9754733272650751]
[17124,17121,1.0,0.9719919126658956]
[122431,83791,1.0,0.4138881351244122]
[17130,17121,1.0,0.9815718726083079]
[17130,17127,1.0,0.9586038168612901]
[17130,17124,1.0,0.9284329134756867]
[17133,17121,1.0,0.984336033684286]
[17133,17127,1.0,0.9669857981872229]
[17133,17124,1.0,0.9412735422576336]
[17133,17130,1.0,0.9909197233709328]
[24955,24952,1.0,0.9782343748540439]
[24958,24955,1.0,0.9919597956299713]
[24958,24952,1.0,0.9944038921919651]
[83791,44329,1.0,0.5566234257230412]
[83791,36512,1.0,0.47811091327537697]
[49510,44329,1.0,0.5125256667202713]
[49510,5664,1.0,0.4971302561598897]
[106132,83791,1.0,0.42995655983934217]
[71372,44329,1.0,0.6152719577346875]
[71372,71369,1.0,0.9952227536000962]
[71372,5664,1.0,0.6218249722404353]
[71372,22659,1.0,0.4747847561097941]
[115261,90811,1.0,0.5458947489327879]
[22939,22930,1.0,0.9673795897948423]
[22939,22933,1.0,0.6279091558454425]
[22939,22936,1.0,0.9594023272948476]
[22933,22930,1.0,0.9675528202036854]
[22936,22930,1.0,0.9935126676877665]
[22936,22933,1.0,0.9584219703306652]
[36605,21191,1.0,0.5037062337803453]
[122971,57631,1.0,0.6171666806252039]
[82367,74934,1.0,0.42357719654083575]
[74934,14388,1.0,0.6004831368541256]
[74934,36605,1.0,0.6709914688879084]
[74934,21191,1.0,0.43242418013589645]
[74934,11963,1.0,0.4171681810687683]
[74934,42801,1.0,0.44796293470912096]
[74934,44991,1.0,0.4678762453525035]
[74934,29636,1.0,0.6249567784287647]
[74934,1726,1.0,0.4760294891257511]
[85724,85721,1.0,0.9604280711543448]
[85724,85718,1.0,0.9853300846766916]
[85724,85715,1.0,0.994754850866769]
[33314,33308,1.0,0.9797832951934037]
[42801,36605,1.0,0.4808244690803538]
[85721,85718,1.0,0.9641837227297934]
[85721,85715,1.0,0.9495993725960395]
[96796,36605,1.0,0.7378470177531644]
[96796,1829,1.0,0.4136006781467782]
[96796,42801,1.0,0.450177688409235]
[96796,44991,1.0,0.4096430917364437]
[130336,74934,1.0,0.4190965514242736]
[85718,85715,1.0,0.9840829173076588]
[109392,36605,1.0,0.4564037399218998]
[109392,96796,1.0,0.4360959322678866]
[77974,74934,1.0,0.628732272799008]
[124573,36605,1.0,0.4506121522654882]
[99777,99774,1.0,0.6792454159018358]
[99777,99771,1.0,0.6718180988783813]
[99780,99777,1.0,0.4085786288987113]
[99780,99774,1.0,0.9693775889584227]
[99780,99771,1.0,0.9772186874044947]
[99774,99771,1.0,0.9765559906909156]
[78776,78773,1.0,0.9739224876097049]
[78776,78770,1.0,0.9952227536000962]
[78773,78770,1.0,0.958553274913644]
[68465,68462,1.0,0.9667429755106864]
[97486,23375,1.0,0.4394705074345237]
[97486,97483,1.0,0.9585805940316471]
[125640,125631,1.0,0.9867908576706964]
[125640,125634,1.0,0.9505164265882273]
[106423,106417,1.0,0.9952227536000962]
[106423,106420,1.0,0.9923958418221456]
[97492,97486,1.0,0.7419182997728315]
[97492,97489,1.0,0.9300647776015919]
[97492,97483,1.0,0.938877026789575]
[97489,97486,1.0,0.9570290013404412]
[97489,97483,1.0,0.9942819304487751]
[21041,21038,1.0,0.8617357201445692]
[70640,70637,1.0,0.9911959333624409]
[23381,23369,1.0,0.7985293127098568]
[23381,23375,1.0,0.5151080325881]
[23375,23369,1.0,0.9616311287976329]
[106420,106417,1.0,0.9923958418221456]
[125634,125631,1.0,0.9820339574592984]
[52752,52749,1.0,0.988575867956279]
[71489,71483,1.0,0.9238429632615809]
[71489,71486,1.0,0.8696933049349965]
[52755,52749,1.0,0.9919031889112758]
[52755,52752,1.0,0.9646370040057087]
[71492,71489,1.0,0.8760919682762144]
[71492,71483,1.0,0.9910490392710076]
[71492,71486,1.0,0.7523355694508469]
[71486,71483,1.0,0.8335428501797219]
[53288,53285,1.0,0.9043979547981217]
[12106,12103,1.0,0.9895707056247579]
[95433,85499,1.0,0.6338634828030316]
[12112,12106,1.0,0.983613828251554]
[12112,12103,1.0,0.9923138789423898]
[12112,12109,1.0,0.6979816255158131]
[125914,112476,1.0,0.5449677069445468]
[125917,125914,1.0,0.9886146790176199]
[125917,112476,1.0,0.5449677069445468]
[125920,125914,1.0,0.9936734116065394]
[125920,125917,1.0,0.9850953491480107]
[125920,112476,1.0,0.5344438423651935]
[12109,12106,1.0,0.7016518962753306]
[12109,12103,1.0,0.7016518962753306]
[119836,119830,1.0,0.9716374860864272]
[119836,119833,1.0,0.8758060889410191]
[26069,2901,1.0,0.5340968561656557]
[28421,28415,1.0,0.9930750981066655]
[28421,28418,1.0,0.4532758837943069]
[4055,2901,1.0,0.40875665482891044]
[2910,2898,1.0,0.9929503543698348]
[2910,2901,1.0,0.9918684115855804]
[2910,2907,1.0,0.9912632596630424]
[2910,2904,1.0,0.9937859304388856]
[28424,28421,1.0,0.9952227536000962]
[28424,28415,1.0,0.9952227536000962]
[28424,28418,1.0,0.9719266804874003]
[27714,27711,1.0,0.9792512926674475]
[55575,49193,1.0,0.6385769760437677]
[55575,2901,1.0,0.5432325208159845]
[119839,119836,1.0,0.4244228948993464]
[119839,119830,1.0,0.6549730083040161]
[119839,119833,1.0,0.6998003346086182]
[112510,28424,1.0,0.8321633107575606]
[112510,55575,1.0,0.42134673140709955]
[112510,28415,1.0,0.41104890092453206]
[112510,71978,1.0,0.46891895360022584]
[2901,2898,1.0,0.9914729588753374]
[119833,119830,1.0,0.9672551488154141]
[2907,2898,1.0,0.9940396568789889]
[2907,2901,1.0,0.9945081630075626]
[2907,2904,1.0,0.9908276658520586]
[51780,2901,1.0,0.5092275379611956]
[119289,119286,1.0,0.9555081720742634]
[123663,28424,1.0,0.5487396479292863]
[123663,71978,1.0,0.45296571707334143]
[28418,28415,1.0,0.4532758837943069]
[2904,2898,1.0,0.9945658731879131]
[2904,2901,1.0,0.9937128786217755]
[103551,103545,1.0,0.9952227536000962]
[103551,103548,1.0,0.9918818867765093]
[103554,103551,1.0,0.9686773389527966]
[103554,103545,1.0,0.9686773389527966]
[103554,103548,1.0,0.9578641934966123]
[29404,29398,1.0,0.9952227536000962]
[29404,29401,1.0,0.9700722177648914]
[18306,18300,1.0,0.9887692647312268]
[18306,18303,1.0,0.9734990102059865]
[2808,2799,1.0,0.9952227536000962]
[2808,2805,1.0,0.9546611768773957]
[125709,95545,1.0,0.7000150800319828]
[125709,14309,1.0,0.6921847108085735]
[125709,44569,1.0,0.5830671081256456]
[125709,103551,1.0,0.6334117755341563]
[125709,103554,1.0,0.4044807617768652]
[125709,28412,1.0,0.8030999437283821]
[125709,46736,1.0,0.7777549889166255]
[125709,52701,1.0,0.49502123754974764]
[125709,3358,1.0,0.6506730582362782]
[125709,76703,1.0,0.4971938678768224]
[125709,54974,1.0,0.5323353717575817]
[125709,23892,1.0,0.6166096114432656]
[125709,29404,1.0,0.5115133498196985]
[125709,88157,1.0,0.4580545370082369]
[125709,18306,1.0,0.8392456473172447]
[125709,103545,1.0,0.6334117755341563]
[125709,18300,1.0,0.8571399401920035]
[125709,2808,1.0,0.5121947948511383]
[125709,89447,1.0,0.5518596896004043]
[125709,2799,1.0,0.5121947948511383]
[125709,51207,1.0,0.6330958901167003]
[125709,29398,1.0,0.5115133498196985]
[125709,113266,1.0,0.8326469054479686]
[125709,10106,1.0,0.606509070865699]
[125709,63652,1.0,0.6185426723582138]
[125709,42317,1.0,0.6689670946525862]
[125709,87335,1.0,0.5025976489986063]
[125709,28521,1.0,0.9215018440642898]
[125709,81012,1.0,0.5726131123525097]
[125709,80887,1.0,0.5853600942030895]
[125709,95784,1.0,0.5726077541257574]
[125709,18303,1.0,0.8375132900806531]
[125709,56137,1.0,0.5182804941828013]
[125709,79173,1.0,0.5882531314476335]
[125709,103548,1.0,0.5888788010194659]
[125709,3610,1.0,0.4880934935030225]
[125709,2805,1.0,0.5121947948511383]
[125709,73787,1.0,0.48606431686471196]
[125709,76782,1.0,0.6698313984558195]
[125709,2811,1.0,0.5121947948511383]
[125709,85871,1.0,0.49679788080667003]
[125709,28233,1.0,0.5200143672683994]
[125709,120933,1.0,0.6960210172990127]
[29401,29398,1.0,0.971147090691774]
[18303,18300,1.0,0.9846125106908193]
[126597,125709,1.0,0.5841340259179989]
[103548,103545,1.0,0.9918818867765093]
[2805,2799,1.0,0.9546611768773957]
[76782,29404,1.0,0.4132996573909523]
[2811,2808,1.0,0.9905564682541387]
[2811,2799,1.0,0.9905564682541387]
[2811,2805,1.0,0.9273037228103271]
[76765,76762,1.0,0.9576865322737326]
[90002,21725,1.0,0.4287810126519104]
[59483,59480,1.0,0.8521656358784484]
[76768,76765,1.0,0.9630724816502564]
[76768,76762,1.0,0.9923295029363945]
[120709,120706,1.0,0.9905564682541387]
[103356,103353,1.0,0.9952227536000962]
[103359,103353,1.0,0.9952227536000962]
[103359,103356,1.0,0.9952227536000962]
[120712,120709,1.0,0.9845303044678939]
[120712,120706,1.0,0.9919031889112758]
[129991,37178,1.0,0.4409050745509207]
[48398,48389,1.0,0.9834313917285683]
[48398,48395,1.0,0.9645408593179456]
[66933,24150,1.0,0.5131515398709794]
[77238,77232,1.0,0.9784972657744935]
[77238,77235,1.0,0.9231703624553602]
[64602,24150,1.0,0.4399268990230252]
[112612,112609,1.0,0.9937910695216918]
[36741,24150,1.0,0.4558422601618212]
[72471,24150,1.0,0.46438430112854334]
[72471,54797,1.0,0.4372700895476389]
[82331,24150,1.0,0.5645847536376299]
[54866,54863,1.0,0.9298464378451532]
[54866,54860,1.0,0.9854085845489449]
[110230,24150,1.0,0.4033140858713307]
[69161,24150,1.0,0.40550254409194325]
[126654,24150,1.0,0.5460383940818845]
[54869,54866,1.0,0.9926680456172919]
[54869,54863,1.0,0.9639588726614723]
[54869,54860,1.0,0.9952227536000962]
[54863,54860,1.0,0.9639588726614723]
[124474,24150,1.0,0.45905485660331735]
[130270,54368,1.0,0.4509990664202126]
[112615,112612,1.0,0.9760475988719239]
[112615,112609,1.0,0.9952227536000962]
[64511,24150,1.0,0.4095363782666334]
[24150,463,1.0,0.42743332085450453]
[24150,22926,1.0,0.4167863324325524]
[24150,1179,1.0,0.5029876693030618]
[56350,24150,1.0,0.45935000178528496]
[64517,64511,1.0,0.9698862619666242]
[64517,24150,1.0,0.4397714542310293]
[64517,64514,1.0,0.9805520017032735]
[78567,24150,1.0,0.4284099233441891]
[77235,77232,1.0,0.9611038897081189]
[83038,55505,1.0,0.493605807714641]
[82478,24150,1.0,0.5311676875211412]
[68283,24150,1.0,0.41533906623678163]
[68283,54368,1.0,0.4722546086579507]
[50166,24150,1.0,0.40755558890090976]
[112861,64602,1.0,0.47005854386904045]
[64514,64511,1.0,0.9894744266410441]
[64514,24150,1.0,0.4095363782666334]
[48395,48389,1.0,0.9776902244075174]
[29607,24150,1.0,0.7858893968175443]
[22926,22923,1.0,0.9945081630075626]
[54368,24150,1.0,0.438408799809163]
[59276,8081,1.0,0.40674200355589557]
[59276,57284,1.0,0.4003604792049012]
[59276,37178,1.0,0.48423642532101535]
[44908,24150,1.0,0.4566399962687328]
[61334,24150,1.0,0.41083345662340826]
[121302,24150,1.0,0.4793481615624931]
[112618,112612,1.0,0.9839332113478516]
[112618,112609,1.0,0.9839332113478516]
[112618,112615,1.0,0.9839332113478516]
[32978,24150,1.0,0.9862034261525779]
[100938,68283,1.0,0.4420982774365651]
[94294,94291,1.0,0.9907668343721984]
[94294,66776,1.0,0.4313523364876526]
[52404,52398,1.0,0.9366553089678765]
[52404,52401,1.0,0.950288592421547]
[109602,109599,1.0,0.9658222400269187]
[47602,40690,1.0,0.4881955825446392]
[20585,17856,1.0,0.4343129843090262]
[94300,94294,1.0,0.9672392075172981]
[94300,94291,1.0,0.9882405813331142]
[94300,66776,1.0,0.4537266677937248]
[94300,94297,1.0,0.6875246651279981]
[94291,66776,1.0,0.48230964142392524]
[109599,52404,1.0,0.6810129039398185]
[109599,20585,1.0,0.8062456538529963]
[109599,10881,1.0,0.42144892535419975]
[52401,52398,1.0,0.9909728179801929]
[66776,52404,1.0,0.5041935131258336]
[66776,66773,1.0,0.9848522255756365]
[34764,34761,1.0,0.9952227536000962]
[94297,94294,1.0,0.5838067449213011]
[94297,94291,1.0,0.7691892124227419]
[84586,66776,1.0,0.40427311050018094]
[56811,56808,1.0,0.9922241080961267]
[130246,130234,1.0,0.9730675914219662]
[130246,130240,1.0,0.9730675914219662]
[130246,130237,1.0,0.47207752146846044]
[130246,130243,1.0,0.9560476432596265]
[130240,113577,1.0,0.49396054430705016]
[130240,130234,1.0,0.9952227536000962]
[130240,130237,1.0,0.9756077046818391]
[130240,61695,1.0,0.5125914666850563]
[130240,83307,1.0,0.5751547806279874]
[130237,130234,1.0,0.6799464355262369]
[130243,113577,1.0,0.4905121447443777]
[130243,130234,1.0,0.9944660782509854]
[130243,56124,1.0,0.43803448780873894]
[130243,130240,1.0,0.9944660782509854]
[130243,130237,1.0,0.9772608362589548]
[130243,30069,1.0,0.4914650384925624]
[130243,61695,1.0,0.508803175846505]
[130243,30211,1.0,0.48041645860067606]
[130243,83307,1.0,0.5711323781393989]
[16942,16936,1.0,0.9890937904579478]
[34746,34740,1.0,0.7692405883999385]
[34746,34743,1.0,0.7600353014663058]
[34746,34737,1.0,0.8330448995926125]
[92105,37443,1.0,0.4749667816117183]
[92105,52248,1.0,0.4245031366795998]
[92105,57302,1.0,0.5427383874139332]
[34749,34746,1.0,0.8911112906465821]
[34749,34740,1.0,0.9905135309240889]
[34749,34743,1.0,0.9905095811257766]
[34749,34737,1.0,0.9944839100296186]
[102861,92105,1.0,0.49519150247087446]
[34752,34746,1.0,0.889763624257421]
[34752,34749,1.0,0.9889942925536472]
[34752,34740,1.0,0.9838578967194787]
[34752,34743,1.0,0.9873453847303783]
[34752,34737,1.0,0.990386471135685]
[34740,34737,1.0,0.9917005685899336]
[34743,34740,1.0,0.989749963943608]
[34743,34737,1.0,0.9940046491470429]
[76437,1856,1.0,0.4409638361129819]
[77444,16930,1.0,0.4355908439363319]
[77444,77441,1.0,0.6687895570207912]
[77444,77438,1.0,0.6701191414061937]
[49343,49337,1.0,0.9952227536000962]
[49343,49340,1.0,0.9913392457105706]
[77441,16930,1.0,0.5151606601367388]
[77441,77438,1.0,0.9929318100825512]
[77438,16930,1.0,0.5151606601367388]
[49340,49337,1.0,0.9946743864336534]
[24605,11960,1.0,0.4263476014100729]
[97759,97744,1.0,0.9658710634157666]
[97759,97750,1.0,0.9378004379456658]
[97759,97753,1.0,0.9487768193035048]
[97759,97756,1.0,0.9341370812736365]
[32100,140,1.0,0.6698827857910425]
[32100,21143,1.0,0.6599823935924387]
[32100,32097,1.0,0.9839108084461071]
[32100,32091,1.0,0.9839108084461071]
[32100,11203,1.0,0.43336988901864515]
[97750,97744,1.0,0.9899701718937624]
[32097,32091,1.0,0.9952227536000962]
[68817,32100,1.0,0.5541673538588866]
[97753,97744,1.0,0.9927904021198166]
[97753,97750,1.0,0.9855448614889954]
[97756,97744,1.0,0.9877726362494229]
[97756,97750,1.0,0.9769598363668921]
[97756,97753,1.0,0.9833514052893394]
[99165,99162,1.0,0.9742796599081329]
[64531,64528,1.0,0.8988613248414355]
[99168,99165,1.0,0.9200678047459205]
[99168,99162,1.0,0.9818906190406893]
[67555,67552,1.0,0.9952227536000962]
[127756,43449,1.0,0.4293018445599079]
[101682,101676,1.0,0.9871975936995795]
[101682,101679,1.0,0.9819664132366077]
[101679,101676,1.0,0.9930676807585843]
[101685,101676,1.0,0.9800243529901598]
[101685,101682,1.0,0.9739543007677656]
[101685,101679,1.0,0.9722851502806211]
[125736,95205,1.0,0.6992253534344365]
[125736,47433,1.0,0.43877945878808255]
[95205,43857,1.0,0.5944595801154924]
[95205,56521,1.0,0.8123507091990749]
[95205,49436,1.0,0.537577855908313]
[95205,43449,1.0,0.5216440680258295]
[95205,24337,1.0,0.5438611845295728]
[112167,43857,1.0,0.4181744699834306]
[112167,49436,1.0,0.50807367248221]
[48315,48306,1.0,0.9573684226545709]
[48315,48312,1.0,0.9710230630418575]
[48315,48309,1.0,0.9474822327169092]
[49436,43857,1.0,0.4517579688672404]
[48312,48306,1.0,0.988421098306559]
[48312,48309,1.0,0.988421098306559]
[116890,95205,1.0,0.48004599452859015]
[116890,36566,1.0,0.5046089828785507]
[116890,116887,1.0,0.8128977094832626]
[116890,116884,1.0,0.9613633503910025]
[48309,48306,1.0,0.9933550320030448]
[101688,101676,1.0,0.9775136589322299]
[101688,101682,1.0,0.9865893243883229]
[101688,101679,1.0,0.9694720956360219]
[101688,101685,1.0,0.9340307858044783]
[116887,95205,1.0,0.5388505622237681]
[116887,116884,1.0,0.9553830038786658]
[43449,15990,1.0,0.494211857703025]
[116884,95205,1.0,0.5388505622237681]
[116884,36566,1.0,0.452910899990139]
[113112,113106,1.0,0.9922053829581191]
[113112,113109,1.0,0.8679766478964197]
[111133,111121,1.0,0.9924404302976614]
[111133,111124,1.0,0.7474970279581116]
[111133,111127,1.0,0.9788205876601777]
[111133,111130,1.0,0.9900898418539789]
[111124,111121,1.0,0.6293007597574232]
[113118,113112,1.0,0.978539219979268]
[113118,113106,1.0,0.9927904021198166]
[113118,113115,1.0,0.9927904021198166]
[113118,113109,1.0,0.8815945624144425]
[114624,114618,1.0,0.9858942687251189]
[114624,114615,1.0,0.9794197585802279]
[114618,114615,1.0,0.9830615457577477]
[113115,113112,1.0,0.984678247267512]
[113115,113106,1.0,0.9952227536000962]
[113115,113109,1.0,0.9070211231685509]
[48628,48625,1.0,0.9949181171750051]
[113109,113106,1.0,0.9070211231685509]
[62479,62470,1.0,0.9877726362494229]
[62479,62473,1.0,0.9862664485557137]
[62479,62476,1.0,0.9060639663191167]
[62473,62470,1.0,0.9921471266607758]
[111127,111121,1.0,0.9787531845964921]
[62476,62470,1.0,0.9486282236624854]
[62476,62473,1.0,0.9441752542240224]
[111130,111121,1.0,0.9937353308824888]
[111130,111124,1.0,0.47466692155260437]
[111130,111127,1.0,0.9787531845964921]
[53933,53930,1.0,0.9772312046500405]
[117933,2858,1.0,0.7156519021486429]
[73262,73253,1.0,0.9952227536000962]
[73262,73259,1.0,0.9070211231685509]
[73262,73256,1.0,0.9710999623304539]
[73259,73253,1.0,0.9070211231685509]
[73259,73256,1.0,0.7295185218794469]
[49712,49703,1.0,0.9760286371295128]
[49712,49706,1.0,0.9732421656724168]
[49709,49703,1.0,0.5967190474860047]
[49709,49706,1.0,0.6866634807611219]
[73265,73262,1.0,0.986317316223555]
[73265,73253,1.0,0.986317316223555]
[73265,73259,1.0,0.8026961898466373]
[73265,73256,1.0,0.943640047498962]
[73256,73253,1.0,0.9829126443305097]
[49706,49703,1.0,0.9904844431418558]
[63711,63705,1.0,0.9677688509262524]
[63711,63708,1.0,0.8673468292919094]
[97116,97113,1.0,0.9874475728395399]
[117060,54518,1.0,0.5354548215148668]
[2745,2742,1.0,0.9889152876004713]
[823,820,1.0,0.9856333448779404]
[54518,49453,1.0,0.41766389941436]
[54518,31861,1.0,0.6028712542979143]
[54518,33854,1.0,0.5606542520549397]
[101794,31861,1.0,0.45055286516415427]
[101794,33854,1.0,0.4734349135914904]
[101797,101794,1.0,0.9907134849679139]
[101797,31861,1.0,0.4127437153598814]
[101797,33854,1.0,0.44007597387917846]
[92274,31861,1.0,0.8211386671929551]
[92274,25525,1.0,0.4947285928785637]
[92274,33854,1.0,0.7310514343096435]
[72865,64383,1.0,0.40484506785339297]
[131521,118464,1.0,0.423823862529954]
[826,823,1.0,0.9673963736441948]
[826,820,1.0,0.985441280690872]
[48944,31861,1.0,0.4003149943470385]
[2748,2745,1.0,0.9655011612311267]
[2748,2742,1.0,0.9899701718937624]
[101800,101794,1.0,0.9646784154649436]
[101800,31861,1.0,0.4342827662110403]
[101800,101797,1.0,0.9507684147991652]
[101800,33854,1.0,0.4365875590987862]
[104485,91206,1.0,0.4802040865495715]
[104485,54518,1.0,0.6548137635165368]
[104485,101794,1.0,0.4850105891037824]
[104485,101797,1.0,0.4850105891037824]
[104485,92025,1.0,0.6584611579750459]
[104485,92274,1.0,0.48868276140052874]
[104485,101800,1.0,0.5216808884919127]
[63708,63705,1.0,0.9732053470367774]
[120501,33854,1.0,0.41698207958654415]
[111162,111159,1.0,0.9907436224866999]
[63714,63705,1.0,0.9910875624838412]
[63714,63711,1.0,0.9787075978722622]
[63714,63708,1.0,0.9543112976241023]
[117852,31861,1.0,0.4245808370750689]
[117852,33854,1.0,0.4748931087131088]
[108748,108745,1.0,0.9129154869713492]
[121045,101794,1.0,0.5167368835297907]
[121045,101797,1.0,0.44694582756924695]
[121045,101800,1.0,0.5195088798045153]
[74198,74195,1.0,0.993833290446873]
[113638,93274,1.0,0.452613552725341]
[113638,109126,1.0,0.4897806627414285]
[74204,74198,1.0,0.9844846862531046]
[74204,74195,1.0,0.9874882310208049]
[96165,96162,1.0,0.987897422277693]
[96168,96162,1.0,0.9952227536000962]
[96168,96165,1.0,0.9813123597709333]
[31024,31018,1.0,0.9830615457577477]
[43253,43250,1.0,0.9209901098673113]
[43253,43247,1.0,0.9209901098673113]
[80956,80953,1.0,0.8467564784749261]
[43250,43247,1.0,0.9952227536000962]
[80959,80956,1.0,0.8490114715002365]
[80959,80953,1.0,0.994728796233976]
[56182,14563,1.0,0.40745667560868465]
[119625,9613,1.0,0.4260603816341242]
[80962,80956,1.0,0.8121907458649475]
[80962,80953,1.0,0.9895661266482731]
[80962,80959,1.0,0.9810726080743074]
[71110,30889,1.0,0.5248857453940662]
[72158,12352,1.0,0.46164991820460005]
[29107,12352,1.0,0.4352934253086719]
[36911,18917,1.0,0.7018813194740872]
[36911,20970,1.0,0.9536644715216666]
[36911,22338,1.0,0.5094385620396858]
[58025,36911,1.0,0.5993066096270417]
[58025,58019,1.0,0.9936282955531263]
[58025,20970,1.0,0.4261066618269731]
[58025,58022,1.0,0.9843023799853827]
[58028,36911,1.0,0.6022587129285689]
[58028,58025,1.0,0.9659712606370257]
[58028,58019,1.0,0.9726971441665088]
[58028,20970,1.0,0.4665984018448489]
[58028,58022,1.0,0.9879556501237028]
[58019,36911,1.0,0.6022587129285689]
[58019,20970,1.0,0.4285272998989076]
[20970,18917,1.0,0.5715201951451483]
[58022,36911,1.0,0.5937015846782174]
[58022,58019,1.0,0.993172515220938]
[58022,20970,1.0,0.6634587057354684]
[91919,4020,1.0,0.496144532701108]
[91350,4020,1.0,0.5255221661910552]
[28801,4020,1.0,0.5349181810538226]
[49457,4020,1.0,0.5668657201810294]
[111936,4020,1.0,0.9050939437970772]
[106986,4020,1.0,0.44308197864853]
[21983,21980,1.0,0.972386538852625]
[21983,21977,1.0,0.9839049584044326]
[21983,21974,1.0,0.9898859765963028]
[26430,4020,1.0,0.4426810861136035]
[131599,4020,1.0,0.4869047932500645]
[125703,4020,1.0,0.4131889094427261]
[125703,125697,1.0,0.4228091933883581]
[125703,125700,1.0,0.5116583678821742]
[78340,4020,1.0,0.4537867296062494]
[80915,4020,1.0,0.4595669100844819]
[85371,4020,1.0,0.430493387909863]
[47028,4020,1.0,0.5441871318296377]
[106378,4020,1.0,0.8087411700791488]
[47972,47028,1.0,0.4496522193917535]
[47972,4020,1.0,0.5093623205479145]
[111939,111936,1.0,0.9952227536000962]
[111939,4020,1.0,0.7183329195328372]
[125697,4020,1.0,0.46531323794695245]
[21980,21977,1.0,0.9923636083704026]
[21980,21974,1.0,0.9935292479653834]
[22283,4020,1.0,0.6294051896958727]
[59708,4020,1.0,0.4777649659319239]
[32923,4020,1.0,0.5396892787056526]
[35032,35026,1.0,0.8430281365991075]
[35032,35029,1.0,0.7686808157273588]
[28340,4020,1.0,0.4753874593261054]
[21977,21974,1.0,0.9803140506976938]
[64851,4020,1.0,0.5402903472870975]
[12904,4020,1.0,0.47273083527810345]
[54393,4020,1.0,0.5709409899522422]
[17900,4020,1.0,0.4235770578801051]
[60683,4020,1.0,0.5541366971246974]
[79761,4020,1.0,0.4237994084535205]
[123748,4020,1.0,0.47794343005682083]
[35029,35026,1.0,0.9911969370258782]
[125706,125703,1.0,0.4195110858351876]
[125706,4020,1.0,0.4871142108192527]
[125706,125697,1.0,0.9714830494487354]
[125706,125700,1.0,0.9203410461196512]
[39417,4020,1.0,0.41285936899531095]
[115596,4020,1.0,0.5453797143055422]
[125700,4020,1.0,0.6808505661550971]
[125700,125697,1.0,0.9260933528608096]
[55070,55067,1.0,0.9861839112285555]
[55070,55064,1.0,0.9952227536000962]
[55067,55064,1.0,0.9861839112285555]
[55073,55070,1.0,0.9911457621988602]
[55073,55067,1.0,0.9712730728465238]
[55073,55064,1.0,0.9817438496132153]
[26928,26925,1.0,0.9600864843397884]
[10584,10581,1.0,0.9952227536000962]
[114795,26065,1.0,0.5172801232763709]
[114795,50149,1.0,0.6277095462230492]
[5626,1525,1.0,0.45062044351021824]
[45757,45754,1.0,0.9942255811775678]
[91711,91708,1.0,0.9904407892702237]
[106147,106144,1.0,0.9762253089625997]
[40592,35206,1.0,0.4428739191411821]
[39302,20599,1.0,0.496925895977521]
[39302,39299,1.0,0.9952227536000962]
[71309,71306,1.0,0.9559906668684415]
[71312,71306,1.0,0.8310638041618829]
[71312,71309,1.0,0.4815103130928838]
[48125,48122,1.0,0.9832606747218102]
[81502,48122,1.0,0.4336983633172001]
[48131,48125,1.0,0.9885091962828481]
[48131,48128,1.0,0.9852952983157007]
[48131,48122,1.0,0.9852952983157007]
[48128,48125,1.0,0.9885091962828481]
[48128,48122,1.0,0.9952227536000962]
[31195,31186,1.0,0.9902913432757028]
[31195,31192,1.0,0.9790856976224398]
[9807,2417,1.0,0.41555022163824257]
[84078,84072,1.0,0.9938164559286152]
[97531,97528,1.0,0.9536183896797457]
[84476,84473,1.0,0.9633186567587404]
[2420,2417,1.0,0.9823941572316303]
[120105,5934,1.0,0.4041807425425929]
[31192,31186,1.0,0.993172515220938]
[127674,2417,1.0,0.5979217387455044]
[127674,9152,1.0,0.5331144268958412]
[127674,37923,1.0,0.5470886945669107]
[127674,2420,1.0,0.5524915712086333]
[46905,26292,1.0,0.6346472973344384]
[50152,46905,1.0,0.5049691141219695]
[37621,37618,1.0,0.9793621069355827]
[91779,46905,1.0,0.6414818431397361]
[91779,91773,1.0,0.9952227536000962]
[91779,68505,1.0,0.5117855632830094]
[91779,69753,1.0,0.46575437763488575]
[91779,86916,1.0,0.5808989735100959]
[91779,91776,1.0,0.9943227959462985]
[91779,67310,1.0,0.5558389746948702]
[91779,73579,1.0,0.599644435522072]
[91779,38039,1.0,0.5799502839883922]
[91779,64355,1.0,0.440894721550259]
[91785,91779,1.0,0.9912365516097598]
[91785,91782,1.0,0.991077256622663]
[91785,91773,1.0,0.9912365516097598]
[91785,91776,1.0,0.9906616008081833]
[91782,91779,1.0,0.9947803113316972]
[91782,91773,1.0,0.9947803113316972]
[91782,91776,1.0,0.9938029766924066]
[112072,112069,1.0,0.6880697384990598]
[91776,91773,1.0,0.9943227959462985]
[100699,91779,1.0,0.4610031913791541]
[39665,39662,1.0,0.9919340271604177]
[85456,85447,1.0,0.993318996418406]
[123178,69355,1.0,0.9413639525668046]
[100383,69355,1.0,0.6846103598692356]
[45407,22439,1.0,0.41840689465048686]
[117040,69355,1.0,0.4376922964733158]
[108802,69355,1.0,0.4383040032699671]
[128830,69355,1.0,0.5547740723515643]
[87948,69355,1.0,0.5617989753691818]
[115294,69355,1.0,0.8497989801168027]
[118618,69355,1.0,0.4397824870175791]
[99499,69355,1.0,0.6865387526215819]
[86442,69355,1.0,0.5130422970867727]
[69355,55696,1.0,0.7177096794154936]
[69355,38798,1.0,0.4093680601597301]
[69355,45407,1.0,0.5608813448961005]
[69355,37813,1.0,0.7656303735491676]
[69355,49845,1.0,0.8023332164520167]
[69355,22439,1.0,0.6358996566814042]
[69355,3627,1.0,0.8631002807358883]
[69355,5997,1.0,0.7484842492099709]
[69355,60350,1.0,0.4178111387178354]
[69355,1894,1.0,0.5686991767800986]
[69355,64577,1.0,0.47659678123219007]
[69355,60423,1.0,0.8236182605237631]
[69355,42008,1.0,0.6842907144836775]
[69355,69052,1.0,0.6149593051254925]
[69355,67340,1.0,0.4209968935063046]
[69355,30444,1.0,0.5031960650633858]
[69355,49463,1.0,0.8872070834875943]
[69355,40546,1.0,0.43603560283919607]
[69355,63245,1.0,0.5553277918741822]
[92412,69355,1.0,0.7197596953769497]
[122692,45407,1.0,0.5434491111635243]
[122692,69355,1.0,0.9579565925383803]
[128134,69355,1.0,0.68911631083029]
[82470,69355,1.0,0.8020127523447883]
[73243,69355,1.0,0.4680251197686597]
[100999,69355,1.0,0.6998807189539104]
[67340,63245,1.0,0.6660728268050523]
[92832,69355,1.0,0.4160954597016564]
[87394,69355,1.0,0.8738900692622553]
[69783,69355,1.0,0.873907840796841]
[106788,69355,1.0,0.6490488002080163]
[102739,69355,1.0,0.8877185566458318]
[63245,40546,1.0,0.4497247638247561]
[103290,103284,1.0,0.992703234969701]
[103290,103287,1.0,0.8146654169548583]
[26079,26076,1.0,0.9800933232130632]
[101520,101514,1.0,0.9871969264688157]
[26082,26079,1.0,0.8989305933346495]
[26082,26076,1.0,0.9705360645102342]
[103287,103284,1.0,0.7958191198189879]
[55788,12032,1.0,0.5249302145799021]
[84817,84814,1.0,0.9907744175862293]
[84820,84814,1.0,0.9877726362494229]
[84820,84817,1.0,0.9877726362494229]
[106330,73678,1.0,0.709616157845414]
[94461,81097,1.0,0.4885729316515139]
[71210,71204,1.0,0.9888362483184072]
[71210,71207,1.0,0.98579683526016]
[87313,87307,1.0,0.9937353308824888]
[87313,87310,1.0,0.9937353308824888]
[71213,71210,1.0,0.9535446780725727]
[71213,71204,1.0,0.9562098619053002]
[71213,71207,1.0,0.9586522337301191]
[71207,71204,1.0,0.9939287085123063]
[87310,87307,1.0,0.9952227536000962]
[69618,13767,1.0,0.431101314514438]
[69618,57878,1.0,0.42538489441548605]
[69618,36369,1.0,0.588568004682907]
[69618,47419,1.0,0.4261247923495672]
[69618,33725,1.0,0.49046626211848005]
[69618,43307,1.0,0.5981214047012138]
[69618,27130,1.0,0.4032570594886575]
[69618,13330,1.0,0.7134898816055293]
[69618,33199,1.0,0.4473933576682737]
[69618,7054,1.0,0.4490120693168433]
[69618,16136,1.0,0.4107852096272503]
[69618,47422,1.0,0.45340136339702886]
[69618,28549,1.0,0.4355415799086848]
[69618,47413,1.0,0.45340136339702886]
[69618,50486,1.0,0.4341455256130371]
[69618,66847,1.0,0.4541865488397645]
[75723,75720,1.0,0.9946572280446236]
[47419,47413,1.0,0.9336418395119997]
[101841,69618,1.0,0.4088465796288986]
[101841,69621,1.0,0.458528829728176]
[132507,69618,1.0,0.5623843920759288]
[132507,69621,1.0,0.5750639953141056]
[114393,69618,1.0,0.4047850553057127]
[114393,69621,1.0,0.45837278406294907]
[82972,69621,1.0,0.41086415410508964]
[104797,69618,1.0,0.636350567559288]
[104797,69621,1.0,0.7127743904128332]
[75729,75723,1.0,0.9835246022736418]
[75729,75720,1.0,0.9882914910902981]
[75729,75726,1.0,0.9853232719600167]
[69621,13767,1.0,0.43279002516185616]
[69621,57878,1.0,0.49056892523684675]
[69621,36369,1.0,0.604037801649597]
[69621,69618,1.0,0.9952227536000962]
[69621,47419,1.0,0.4866567045400584]
[69621,33725,1.0,0.5635277529093066]
[69621,26403,1.0,0.4311639198322827]
[69621,43307,1.0,0.5993762045284794]
[69621,27130,1.0,0.4614026979263992]
[69621,13330,1.0,0.7292008090065912]
[69621,33199,1.0,0.501457302455525]
[69621,7054,1.0,0.5221973635092393]
[69621,16136,1.0,0.45928802961715215]
[69621,2436,1.0,0.4208634610462358]
[69621,47422,1.0,0.5165608499333106]
[69621,28549,1.0,0.43863344201923815]
[69621,47413,1.0,0.5165608499333106]
[69621,50486,1.0,0.4832398529291487]
[69621,14364,1.0,0.444278034813784]
[69621,66847,1.0,0.45779661839531477]
[69621,5768,1.0,0.441880613286617]
[29522,29519,1.0,0.9073222684325812]
[119061,69621,1.0,0.42411063979234054]
[101847,69618,1.0,0.4254279887002903]
[101847,101841,1.0,0.8686906547185964]
[101847,69621,1.0,0.47865024474411205]
[101847,101844,1.0,0.8395429479220082]
[2049,2040,1.0,0.991468626206008]
[2049,2043,1.0,0.9892763214525448]
[2049,2046,1.0,0.9921502584112634]
[77107,69618,1.0,0.8144511565205222]
[77107,27130,1.0,0.4792347056551872]
[77107,69621,1.0,0.8808499113510333]
[75728,69621,1.0,0.4146352177690316]
[101853,69618,1.0,0.4088465796288986]
[101853,101841,1.0,0.975669508100457]
[101853,69621,1.0,0.458528829728176]
[101853,101847,1.0,0.6545104604741087]
[101853,101850,1.0,0.9524474489739224]
[101853,101844,1.0,0.9566163811840647]
[105304,64439,1.0,0.4024194544574052]
[105304,79365,1.0,0.5705781473704138]
[101850,69618,1.0,0.41015896549045666]
[101850,101841,1.0,0.9893586612077]
[101850,69621,1.0,0.4593320163398799]
[101850,101847,1.0,0.7797876641710637]
[101850,101844,1.0,0.9805086845271422]
[97102,69618,1.0,0.7240574079853237]
[97102,69621,1.0,0.7417623990140223]
[47422,47419,1.0,0.9443349433758594]
[47422,47413,1.0,0.9897007318553551]
[71510,71507,1.0,0.9919031889112758]
[128092,69618,1.0,0.5485535747513743]
[128092,69621,1.0,0.616864122433089]
[70366,43884,1.0,0.445796107389738]
[71513,71510,1.0,0.9884244973564847]
[71513,71507,1.0,0.9930676807585843]
[43887,43878,1.0,0.9818030996390755]
[43887,43884,1.0,0.7374455052927815]
[50486,3083,1.0,0.4206899618598683]
[75726,75723,1.0,0.9911154482535545]
[75726,75720,1.0,0.9938882018368809]
[84752,69621,1.0,0.4330546650296749]
[84752,77107,1.0,0.5511799675314782]
[84752,28549,1.0,0.5654012351891612]
[2043,2040,1.0,0.993833290446873]
[43884,31296,1.0,0.517107038227578]
[43884,43878,1.0,0.8278702325625091]
[101844,69618,1.0,0.4088465796288986]
[101844,101841,1.0,0.9907986148389403]
[101844,69621,1.0,0.458528829728176]
[2046,2040,1.0,0.9730929978740684]
[2046,2043,1.0,0.9730929978740684]
[46237,46234,1.0,0.9918426894149314]
[100369,100366,1.0,0.9070211231685509]
[132255,123976,1.0,0.5424706463101481]
[46240,46237,1.0,0.9862370718783809]
[46240,46234,1.0,0.9877812743869288]
[85481,85478,1.0,0.9479590341339603]
[23734,23731,1.0,0.9952227536000962]
[23737,23734,1.0,0.9610336223473609]
[23737,23731,1.0,0.9610336223473609]
[127638,127635,1.0,0.5888365287578581]
[19969,2999,1.0,0.47849384173537524]
[19969,5008,1.0,0.4809985904737431]
[30508,30505,1.0,0.9669132517579183]
[12750,12741,1.0,0.9952227536000962]
[56280,19969,1.0,0.4611319169041436]
[27970,27967,1.0,0.9912365516097598]
[132015,132012,1.0,0.9743976239979466]
[51022,31158,1.0,0.4116375098945785]
[108973,108970,1.0,0.9905688649405823]
[90775,90769,1.0,0.963410417349109]
[90781,90769,1.0,0.9749219226920718]
[90781,90775,1.0,0.9102688172787043]
[74537,74534,1.0,0.9445941548451904]
[91868,20895,1.0,0.5053649763598548]
[91868,20898,1.0,0.515395554010673]
[2407,2404,1.0,0.9518521832437121]
[20898,20895,1.0,0.9950198389614197]
[2410,2404,1.0,0.9498545423840067]
[2410,2407,1.0,0.8933657486693081]
[71096,71093,1.0,0.9842365892721153]
[3343,3337,1.0,0.9847252351545056]
[107500,107494,1.0,0.9943811016251962]
[107500,107497,1.0,0.9584144642168525]
[107497,107494,1.0,0.9768808662232386]
[14950,14947,1.0,0.9927904021198166]
[18574,18571,1.0,0.9914651780633009]
[131517,126555,1.0,0.5237819757107888]
[131517,131508,1.0,0.9952227536000962]
[131517,131511,1.0,0.9911457621988602]
[131517,131514,1.0,0.9714256938478336]
[50461,50458,1.0,0.9933607062578763]
[50461,50452,1.0,0.9933607062578763]
[50461,50455,1.0,0.9907777417813022]
[120825,35559,1.0,0.5239050969757634]
[99667,99661,1.0,0.6773424108979057]
[99667,99664,1.0,0.40318596955543207]
[126555,6909,1.0,0.8041483462252892]
[126555,71971,1.0,0.462177191059955]
[126555,32867,1.0,0.4698510892047296]
[126555,60931,1.0,0.46989851431810015]
[126555,71968,1.0,0.42792733387017906]
[126555,38308,1.0,0.40164032912008446]
[126555,32201,1.0,0.5854371711795011]
[126555,1238,1.0,0.6117479737416094]
[126555,40583,1.0,0.48135919460211224]
[126555,70342,1.0,0.4631599771233666]
[126555,43555,1.0,0.4700577382857839]
[126555,30502,1.0,0.5065705064208142]
[50458,50452,1.0,0.9952227536000962]
[50458,50455,1.0,0.9933607062578763]
[71971,71968,1.0,0.8086945088388613]
[129522,126555,1.0,0.5115989664733748]
[120828,120825,1.0,0.9945658731879131]
[120828,35559,1.0,0.5194464064541657]
[131511,131508,1.0,0.9911457621988602]
[50455,50452,1.0,0.9934847894123641]
[131514,131508,1.0,0.9892788366711164]
[131514,131511,1.0,0.9809458447863245]
[56337,56328,1.0,0.9858381762763371]
[56337,56331,1.0,0.9660350755278153]
[50467,50461,1.0,0.982709399988198]
[50467,50458,1.0,0.9872021338195044]
[50467,50452,1.0,0.9872021338195044]
[50467,50455,1.0,0.982709399988198]
[129393,126555,1.0,0.8356987991236156]
[120831,120825,1.0,0.9952227536000962]
[120831,120828,1.0,0.9926297125923712]
[99664,99661,1.0,0.9621635983489105]
[56331,56328,1.0,0.9874192138200173]
[130617,126555,1.0,0.48266591176819235]
[103893,20372,1.0,0.47691079359818295]
[103893,4392,1.0,0.5344294982863905]
[103893,27354,1.0,0.4935916263650684]
[103893,15091,1.0,0.4156892425940688]
[103893,88891,1.0,0.5619207324117305]
[126970,126967,1.0,0.9297581283338338]
[72697,72694,1.0,0.9948899708847472]
[22959,22956,1.0,0.9840846138328667]
[27916,27007,1.0,0.42705152105627575]
[27916,27907,1.0,0.9918818867765093]
[27916,27910,1.0,0.8660669845078962]
[27916,27913,1.0,0.9930676807585843]
[5221,5218,1.0,0.9930676807585843]
[72700,72697,1.0,0.994562297216191]
[72700,72694,1.0,0.9949181171750051]
[27919,27916,1.0,0.9805739729711282]
[27919,27907,1.0,0.9880724653903915]
[27919,27910,1.0,0.9006296634183274]
[27919,27913,1.0,0.9831881776156802]
[27907,27007,1.0,0.42705152105627575]
[27910,27907,1.0,0.9070211231685509]
[15736,15733,1.0,0.9952227536000962]
[27913,27007,1.0,0.42705152105627575]
[27913,27907,1.0,0.9930676807585843]
[27913,27910,1.0,0.8794535684012885]
[15739,15733,1.0,0.9933677579237732]
[15739,15736,1.0,0.9933677579237732]
[5224,5221,1.0,0.5807314570478068]
[5224,5218,1.0,0.589034654911312]
[87035,42387,1.0,0.41809725879114734]
[56237,56234,1.0,0.9922893412346855]
[80387,80384,1.0,0.6918554089866154]
[81464,81458,1.0,0.9927904021198166]
[36919,36916,1.0,0.9952227536000962]
[124716,55177,1.0,0.5157162392624696]
[36922,36919,1.0,0.9209901098673113]
[36922,36916,1.0,0.9209901098673113]
[110700,55177,1.0,0.4502478684457725]
[39085,21992,1.0,0.4761137841562059]
[39085,39082,1.0,0.9952227536000962]
[130585,81569,1.0,0.40951874555591344]
[130585,55177,1.0,0.6123424493544428]
[130585,39085,1.0,0.5046428754030118]
[130585,18039,1.0,0.4790771257198012]
[130585,7053,1.0,0.4730426157344413]
[130585,81854,1.0,0.5390814782257615]
[22001,21992,1.0,0.977654719923328]
[39091,39085,1.0,0.677572100031608]
[111064,81569,1.0,0.4013562786753763]
[39088,39085,1.0,0.7889763505432972]
[39088,39082,1.0,0.7472394880112693]
[18616,18613,1.0,0.9433150606665434]
[100881,100875,1.0,0.9543792054936097]
[18622,18616,1.0,0.920566197305775]
[18622,18613,1.0,0.9739318092161967]
[18622,18619,1.0,0.7423165854050471]
[93207,18796,1.0,0.4354843742293745]
[18628,18616,1.0,0.933110085863811]
[18628,18613,1.0,0.9937614606158359]
[18628,18622,1.0,0.9777304124173974]
[18628,18619,1.0,0.8708070624264157]
[18628,18625,1.0,0.9933879162562054]
[100884,100881,1.0,0.9356232992060345]
[100884,100875,1.0,0.9926498211451212]
[18619,18616,1.0,0.5742119480734635]
[18619,18613,1.0,0.891685032700609]
[18625,18616,1.0,0.9431853407024857]
[18625,18613,1.0,0.9949181171750051]
[18625,18622,1.0,0.9818262633358336]
[18625,18619,1.0,0.891685032700609]
[30776,30770,1.0,0.9928821891711364]
[30782,30776,1.0,0.9727687820237316]
[30782,30779,1.0,0.7371684064981868]
[30782,30770,1.0,0.9811339540302978]
[117453,117450,1.0,0.8733115058881659]
[21130,21124,1.0,0.9907027807043497]
[21133,21130,1.0,0.9925362175689895]
[21133,21124,1.0,0.9952227536000962]
[30779,30776,1.0,0.9031322399195654]
[30779,30770,1.0,0.9289246102010293]
[9791,9788,1.0,0.9932931739909694]
[71089,58855,1.0,0.41507846979865104]
