[27953,27950,1.0,0.9839056397973164]
[102544,102535,1.0,0.9899591876794006]
[102544,102538,1.0,0.9329417511326026]
[102538,102535,1.0,0.9568898917694906]
[121279,121273,1.0,0.974947715580605]
[79528,79525,1.0,0.9948674129869379]
[116556,116550,1.0,0.9852296603459687]
[116556,116553,1.0,0.9806897923446312]
[116553,116550,1.0,0.9946149626479851]
[121282,121279,1.0,0.931965866745729]
[121282,121273,1.0,0.9757125057408461]
[109896,26309,1.0,0.46957199660329213]
[24998,24995,1.0,0.9910403617839924]
[130167,59786,1.0,0.5692827464611171]
[101949,101946,1.0,0.9742290405090477]
[101949,101943,1.0,0.9899370877978919]
[124846,26309,1.0,0.456234417447037]
[124846,6036,1.0,0.5132207999052237]
[124846,35690,1.0,0.5119474659255155]
[124846,85482,1.0,0.4194465655636758]
[124846,46274,1.0,0.43007409802190566]
[124846,90948,1.0,0.4302378490546743]
[124846,90945,1.0,0.5395283349446525]
[124846,90942,1.0,0.4302378490546743]
[124846,12009,1.0,0.594169986634036]
[69583,69577,1.0,0.9741099323180125]
[69583,69580,1.0,0.9251622542278263]
[35690,24433,1.0,0.5512634450278181]
[35690,28396,1.0,0.4211595984028162]
[129852,129849,1.0,0.9797629530768877]
[101946,101943,1.0,0.9744370045681287]
[127428,124846,1.0,0.5527850010338945]
[85482,11416,1.0,0.6214968282851224]
[85482,76576,1.0,0.41628029917534465]
[25010,24995,1.0,0.5070522619202181]
[25010,24998,1.0,0.46382385031458495]
[25004,24995,1.0,0.9497068100759788]
[25004,24998,1.0,0.921586688925539]
[69580,69577,1.0,0.9823075899190928]
[90948,80968,1.0,0.4583227715292575]
[90948,90768,1.0,0.494813591115004]
[90948,24433,1.0,0.7321369250832221]
[90948,10570,1.0,0.4684035514264075]
[90948,25004,1.0,0.40949196115124115]
[90948,83796,1.0,0.4720294456813862]
[90948,90945,1.0,0.9913719155278211]
[90948,90942,1.0,0.993833290446873]
[117610,90948,1.0,0.47943867044895416]
[117610,90945,1.0,0.4773760686798499]
[117610,90942,1.0,0.4627364022128354]
[121398,121395,1.0,0.9860776015998247]
[83796,83790,1.0,0.9761274172409907]
[90945,83790,1.0,0.41577438907526565]
[90945,24995,1.0,0.4121731493098558]
[90945,24998,1.0,0.40991097000969057]
[90945,80968,1.0,0.46367778014288186]
[90945,90768,1.0,0.4531491366723017]
[90945,24433,1.0,0.7320871905410025]
[90945,10570,1.0,0.4634652790948997]
[90945,25004,1.0,0.4346000633809338]
[90945,83796,1.0,0.4946796976432394]
[90945,90942,1.0,0.9946149626479851]
[90945,79338,1.0,0.5501045573970876]
[90942,80968,1.0,0.4583227715292575]
[90942,90768,1.0,0.494813591115004]
[90942,24433,1.0,0.6986277993129998]
[90942,10570,1.0,0.4684035514264075]
[90942,25004,1.0,0.40949196115124115]
[90942,83796,1.0,0.4720294456813862]
[41889,41886,1.0,0.9902913432757028]
[75822,75819,1.0,0.9931579754637436]
[71177,35779,1.0,0.42841118716052057]
[75428,75425,1.0,0.9694131290830982]
[35092,35089,1.0,0.921422840169122]
[35092,35083,1.0,0.9653355247918993]
[35092,35086,1.0,0.9291756872787255]
[96096,35779,1.0,0.4265355909126586]
[65787,35779,1.0,0.7943560336768786]
[65787,11137,1.0,0.42886711531675875]
[35089,35083,1.0,0.9878777362259903]
[35089,35086,1.0,0.9737448932108115]
[31468,31462,1.0,0.9912365516097598]
[31468,31465,1.0,0.9434344185294473]
[75431,75428,1.0,0.9157007822954659]
[75431,75425,1.0,0.9880301278088103]
[111201,96096,1.0,0.4154279612790714]
[111201,65787,1.0,0.4596970544540611]
[35086,35083,1.0,0.9925355763191663]
[45445,14816,1.0,0.5367131066058899]
[11137,7418,1.0,0.42566355847877585]
[40567,11137,1.0,0.4951182496750303]
[31465,31462,1.0,0.9246547215639701]
[71523,9164,1.0,0.4458848008371291]
[3068,3065,1.0,0.9655101040181545]
[3068,3062,1.0,0.9655101040181545]
[56703,56697,1.0,0.9926497924738933]
[56703,56700,1.0,0.9891163828122049]
[78711,46610,1.0,0.4295331717923862]
[3065,3062,1.0,0.9952227536000962]
[91330,91327,1.0,0.9637667579828878]
[56700,56697,1.0,0.9927904021198166]
[3071,3068,1.0,0.8183898360514059]
[3071,3065,1.0,0.9476420770754921]
[3071,3062,1.0,0.9476420770754921]
[61062,61059,1.0,0.9952227536000962]
[30926,30914,1.0,0.9930641667401623]
[30926,30923,1.0,0.9895311595613921]
[30926,30917,1.0,0.9759654486791962]
[49733,49730,1.0,0.9602010480240308]
[49733,24243,1.0,0.7134073559795969]
[49733,49727,1.0,0.9942129708818666]
[30923,30914,1.0,0.9927904021198166]
[30923,30917,1.0,0.9669533883863485]
[49730,24243,1.0,0.6423840739763006]
[49730,49727,1.0,0.965452633616885]
[53754,21166,1.0,0.46553789384071903]
[49727,24243,1.0,0.7134073559795969]
[30917,30914,1.0,0.9770470071245758]
[98557,98554,1.0,0.9891356835907431]
[98563,98557,1.0,0.8605807082598348]
[98563,98560,1.0,0.9239522545361293]
[98563,98554,1.0,0.9239522545361293]
[95131,92388,1.0,0.4974437199652221]
[90791,90788,1.0,0.9915481899862886]
[94133,25130,1.0,0.6519419982628699]
[98560,98557,1.0,0.9839667125731042]
[98560,98554,1.0,0.9927374500728507]
[92388,25130,1.0,0.5101893316107449]
[92388,79721,1.0,0.4338716430119252]
[90794,90791,1.0,0.9903351196447352]
[90794,90788,1.0,0.9950198389614197]
[79721,11215,1.0,0.4593186702511733]
[76038,76035,1.0,0.9925282939886803]
[55691,55688,1.0,0.9560876656656205]
[55691,55685,1.0,0.9560876656656205]
[83115,83112,1.0,0.7120969228891328]
[55688,55685,1.0,0.9952227536000962]
[55697,55691,1.0,0.9729556906388654]
[55697,55688,1.0,0.9950198389614197]
[55697,55685,1.0,0.9950198389614197]
[55697,55694,1.0,0.9950198389614197]
[83118,83112,1.0,0.9952227536000962]
[83118,83115,1.0,0.7120969228891328]
[55694,55691,1.0,0.9778996792867497]
[55694,55688,1.0,0.9952227536000962]
[55694,55685,1.0,0.9952227536000962]
[2997,2988,1.0,0.9922241080961267]
[2997,2994,1.0,0.9667498959025971]
[2997,2991,1.0,0.9860463430562201]
[2997,2985,1.0,0.9952227536000962]
[66034,66031,1.0,0.9799477665810615]
[66034,66028,1.0,0.9848282853973236]
[2988,2985,1.0,0.9922241080961267]
[52571,52568,1.0,0.9947582886798573]
[13964,13958,1.0,0.9952227536000962]
[66031,66028,1.0,0.9925980498197801]
[2994,2988,1.0,0.9497736207163872]
[2994,2991,1.0,0.9194715027433048]
[2994,2985,1.0,0.9667498959025971]
[2991,2988,1.0,0.9782592574849945]
[2991,2985,1.0,0.9860463430562201]
[79624,44382,1.0,0.49422253649576103]
[13967,13958,1.0,0.9895147614263562]
[13967,13964,1.0,0.9895147614263562]
[56687,52043,1.0,0.418926577188727]
[73832,73829,1.0,0.9895147614263562]
[55273,52043,1.0,0.5947928481102784]
[74019,74016,1.0,0.9948031445632672]
[66658,66655,1.0,0.864575747151287]
[66664,66658,1.0,0.8038947641716294]
[66664,66655,1.0,0.9952227536000962]
[101263,101260,1.0,0.9949181171750051]
[60621,6638,1.0,0.5014924880874637]
[77613,77607,1.0,0.9952227536000962]
[77613,77610,1.0,0.9899899668414485]
[37607,22142,1.0,0.495000387203977]
[104976,36851,1.0,0.40652234638450235]
[32917,32914,1.0,0.9882387439705383]
[69346,6638,1.0,0.5314926686586654]
[69667,69664,1.0,0.9934567839627333]
[86450,12942,1.0,0.4097416639720507]
[32920,32917,1.0,0.9471339440279949]
[32920,32914,1.0,0.9823612478637628]
[77610,77607,1.0,0.9899899668414485]
[69670,69667,1.0,0.9696034464507978]
[69670,69664,1.0,0.9809469414890544]
[72345,49234,1.0,0.7679787090847383]
[77616,72282,1.0,0.5501113980407486]
[77616,77613,1.0,0.9601325090007561]
[77616,77607,1.0,0.9601325090007561]
[77616,77610,1.0,0.9601325090007561]
[43860,33082,1.0,0.47559901998696047]
[126430,126421,1.0,0.9942417618294649]
[126430,126427,1.0,0.9875891887491716]
[126430,126424,1.0,0.970761065878292]
[126427,126421,1.0,0.9926278674655746]
[126427,126424,1.0,0.976632137589345]
[126424,126421,1.0,0.9830663319642551]
[126433,126421,1.0,0.6037315944067906]
[126433,126430,1.0,0.5807295072953456]
[126433,126427,1.0,0.7816275295651663]
[126433,126424,1.0,0.5558148811249868]
[91205,64001,1.0,0.5870737334674991]
[27556,9329,1.0,0.5131710465842617]
[47948,47945,1.0,0.6538384245311909]
[95185,1559,1.0,0.420448564849233]
[95185,91205,1.0,0.7145434977383844]
[95185,25639,1.0,0.46278570254276624]
[54071,13648,1.0,0.47514016283645566]
[33611,13648,1.0,0.5709589995519393]
[33611,13649,1.0,0.42300154973098214]
[33611,1767,1.0,0.5433994098783357]
[62540,33611,1.0,0.5632766099835838]
[32174,13648,1.0,0.49705880473146835]
[32174,1767,1.0,0.6063282936497654]
[88335,1767,1.0,0.421080650563908]
[115453,32174,1.0,0.5012104618511859]
[21395,21392,1.0,0.9909251903137]
[111228,62540,1.0,0.4993702348092988]
[71532,54071,1.0,0.5399828368511785]
[71532,33611,1.0,0.5319317437419364]
[71532,32174,1.0,0.5088731355605908]
[115909,33611,1.0,0.6857324185981528]
[115909,32174,1.0,0.590659717813277]
[115909,63508,1.0,0.44289514911980565]
[73921,32174,1.0,0.44669748783434426]
[39284,33611,1.0,0.4354438995783033]
[39284,32174,1.0,0.469853006501033]
[116799,54071,1.0,0.4222455676998139]
[116799,33611,1.0,0.4501628655019799]
[35930,35927,1.0,0.9922323843947127]
[80883,33611,1.0,0.6570173528398133]
[80883,32174,1.0,0.5540823039769043]
[25345,25342,1.0,0.44742056788568474]
[25348,25342,1.0,0.9945081630075626]
[25348,25345,1.0,0.5686956010389483]
[72077,71532,1.0,0.46583705692534855]
[70400,25605,1.0,0.5005117766536421]
[106060,106054,1.0,0.9851751257226566]
[106060,106057,1.0,0.9765867104753686]
[60704,25605,1.0,0.5265218440116858]
[60704,60701,1.0,0.9862899060886486]
[106057,106054,1.0,0.9920247559973902]
[54542,54539,1.0,0.9751433739197299]
[106063,106054,1.0,0.9820381363763906]
[106063,106060,1.0,0.971907600288497]
[106063,106057,1.0,0.9661643784716465]
[60701,25605,1.0,0.581937558792677]
[60707,60704,1.0,0.9847013884568977]
[60707,25605,1.0,0.581937558792677]
[60707,60701,1.0,0.9938289672647332]
[122163,25605,1.0,0.5553392356228467]
[122163,96352,1.0,0.4083033580524113]
[60710,60704,1.0,0.8996521987639831]
[60710,25605,1.0,0.4999260195732554]
[60710,60701,1.0,0.9412126283788127]
[60710,60707,1.0,0.9287484030913301]
[61266,46441,1.0,0.4084251655480588]
[51232,24893,1.0,0.5200653264271128]
[42148,42139,1.0,0.901459366075825]
[42148,42142,1.0,0.8632886307087441]
[42142,42139,1.0,0.9306497655128803]
[11872,11869,1.0,0.9901896675057361]
[11875,11872,1.0,0.9876110264385979]
[11875,11869,1.0,0.9938747847384765]
[94012,94006,1.0,0.9800243529901598]
[94012,94009,1.0,0.9782258136974463]
[16831,16825,1.0,0.992741519159376]
[94015,94012,1.0,0.9844771006663475]
[94015,94006,1.0,0.9952227536000962]
[94015,94009,1.0,0.9870908638023206]
[15450,15447,1.0,0.7213730217753288]
[15450,15444,1.0,0.9942315569021866]
[16825,730,1.0,0.4082914581302487]
[24464,24461,1.0,0.9905564682541387]
[15447,15444,1.0,0.7408770390708636]
[66249,66240,1.0,0.9825294232047164]
[66249,66246,1.0,0.9609812996655273]
[66249,66243,1.0,0.9640389258368266]
[94009,94006,1.0,0.9916975038550923]
[130248,17083,1.0,0.4211827420561383]
[66246,66240,1.0,0.9877726362494229]
[66246,66243,1.0,0.9485287693827722]
[53872,16825,1.0,0.4283661689684401]
[66243,66240,1.0,0.9674860727290246]
[17759,16825,1.0,0.4822349308568218]
[75808,75805,1.0,0.9435757433873435]
[81222,81219,1.0,0.9812329040956429]
[81222,81216,1.0,0.9939282819091166]
[75811,75808,1.0,0.8219750009130684]
[75811,75805,1.0,0.9744614859256533]
[81219,81216,1.0,0.9653845290444125]
[28930,28927,1.0,0.9952227536000962]
[28933,28930,1.0,0.9649090043934706]
[28933,28927,1.0,0.9649090043934706]
[86895,86892,1.0,0.99379492272998]
[54354,54351,1.0,0.9363954465495048]
[30593,30590,1.0,0.9929447031128371]
[35601,35598,1.0,0.9786206934591564]
[78074,78071,1.0,0.6070124150415872]
[78074,78068,1.0,0.9952227536000962]
[74952,73973,1.0,0.4650002195733538]
[78071,78068,1.0,0.7434316800105397]
[78071,3317,1.0,0.44862363957241724]
[57399,57396,1.0,0.8966660646181478]
[73973,45979,1.0,0.716430624200351]
[73973,70095,1.0,0.40664116093437586]
[106275,73973,1.0,0.6723908285821302]
[57402,57399,1.0,0.8093558057758511]
[57402,57396,1.0,0.9519163065621498]
[83173,44102,1.0,0.44444968470874674]
[72463,36024,1.0,0.6208724602323893]
[72463,72460,1.0,0.9941126630388671]
[72463,38098,1.0,0.6287942314282136]
[72469,72463,1.0,0.9806063800646777]
[72469,36024,1.0,0.49663920124405325]
[72469,72460,1.0,0.9892553200051319]
[72469,72466,1.0,0.9923743360184812]
[72469,38098,1.0,0.6375474184381319]
[36024,34077,1.0,0.6098871606193589]
[36024,23726,1.0,0.4955095400542724]
[36024,5278,1.0,0.8172547892532344]
[38810,36024,1.0,0.4044854187942763]
[72460,36024,1.0,0.4843491596253892]
[72460,38098,1.0,0.6623736064498483]
[72466,72463,1.0,0.9900236151516272]
[72466,36024,1.0,0.4843491596253892]
[72466,72460,1.0,0.9952227536000962]
[72466,38098,1.0,0.6623736064498483]
[68437,36024,1.0,0.6066205578022831]
[38098,36024,1.0,0.49306447781009655]
[106549,65193,1.0,0.44709867779590073]
[94073,65190,1.0,0.48774689270262156]
[94073,65193,1.0,0.548071315612905]
[9080,9074,1.0,0.9770614190056393]
[9080,9077,1.0,0.9848691269330568]
[93933,65193,1.0,0.4612530569571792]
[120543,65190,1.0,0.5833441242712775]
[120543,65193,1.0,0.5833441242712775]
[99058,65190,1.0,0.5372553057918511]
[99058,65193,1.0,0.5372553057918511]
[9083,9080,1.0,0.9741091870565856]
[9083,9074,1.0,0.9772393758309041]
[9083,9077,1.0,0.9844361393285886]
[9077,9074,1.0,0.9810561490142308]
[96072,65190,1.0,0.42968892687415244]
[96072,65193,1.0,0.42968892687415244]
[65190,9080,1.0,0.5051142509670582]
[65190,9074,1.0,0.5051142509670582]
[65190,2614,1.0,0.5319680751853116]
[65190,9083,1.0,0.5051142509670582]
[65190,9077,1.0,0.5051142509670582]
[65190,52760,1.0,0.6630164364398393]
[65190,64207,1.0,0.8618460793210977]
[65190,65184,1.0,0.9877726362494229]
[65190,25444,1.0,0.6429418236149651]
[65193,4254,1.0,0.4077455446112744]
[65193,9080,1.0,0.5899410102326289]
[65193,9074,1.0,0.5899410102326289]
[65193,2614,1.0,0.5319680751853116]
[65193,9083,1.0,0.5722936825407497]
[65193,9077,1.0,0.5899410102326289]
[65193,52760,1.0,0.6158181939170001]
[65193,64207,1.0,0.9051147678300778]
[65193,65190,1.0,0.9877726362494229]
[65193,65184,1.0,0.9952227536000962]
[65193,25444,1.0,0.7196589808900985]
[65184,64207,1.0,0.49025161449373256]
[127990,127984,1.0,0.9927904021198166]
[127990,46857,1.0,0.4288902515850244]
[127990,127987,1.0,0.9927904021198166]
[116374,47625,1.0,0.45151018851599745]
[127987,127984,1.0,0.993817039960427]
[45668,45662,1.0,0.9952227536000962]
[45668,45665,1.0,0.9944660782509854]
[45665,45662,1.0,0.9919305528850808]
[15498,1789,1.0,0.5783057057805974]
[127162,1789,1.0,0.5000381803251086]
[36774,1789,1.0,0.4185636919671485]
[12572,1789,1.0,0.4081071403833665]
[105958,105952,1.0,0.9859097138255852]
[105958,105955,1.0,0.9598341808849373]
[105961,105958,1.0,0.9702655833773199]
[105961,105952,1.0,0.9892973445110161]
[105961,105955,1.0,0.9600857020767927]
[105955,105952,1.0,0.980212013600106]
[39617,39614,1.0,0.5407444432913096]
[39620,39614,1.0,0.9927510998302113]
[39620,39617,1.0,0.5407444432913096]
[54072,54066,1.0,0.9657070304049417]
[54072,52813,1.0,0.42591546919058776]
[98653,54072,1.0,0.5338469341249374]
[52813,52807,1.0,0.9875553935124135]
[132450,65427,1.0,0.4087469533957726]
[115251,65427,1.0,0.44986354269262796]
[5435,5044,1.0,0.5392243997739364]
[5828,5822,1.0,0.9884189233156527]
[5828,5825,1.0,0.9579644535858564]
[124243,118099,1.0,0.5422337516532119]
[124243,53423,1.0,0.5402535317110485]
[5825,5822,1.0,0.9834475478906827]
[86300,86297,1.0,0.9952227536000962]
[86303,86297,1.0,0.9933550320030448]
[86303,86300,1.0,0.9933550320030448]
[82849,82846,1.0,0.9486389400270043]
[82849,82843,1.0,0.9697328163382406]
[82846,82843,1.0,0.9857069331691991]
[82852,82849,1.0,0.9863549224398734]
[82852,82846,1.0,0.9733288991042576]
[82852,82843,1.0,0.9906156358287606]
[50098,34414,1.0,0.5986651700527255]
[33147,33141,1.0,0.9627943742139883]
[33147,33144,1.0,0.46467189760355665]
[82332,34414,1.0,0.45350664242036715]
[102459,102453,1.0,0.9209901098673113]
[33144,33141,1.0,0.8106728728876549]
[4585,4582,1.0,0.9905564682541387]
[49395,35972,1.0,0.5094932454135103]
[91920,91917,1.0,0.9927904021198166]
[28762,28759,1.0,0.9789630597409955]
[28765,28759,1.0,0.9707416567624779]
[28765,28762,1.0,0.8383002103722732]
[28768,28759,1.0,0.9952227536000962]
[28768,28762,1.0,0.9599660115364688]
[28768,28765,1.0,0.9952227536000962]
[46901,28768,1.0,0.43204535151919815]
[34709,18414,1.0,0.4013506526444339]
[34709,31691,1.0,0.5731916730750025]
[38578,38365,1.0,0.40147765989302364]
[18081,4362,1.0,0.4824713650062693]
[92318,4362,1.0,0.47358794598112847]
[92318,38365,1.0,0.43928219554582015]
[80700,4362,1.0,0.42322668798925694]
[80700,80694,1.0,0.9938467974931987]
[80700,80697,1.0,0.9874047992446495]
[49507,31691,1.0,0.4980293288041749]
[118432,18414,1.0,0.41178711253600914]
[118432,31691,1.0,0.4338527946551207]
[101553,31691,1.0,0.4741100594458019]
[80694,4362,1.0,0.4262398388324198]
[15451,15448,1.0,0.990170542669388]
[39320,4362,1.0,0.4361436784458215]
[39320,18414,1.0,0.4175272702247257]
[18414,4362,1.0,0.4944572107563952]
[18414,18081,1.0,0.4327152751933253]
[18414,7503,1.0,0.43080328489764425]
[18414,7587,1.0,0.44714444658621916]
[23149,4362,1.0,0.5981065599822135]
[23149,18414,1.0,0.7021938538271313]
[22149,18414,1.0,0.4057834616519997]
[48211,31691,1.0,0.4505402443406383]
[48211,38365,1.0,0.4267212391288918]
[34993,31691,1.0,0.5410967538619783]
[34712,34709,1.0,0.9194982283488962]
[34712,18414,1.0,0.4807859709037736]
[34712,31691,1.0,0.5085077012955471]
[58574,4362,1.0,0.4119620866636693]
[58574,18414,1.0,0.49943745046695426]
[58574,31691,1.0,0.44461305724874106]
[31691,27073,1.0,0.6491589100653855]
[31691,18081,1.0,0.5251695720930153]
[31691,2964,1.0,0.43896341489477975]
[31691,23149,1.0,0.5905647156616262]
[31691,22149,1.0,0.4527635482871816]
[31691,7503,1.0,0.49009856330436696]
[31691,4417,1.0,0.43913350827012243]
[31691,25007,1.0,0.6482559048059051]
[31691,3684,1.0,0.47674204378355334]
[31691,29467,1.0,0.4277291015621214]
[95034,4362,1.0,0.6079320958704036]
[95034,31691,1.0,0.4981250533147085]
[61638,18414,1.0,0.5687429203082897]
[61638,31691,1.0,0.4420768935494171]
[38365,34709,1.0,0.4023993888977199]
[38365,18081,1.0,0.4858334142847238]
[38365,2964,1.0,0.40138327281715086]
[38365,23149,1.0,0.7134084597592234]
[38365,34149,1.0,0.42269035980129693]
[38365,34993,1.0,0.4066410910062774]
[38365,34712,1.0,0.4572357824825214]
[38365,30790,1.0,0.4068065798752936]
[38365,7587,1.0,0.41301426670150077]
[52927,18414,1.0,0.42419914646956225]
[52927,31691,1.0,0.5229275676415563]
[76646,4362,1.0,0.5750604981651344]
[76646,18414,1.0,0.41017945706978437]
[76646,38365,1.0,0.4121808860029934]
[34481,4362,1.0,0.44222394190977693]
[30790,18414,1.0,0.4602940999289748]
[65238,18414,1.0,0.448409754447267]
[65238,31691,1.0,0.4232245153917196]
[117969,31691,1.0,0.6184218945056108]
[36305,31691,1.0,0.46628964971117143]
[15454,15451,1.0,0.9776169516546657]
[15454,15448,1.0,0.9882432011503319]
[77720,4362,1.0,0.4509767403157945]
[77720,38365,1.0,0.4398357753099092]
[80697,4362,1.0,0.4262398388324198]
[80697,80694,1.0,0.9900592205763161]
[34715,34709,1.0,0.9915674733273518]
[34715,18414,1.0,0.4613231523779429]
[34715,34712,1.0,0.9525334276850952]
[34715,31691,1.0,0.5903482806326564]
[37017,18414,1.0,0.45235468813793933]
[90372,90369,1.0,0.9331129833811199]
[4417,4362,1.0,0.45652095547999966]
[65820,4362,1.0,0.4550379966117966]
[65820,18414,1.0,0.4893278526097212]
[65820,31691,1.0,0.41975430078981835]
[65820,38365,1.0,0.4551611063839897]
[89791,31691,1.0,0.4636408723898943]
[43064,18414,1.0,0.5335025320913546]
[43064,31691,1.0,0.4059636727049976]
[43064,38365,1.0,0.5345123632860694]
[80703,38365,1.0,0.4374561167485271]
[96574,4362,1.0,0.4376619840379998]
[34718,34709,1.0,0.9929943655429223]
[34718,18414,1.0,0.4100539379485518]
[34718,34712,1.0,0.9046482132611828]
[34718,31691,1.0,0.572255425866582]
[34718,34715,1.0,0.9888722895067634]
[93800,31691,1.0,0.42289274683405603]
[25007,18414,1.0,0.4536844564410908]
[7587,4362,1.0,0.4951259950269251]
[29467,4362,1.0,0.4061542203677399]
[89071,18414,1.0,0.7350764763009692]
[80750,18414,1.0,0.5258298071965103]
[80750,31691,1.0,0.4358409682646894]
[96516,4362,1.0,0.41407903502204835]
[96516,18414,1.0,0.4337780909091251]
[42248,42242,1.0,0.988148450643207]
[42248,42245,1.0,0.9349926726067983]
[42245,42242,1.0,0.9551707684383938]
[30026,30023,1.0,0.9585155523587157]
[30026,30020,1.0,0.9952227536000962]
[30023,30020,1.0,0.8506353624880688]
[67759,22558,1.0,0.4134653098067646]
[115491,22558,1.0,0.4211705212665808]
[101854,63275,1.0,0.43389512277300346]
[72275,72269,1.0,0.837231410032098]
[72418,22558,1.0,0.5542986742106124]
[87101,22558,1.0,0.5366163512781966]
[86556,22558,1.0,0.5174830112290403]
[124719,22558,1.0,0.4246408019782418]
[22558,2790,1.0,0.4162988238557451]
[80142,80139,1.0,0.9802404112229012]
[80142,80136,1.0,0.9850572768803645]
[80139,80136,1.0,0.993478550328787]
[80145,80142,1.0,0.9872172703821154]
[80145,80139,1.0,0.9913528299612526]
[80145,80136,1.0,0.9936220614614262]
[121092,66177,1.0,0.5111059248651305]
[108786,108783,1.0,0.9900620720855519]
[66893,66890,1.0,0.9812171520616334]
[83639,83636,1.0,0.8024879626382825]
[55917,55914,1.0,0.9700305925014642]
[55917,55911,1.0,0.9931905064527496]
[42786,13832,1.0,0.4287438706772933]
[41884,13832,1.0,0.8846723084693718]
[41275,13832,1.0,0.43342443034030415]
[13832,5860,1.0,0.564883130843242]
[23712,13832,1.0,0.762961754799894]
[110904,13832,1.0,0.4472730435243284]
[110904,65909,1.0,0.519144388848245]
[42153,13832,1.0,0.5833981873805512]
[78543,13832,1.0,0.5225654127428668]
[15522,13832,1.0,0.46710772135391854]
[55003,13832,1.0,0.4308211211414423]
[15655,13832,1.0,0.4810176682863164]
[130690,13832,1.0,0.5249082323296711]
[130690,65909,1.0,0.4440012875425646]
[55914,55911,1.0,0.9934637941520884]
[64442,13832,1.0,0.4318500904818503]
[25113,13832,1.0,0.5149453358448519]
[78852,13832,1.0,0.8032412983274287]
[78852,65909,1.0,0.6228317196833677]
[74456,13832,1.0,0.48471976153437746]
[117295,13832,1.0,0.4115255775783717]
[65909,13832,1.0,0.6156960192431975]
[65909,42153,1.0,0.6098252838378657]
[65909,57638,1.0,0.4979182239026233]
[65909,35647,1.0,0.7690153786591857]
[87879,13832,1.0,0.49716878766974626]
[35647,15655,1.0,0.4415875023345806]
[24118,13832,1.0,0.5160253349476803]
[76834,13832,1.0,0.40080605428791366]
[48256,1378,1.0,0.45878041623078647]
[46110,4065,1.0,0.42739346439592024]
[46110,46107,1.0,0.8902473882087201]
[46110,22121,1.0,0.4838504296887439]
[99289,46110,1.0,0.7292379295618058]
[46116,46110,1.0,0.8662115656757309]
[46116,46107,1.0,0.9805043129508186]
[46116,46113,1.0,0.6431934049937765]
[97687,97684,1.0,0.9817679931890008]
[46113,46110,1.0,0.6686883192305456]
[46113,46107,1.0,0.8407012182815428]
[128929,128926,1.0,0.9709465167427495]
[128929,49635,1.0,0.4720478984768405]
[126004,125998,1.0,0.9517243690276852]
[126004,126001,1.0,0.7664267745057131]
[126004,125995,1.0,0.9734167152051233]
[128926,49635,1.0,0.4291266255899302]
[78812,49635,1.0,0.5373471777131003]
[126010,126004,1.0,0.9624237770580798]
[126010,126007,1.0,0.9803865462284124]
[126010,125998,1.0,0.9828318206981012]
[126010,126001,1.0,0.7838497847125216]
[126010,125995,1.0,0.9916928888813668]
[126007,126004,1.0,0.9809469414890544]
[126007,125998,1.0,0.9765682370079368]
[126007,126001,1.0,0.8186283028764322]
[126007,125995,1.0,0.9877726362494229]
[110133,110130,1.0,0.9671702994090313]
[110136,110130,1.0,0.99133259848331]
[110136,110133,1.0,0.9411731065859056]
[125998,125995,1.0,0.9899074872227256]
[126001,125998,1.0,0.6966416373991542]
[126001,125995,1.0,0.8027808954603889]
[49635,17205,1.0,0.5860168867685698]
[110145,110130,1.0,0.9905564682541387]
[110145,110133,1.0,0.9365416087416366]
[110145,110136,1.0,0.9927904021198166]
[50095,4916,1.0,0.46231778895611236]
[18688,18682,1.0,0.9952227536000962]
[18688,18685,1.0,0.9938062023364248]
[18685,18682,1.0,0.9864758919864712]
[58328,4916,1.0,0.46241672231355796]
[14407,4916,1.0,0.48463743834449596]
[14410,4916,1.0,0.48463743834449596]
[14410,14407,1.0,0.9895661266482731]
[40305,40296,1.0,0.9483762980391202]
[40305,40299,1.0,0.8925140702031458]
[40305,40302,1.0,0.9431274090205084]
[40299,40296,1.0,0.9912760123384798]
[40308,40305,1.0,0.6387508704566706]
[40308,40296,1.0,0.9209901098673113]
[40308,40299,1.0,0.7973654644447009]
[40308,40302,1.0,0.9129290548626244]
[40302,40296,1.0,0.9914729588753374]
[40302,40299,1.0,0.971478744095262]
[49528,49525,1.0,0.9892553090437799]
[64344,64341,1.0,0.8942510512337636]
[64344,64338,1.0,0.9719749968983586]
[44490,44487,1.0,0.9205509129980244]
[130546,130543,1.0,0.9945658729539499]
[39545,39542,1.0,0.9937353308824888]
[64341,64338,1.0,0.9567130713339097]
[130552,130546,1.0,0.9552017682960744]
[130552,130543,1.0,0.9746360307995509]
[35111,35108,1.0,0.9909728179801929]
[15055,15052,1.0,0.993172515220938]
[75878,75869,1.0,0.9213374468254664]
[75878,75872,1.0,0.9213374468254664]
[75872,75869,1.0,0.9952227536000962]
[122343,74430,1.0,0.4207865298175122]
[125248,125245,1.0,0.9441428222671974]
[100726,100723,1.0,0.9824783780218371]
[46251,46248,1.0,0.9886879033032603]
[46254,46248,1.0,0.9934775635560857]
[46254,46251,1.0,0.9846763538076081]
[58495,25459,1.0,0.5406882916023202]
[119931,9432,1.0,0.4142778648901088]
[54557,54548,1.0,0.9952227536000962]
[54557,54554,1.0,0.9952227536000962]
[54557,54551,1.0,0.9759154774960872]
[109347,84161,1.0,0.4017077509951324]
[109347,86546,1.0,0.4335149293810964]
[72922,72919,1.0,0.9936352976418561]
[53919,9432,1.0,0.6010669468650238]
[54554,54548,1.0,0.9952227536000962]
[54554,54551,1.0,0.9759154774960872]
[29276,29273,1.0,0.7044684808684503]
[107838,62740,1.0,0.4052247112848517]
[72709,38367,1.0,0.46519240198129236]
[72709,507,1.0,0.4562585888304668]
[72709,958,1.0,0.4477690065806672]
[72709,16809,1.0,0.5190491993707342]
[72709,20359,1.0,0.4700350479109096]
[84161,2080,1.0,0.6152084511411477]
[84161,38367,1.0,0.5233855041590186]
[84161,507,1.0,0.48930737131248525]
[84161,958,1.0,0.6104427456508474]
[84161,16809,1.0,0.44534284085262704]
[84161,20359,1.0,0.5798028236266536]
[103042,25492,1.0,0.40655764580646503]
[10883,10877,1.0,0.9800243529901598]
[10883,10880,1.0,0.9560308703188098]
[103048,103042,1.0,0.9922548256035936]
[103048,103045,1.0,0.943779683341245]
[103048,25492,1.0,0.5767914436177147]
[103048,9432,1.0,0.4606304517868391]
[103045,103042,1.0,0.9762490640850914]
[79734,62740,1.0,0.42281299610981604]
[10880,10877,1.0,0.9560308703188098]
[88779,25492,1.0,0.5381000917686531]
[16809,9432,1.0,0.6477742183003906]
[54551,54548,1.0,0.9759154774960872]
[25492,16809,1.0,0.4233736876571816]
[28217,9432,1.0,0.5695061735222486]
[9432,2321,1.0,0.6502802594445314]
[117481,25492,1.0,0.4182771885741274]
[23989,9432,1.0,0.4527650559999175]
[86546,54548,1.0,0.4788994643560774]
[86546,2080,1.0,0.41901013495745515]
[86546,54557,1.0,0.4788994643560774]
[86546,54554,1.0,0.4788994643560774]
[86546,72709,1.0,0.42490812285425905]
[86546,38367,1.0,0.45362255415546254]
[86546,958,1.0,0.40173353484400404]
[86546,16809,1.0,0.4042939756055588]
[86546,54551,1.0,0.4117514969700665]
[86546,20359,1.0,0.6022056103609055]
[10886,10877,1.0,0.9945658731879131]
[10886,10883,1.0,0.9825815604292913]
[10886,10880,1.0,0.9510953155613234]
[112335,112329,1.0,0.6118609444599532]
[112338,112335,1.0,0.47253113795367924]
[112338,112329,1.0,0.9655456030037319]
[112341,112335,1.0,0.6825174561029127]
[112341,112329,1.0,0.9927742648919292]
[112341,112338,1.0,0.9637550205217716]
[112341,112332,1.0,0.7467253631347045]
[111967,72311,1.0,0.49608623361389903]
[111970,111967,1.0,0.9257218648713954]
[111970,72311,1.0,0.6414914960215086]
[72311,35755,1.0,0.45805338347838304]
[94927,93970,1.0,0.5455704727662424]
[94927,94924,1.0,0.9916975038550923]
[94927,90569,1.0,0.42982499387234935]
[97996,58128,1.0,0.4406542085932244]
[94930,93970,1.0,0.5143736534157946]
[94930,94927,1.0,0.9528369315828565]
[94930,94924,1.0,0.9563626417063382]
[94930,90569,1.0,0.48655214577480643]
[58128,42570,1.0,0.491989617474402]
[94924,93970,1.0,0.5455704727662424]
[94924,90569,1.0,0.42982499387234935]
[89970,58128,1.0,0.6725855115091974]
[107977,89970,1.0,0.5021738571140782]
[93973,93970,1.0,0.9905431957040067]
[19428,19425,1.0,0.9798092207001972]
[53072,53069,1.0,0.504030979724895]
[91170,91167,1.0,0.6359725539344439]
[91170,91161,1.0,0.8288902164183618]
[91170,91158,1.0,0.9640938595092067]
[91167,91161,1.0,0.43305868154250177]
[91167,91158,1.0,0.8042373488015364]
[117439,87489,1.0,0.5310690658185828]
[91161,91158,1.0,0.9640266310318789]
[103885,34643,1.0,0.4363865064101331]
[130749,34643,1.0,0.5726532137504435]
[114699,34643,1.0,0.6346892639272009]
[35968,34643,1.0,0.4253230959568893]
[85842,34643,1.0,0.4570023630699422]
[43200,34643,1.0,0.4121204510507739]
[56885,31477,1.0,0.5536553001324057]
[56885,34643,1.0,0.4840863372655999]
[34643,21309,1.0,0.4171081859181597]
[34643,31477,1.0,0.7663700593455175]
[34643,10343,1.0,0.5729425729604732]
[34643,19978,1.0,0.49955023005870136]
[34643,34595,1.0,0.42027985959108033]
[34643,17185,1.0,0.5715003591852388]
[87746,34643,1.0,0.5297903895645616]
[98728,29462,1.0,0.5263220033872222]
[98728,34643,1.0,0.40336012043242453]
[46783,46777,1.0,0.9591292701647975]
[70052,6302,1.0,0.4776098353099765]
[132346,70052,1.0,0.5044054348034266]
[132346,125464,1.0,0.5712588344630506]
[52849,13215,1.0,0.4233302999079955]
[13215,10897,1.0,0.8009467169909487]
[18722,13215,1.0,0.5490202154710025]
[93440,10897,1.0,0.4368148500961047]
[22457,10897,1.0,0.5487141496189484]
[15693,15690,1.0,0.9885405572494155]
[87214,58778,1.0,0.47567557634179847]
[123252,123249,1.0,0.9952227536000962]
[123255,123252,1.0,0.9419487875786192]
[123255,123249,1.0,0.9419487875786192]
[58778,11692,1.0,0.40752784301752576]
[58778,41834,1.0,0.41326519985833426]
[83319,58778,1.0,0.6296553528450194]
[15699,15690,1.0,0.5595581567795532]
[15699,15696,1.0,0.9282236086994816]
[63611,63608,1.0,0.9952227536000962]
[81532,63614,1.0,0.41344736893253686]
[63617,63608,1.0,0.9952227536000962]
[63617,63611,1.0,0.9952227536000962]
[63617,14262,1.0,0.520066455553872]
[63617,13981,1.0,0.4290715099335705]
[63617,63614,1.0,0.994754850866769]
[85477,53948,1.0,0.4069615296868036]
[85477,84532,1.0,0.4413979277067182]
[121974,85477,1.0,0.41624491407863246]
[103770,15696,1.0,0.4046321251913585]
[123261,123252,1.0,0.9670271945795079]
[123261,123255,1.0,0.9542831493048647]
[123261,123249,1.0,0.9670271945795079]
[127602,58778,1.0,0.42262438402156804]
[15696,15693,1.0,0.9906767923301261]
[15696,15690,1.0,0.9934197647450789]
[54778,54775,1.0,0.9770896130684834]
[54787,54775,1.0,0.9940396568789889]
[54787,54778,1.0,0.9723529273666414]
[63614,58778,1.0,0.48956929634497465]
[63614,63608,1.0,0.9883963632940879]
[63614,63611,1.0,0.9925500138987969]
[37474,37471,1.0,0.9852473946591458]
[37477,37474,1.0,0.9430773641131138]
[37477,37471,1.0,0.9739824249487354]
[91991,14119,1.0,0.4428590744466071]
[91991,50505,1.0,0.6009767043074575]
[24225,24222,1.0,0.9829859286376984]
[24225,24219,1.0,0.9946149626479851]
[91994,14119,1.0,0.4735551490560386]
[91994,91991,1.0,0.9555650155614983]
[91994,50505,1.0,0.4658312769498392]
[128283,91991,1.0,0.48614582243204024]
[128283,24225,1.0,0.44865613249037123]
[128283,91994,1.0,0.5173429645240013]
[128283,91997,1.0,0.6190200625562031]
[128283,24219,1.0,0.4531603121750455]
[91997,14119,1.0,0.4553897957608318]
[91997,91991,1.0,0.9919176851844203]
[91997,91994,1.0,0.953381180038657]
[91997,50505,1.0,0.6512277159692169]
[91997,33736,1.0,0.42562688873000604]
[50505,24222,1.0,0.4707038834345638]
[24222,24219,1.0,0.9911310198038946]
[33736,24225,1.0,0.45239890615437006]
[33736,24222,1.0,0.44257935057512066]
[33736,24219,1.0,0.44478326637433624]
[82345,82342,1.0,0.9868331949562728]
[65656,29280,1.0,0.46500214965775505]
[98031,98028,1.0,0.9944660782509854]
[63576,63573,1.0,0.9930065803469517]
[98034,98028,1.0,0.9926278674655746]
[98034,98031,1.0,0.9877847933111362]
[48045,48042,1.0,0.9952227536000962]
[48048,48045,1.0,0.9877812743869288]
[48048,48042,1.0,0.9877812743869288]
[32433,14510,1.0,0.5706775278704915]
[39369,39366,1.0,0.9818497963517954]
[19811,19808,1.0,0.9912658248459336]
[123838,32850,1.0,0.5991219119081226]
[31666,31663,1.0,0.9781819001925031]
[31669,31663,1.0,0.9937601237018558]
[31669,31666,1.0,0.9740803370477965]
[39704,39698,1.0,0.9877726362494229]
[39704,39701,1.0,0.8072605355759321]
[39704,39695,1.0,0.9952227536000962]
[26664,26661,1.0,0.9946149626479851]
[47662,17614,1.0,0.5385123857537459]
[47662,39704,1.0,0.4088829713589077]
[47662,45343,1.0,0.4026445945074954]
[39698,39695,1.0,0.9877726362494229]
[39701,39698,1.0,0.7320545516852223]
[39701,39695,1.0,0.8072605355759321]
[26667,26664,1.0,0.99001061858985]
[26667,26661,1.0,0.9931773251654166]
[26670,26664,1.0,0.9840143782762479]
[26670,26661,1.0,0.9899633921734969]
[26670,26667,1.0,0.9859911348860224]
[69727,69721,1.0,0.9922444720626648]
[69730,69727,1.0,0.9922444720626648]
[69730,69721,1.0,0.9952227536000962]
[98530,98527,1.0,0.9932931739909694]
[70885,70882,1.0,0.9850429913076351]
[98539,98530,1.0,0.9718784998906463]
[98539,98527,1.0,0.9790852971771963]
[98539,98533,1.0,0.9790852971771963]
[98539,98536,1.0,0.9779437216793617]
[98533,98530,1.0,0.9932931739909694]
[98533,98527,1.0,0.9952227536000962]
[98536,98530,1.0,0.9915318934835639]
[98536,98527,1.0,0.9939282819091166]
[98536,98533,1.0,0.9939282819091166]
[22462,4992,1.0,0.4331329866368274]
[5666,5660,1.0,0.9108604787306434]
[5666,5663,1.0,0.8773958004277848]
[5663,5660,1.0,0.9866630400123235]
[25353,25350,1.0,0.9829019708910339]
[39,33,1.0,0.9705360645102342]
[39,36,1.0,0.9391169646940649]
[94064,94061,1.0,0.9061113459891017]
[48,39,1.0,0.956702210605776]
[48,33,1.0,0.9923092303264553]
[48,42,1.0,0.9923092303264553]
[48,45,1.0,0.9833094068439393]
[48,36,1.0,0.9634073087972276]
[118186,94067,1.0,0.5207841976383035]
[94067,94061,1.0,0.9854316400273482]
[94067,39,1.0,0.5657237518925881]
[94067,94064,1.0,0.9809754541892052]
[94067,48,1.0,0.5525558115187744]
[94067,13814,1.0,0.5579242556220826]
[94067,33,1.0,0.6068544418336668]
[94067,42,1.0,0.6068544418336668]
[94067,45,1.0,0.5398520271718764]
[94067,36,1.0,0.5507084242211561]
[42,39,1.0,0.9705360645102342]
[42,33,1.0,0.9952227536000962]
[42,36,1.0,0.9754551238434244]
[45,39,1.0,0.9422777868526161]
[45,33,1.0,0.9892819917996648]
[45,42,1.0,0.9892819917996648]
[45,36,1.0,0.9511232507452141]
[36,33,1.0,0.9855376606941398]
[116298,116286,1.0,0.9946320535353897]
[116298,116292,1.0,0.9341450452020359]
[116292,116286,1.0,0.9463194216456262]
[108339,108336,1.0,0.9906652439071119]
[108342,108339,1.0,0.9791856455968067]
[108342,108336,1.0,0.9887243800027833]
[67700,48236,1.0,0.5681459259646052]
[66791,48236,1.0,0.4037403329024085]
[67460,48236,1.0,0.5671206065881814]
[48236,15094,1.0,0.42724958289594756]
[48236,21912,1.0,0.5626864426055747]
[48236,26509,1.0,0.4141709494074064]
[48236,36354,1.0,0.48400866906466167]
[48236,22755,1.0,0.5912018814202425]
[48236,48230,1.0,0.9873872968037148]
[48236,48227,1.0,0.9952227536000962]
[48236,36357,1.0,0.4765542163636622]
[48236,37253,1.0,0.4201861017525342]
[48236,36360,1.0,0.48400866906466167]
[107817,48236,1.0,0.44378964316888325]
[76471,48236,1.0,0.48707657277047656]
[99274,48236,1.0,0.5509092740609729]
[48230,48227,1.0,0.9873872968037148]
[128256,48236,1.0,0.4469376277762553]
[128256,69226,1.0,0.4078029768391504]
[36357,36354,1.0,0.933217241790413]
[97291,48236,1.0,0.7096653066056161]
[69226,48236,1.0,0.7594654184125246]
[69226,22755,1.0,0.6093814131559797]
[69226,48230,1.0,0.4252473526918792]
[69226,48227,1.0,0.4259529550994712]
[132843,48236,1.0,0.4779305789496022]
[36360,36354,1.0,0.9952227536000962]
[36360,36357,1.0,0.9163727070458008]
[55546,55543,1.0,0.9946572280446236]
[106944,106941,1.0,0.9839272025345613]
[133074,133065,1.0,0.9870908638023206]
[133074,133068,1.0,0.6987950697495432]
[133068,133065,1.0,0.7163659052842816]
[4271,4268,1.0,0.9890424628076515]
[88785,88782,1.0,0.9913719155278211]
[94476,288,1.0,0.48318926015445723]
[106029,106026,1.0,0.9850395036007892]
[89721,26448,1.0,0.6059670058376871]
[30450,30441,1.0,0.9791755023375288]
[30450,30447,1.0,0.8314254828403703]
[30941,30935,1.0,0.9435757433873435]
[30941,30938,1.0,0.9246868093171371]
[42623,42617,1.0,0.9786900446295891]
[42623,42614,1.0,0.984850314965595]
[30938,30935,1.0,0.9851162002435945]
[30938,8579,1.0,0.458591563757487]
[30938,8582,1.0,0.4557350668908701]
[8582,8579,1.0,0.9907505646560966]
[42617,42614,1.0,0.9927904021198166]
[106035,106029,1.0,0.9526242184383018]
[106035,106026,1.0,0.9602202559332828]
[106035,106032,1.0,0.9529541929859897]
[110410,110407,1.0,0.9914218932439751]
[110410,110404,1.0,0.9952227536000962]
[104428,89721,1.0,0.5568737290234821]
[89938,30938,1.0,0.4980625993684439]
[110407,110404,1.0,0.9914218932439751]
[106032,106029,1.0,0.9819528296605634]
[106032,106026,1.0,0.9940141113486761]
[14723,14717,1.0,0.9682165412783615]
[14723,14720,1.0,0.9543853731017305]
[14720,14717,1.0,0.9922797158258015]
[38069,38066,1.0,0.9884976622176969]
[38072,38069,1.0,0.9884976622176969]
[38072,38066,1.0,0.9938647243311929]
[60099,60096,1.0,0.9950198389614197]
[60102,60099,1.0,0.7633775315152634]
[60102,60096,1.0,0.7681858046236549]
[68804,68801,1.0,0.9952227536000962]
[74716,12180,1.0,0.4938294772756946]
[74716,74713,1.0,0.9914729588753374]
[70343,60102,1.0,0.4270920797864246]
[74713,12180,1.0,0.4977197405507854]
[70753,68804,1.0,0.4069266636298004]
[132963,132960,1.0,0.9883208841593648]
[84090,84087,1.0,0.9849714310251283]
[84096,84087,1.0,0.9343031401009874]
[84096,84090,1.0,0.9004183860434889]
[12743,12740,1.0,0.9952227536000962]
[28974,28971,1.0,0.9874882310208049]
[90124,90121,1.0,0.9687800556203281]
[90124,90118,1.0,0.9687800556203281]
[45221,45215,1.0,0.5153459379519779]
[45221,45218,1.0,0.832228735503341]
[90121,90118,1.0,0.9952227536000962]
[1000,997,1.0,0.9933550320030448]
[130647,130644,1.0,0.5171324260569241]
[130647,130638,1.0,0.9878393805203066]
[130647,130641,1.0,0.981660162850003]
[45218,45215,1.0,0.7271621515913751]
[130644,130638,1.0,0.661119724947099]
[130644,130641,1.0,0.43479774249096925]
[92897,92891,1.0,0.9901918127542898]
[92897,92894,1.0,0.9857091372508903]
[97027,97024,1.0,0.9938647243311929]
[92900,92897,1.0,0.9901918127542898]
[92900,92891,1.0,0.9952227536000962]
[92900,92894,1.0,0.9952227536000962]
[130641,130638,1.0,0.9796957237528636]
[28980,28974,1.0,0.9811186128920623]
[28980,28971,1.0,0.9926278674655746]
[106464,106461,1.0,0.9892819917996648]
[92894,92891,1.0,0.9929318100825512]
[97030,97027,1.0,0.990114137602839]
[97030,97024,1.0,0.9937807051809457]
[55380,55377,1.0,0.9901051240194738]
[43799,43790,1.0,0.968177651180848]
[43799,43796,1.0,0.9651922402991855]
[43799,43793,1.0,0.9418978634562445]
[119154,10125,1.0,0.5346852615017937]
[43796,43790,1.0,0.9913719155278211]
[43796,43793,1.0,0.9853869396047864]
[43793,43790,1.0,0.980980602093168]
[55383,55380,1.0,0.9837841643655931]
[55383,55377,1.0,0.9931905064527496]
[29368,10125,1.0,0.5375299790640018]
[86616,86613,1.0,0.9952227536000962]
[24555,24552,1.0,0.9942575627318049]
[86622,86613,1.0,0.932850445005624]
[86622,86616,1.0,0.932850445005624]
[29184,24555,1.0,0.4195603392273823]
[43293,5682,1.0,0.5093059392469196]
[5682,5679,1.0,0.9921184675224828]
[5685,5682,1.0,0.9572863125595685]
[5685,5679,1.0,0.5722676214218708]
[47263,47251,1.0,0.9891322353778603]
[47263,47254,1.0,0.9749512631214517]
[47263,47260,1.0,0.9691147032091344]
[47263,47257,1.0,0.9757250922578933]
[127069,127066,1.0,0.9782698955134209]
[62867,22203,1.0,0.47272512746108875]
[62867,16598,1.0,0.5192431995125885]
[127078,127069,1.0,0.9422595366980993]
[127078,127066,1.0,0.9757048117687496]
[127078,127072,1.0,0.9498127033965487]
[127078,127075,1.0,0.9742404160635699]
[47254,47251,1.0,0.9854241256416766]
[127081,127069,1.0,0.9396317130394574]
[127081,127078,1.0,0.9724836000230479]
[127081,127066,1.0,0.9792766455537438]
[127081,127072,1.0,0.8238182621715434]
[127081,127075,1.0,0.96172929906196]
[127072,127069,1.0,0.9217734891732103]
[127072,127066,1.0,0.9732142752955394]
[47260,47251,1.0,0.98989195435493]
[47260,47254,1.0,0.9716755286455475]
[47260,47257,1.0,0.9734108316853404]
[80497,80494,1.0,0.9870292138336089]
[127075,127069,1.0,0.9599457408123574]
[127075,127066,1.0,0.9838459090852748]
[127075,127072,1.0,0.9570179109852891]
[47257,47251,1.0,0.9849041182551149]
[47257,47254,1.0,0.9638398649407455]
[78109,9870,1.0,0.43233977622146463]
[83519,9870,1.0,0.4775756229500264]
[32680,32674,1.0,0.9900850340350941]
[32680,32677,1.0,0.6476451311467019]
[76249,76234,1.0,0.9859369605433117]
[32677,32674,1.0,0.6313686816099264]
[81193,81190,1.0,0.9952227536000962]
[62552,62549,1.0,0.9562437994588892]
[62555,62549,1.0,0.9929202876600753]
[62555,62552,1.0,0.9396585430886354]
[111727,62549,1.0,0.40131176848199784]
[111727,62552,1.0,0.44289010273569196]
[74080,69439,1.0,0.4093539129936708]
[75019,69439,1.0,0.5582964375068662]
[75323,69439,1.0,0.6784703179524455]
[77522,69439,1.0,0.8199708939752929]
[77522,69433,1.0,0.4938216748302202]
[77522,32162,1.0,0.4415198737561887]
[77522,69442,1.0,0.6033604038418148]
[46430,45349,1.0,0.4425371035173291]
[46430,46427,1.0,0.9745854758531162]
[88324,69439,1.0,0.4424132083780398]
[46433,46430,1.0,0.9171644585962263]
[46433,46427,1.0,0.979164680011348]
[99939,69439,1.0,0.5058804799896326]
[69778,69439,1.0,0.48778615744644016]
[94094,69439,1.0,0.43198494533509924]
[70031,69439,1.0,0.4673238846364935]
[70031,69442,1.0,0.42005136154462974]
[69439,5335,1.0,0.48695254721810016]
[69439,51893,1.0,0.42224851087549653]
[69439,2894,1.0,0.49595460208384295]
[69439,10,1.0,0.46780828238232997]
[69439,19476,1.0,0.439922889132953]
[69439,53105,1.0,0.42375998269829224]
[69439,59318,1.0,0.48926745059342736]
[69439,63996,1.0,0.4188885604151447]
[69439,54017,1.0,0.5460029482393897]
[69439,58199,1.0,0.43146363529342385]
[69439,69433,1.0,0.9905496488699075]
[69439,29491,1.0,0.5858477526721823]
[69439,54694,1.0,0.4835190497668519]
[69439,67857,1.0,0.41181664520832656]
[69439,2740,1.0,0.481798080767784]
[69439,42980,1.0,0.4031784507954216]
[69439,49125,1.0,0.41864429460965435]
[69439,28450,1.0,0.443028917963143]
[69439,29456,1.0,0.4575814577442479]
[69439,714,1.0,0.4014334810287091]
[69439,14124,1.0,0.487967243713135]
[69439,54697,1.0,0.49492873921276315]
[69439,13476,1.0,0.5257477120260904]
[69439,33904,1.0,0.5100228105315934]
[69439,42500,1.0,0.6386899553103744]
[69439,57375,1.0,0.41462605391500773]
[69439,103,1.0,0.49679685475457175]
[69439,30687,1.0,0.7534318693461154]
[69439,49344,1.0,0.4252592281872495]
[69439,54691,1.0,0.4835190497668519]
[69439,60934,1.0,0.680752021854083]
[69439,48209,1.0,0.44957958315404767]
[91653,69439,1.0,0.4122748724593982]
[96822,69439,1.0,0.5430933733714232]
[45349,19476,1.0,0.44516089710818957]
[45349,29456,1.0,0.6312768755399799]
[69433,2894,1.0,0.5054974153617646]
[69433,30687,1.0,0.4177874713445087]
[32159,32153,1.0,0.9939287085123063]
[32159,32156,1.0,0.9909249982298294]
[111528,2894,1.0,0.4526027657943106]
[111528,69439,1.0,0.5381135994094843]
[114289,69439,1.0,0.41459387829025796]
[107485,69439,1.0,0.5284376783002602]
[54694,54691,1.0,0.879610295775647]
[70034,70031,1.0,0.975838146720118]
[70034,69439,1.0,0.4740291958536338]
[70034,69442,1.0,0.42005136154462974]
[42980,42977,1.0,0.9945666968085141]
[70040,70031,1.0,0.9952227536000962]
[70040,69439,1.0,0.4673238846364935]
[70040,70034,1.0,0.9923312024990502]
[70040,70037,1.0,0.9952227536000962]
[70040,69442,1.0,0.42005136154462974]
[49125,2894,1.0,0.4270923559751874]
[49125,14124,1.0,0.40099001027402453]
[123294,123291,1.0,0.9952227536000962]
[83007,2894,1.0,0.5509407296783535]
[83007,69439,1.0,0.5459123920258511]
[97057,69439,1.0,0.5488218154044198]
[79675,69439,1.0,0.5373790009217317]
[32162,2894,1.0,0.4402515889515698]
[32162,32159,1.0,0.9662093720878704]
[32162,32153,1.0,0.9723698056811592]
[32162,32156,1.0,0.9568832647772837]
[32156,32153,1.0,0.9927904021198166]
[98193,69439,1.0,0.4042480624498601]
[54697,54694,1.0,0.662592243168941]
[54697,54691,1.0,0.9657834855528507]
[102046,69439,1.0,0.5243892330828249]
[80021,80018,1.0,0.9431455515328682]
[80021,80015,1.0,0.9901079467670516]
[70037,2894,1.0,0.44185420538724157]
[70037,70031,1.0,0.9952227536000962]
[70037,69439,1.0,0.4673238846364935]
[70037,70034,1.0,0.9944393446098015]
[70037,69442,1.0,0.42005136154462974]
[45493,45490,1.0,0.9952227536000962]
[42500,2894,1.0,0.4560767085489718]
[42500,32156,1.0,0.48872752425781535]
[131320,69439,1.0,0.4055454780585902]
[80018,80015,1.0,0.9726237433242519]
[60934,49125,1.0,0.4365576810493804]
[69442,5335,1.0,0.5028302953622965]
[69442,51893,1.0,0.4067564202325038]
[69442,2894,1.0,0.6799185238831671]
[69442,54017,1.0,0.47637163049883774]
[69442,69439,1.0,0.9952227536000962]
[69442,69433,1.0,0.9952227536000962]
[69442,32156,1.0,0.5860440045678851]
[69442,30687,1.0,0.6253668436489223]
[6735,6732,1.0,0.9811049374778323]
[6735,6729,1.0,0.9945008681744109]
[36975,22337,1.0,0.4202179166293231]
[6738,6735,1.0,0.988495834187316]
[6738,6732,1.0,0.9899074872227256]
[6738,6729,1.0,0.9899074872227256]
[6413,6410,1.0,0.9927904021198166]
[6732,6729,1.0,0.9922323843947127]
[66219,66216,1.0,0.981659156018156]
[117187,117184,1.0,0.977654719923328]
[125460,125454,1.0,0.9567130713339097]
[92623,4428,1.0,0.41158949183301335]
[92623,57403,1.0,0.6171067559816837]
[92623,9512,1.0,0.4748429276536772]
[35469,4428,1.0,0.6420000825546769]
[57403,35469,1.0,0.4542970645586478]
[104709,104706,1.0,0.9370874724279168]
[1272,1266,1.0,0.9935127238216559]
[10641,10635,1.0,0.994754850866769]
[10539,7758,1.0,0.5115357261004091]
