[67037,55212,1.0,0.40424524130326167]
[107379,55212,1.0,0.4404749066314562]
[109200,109197,1.0,0.9873771869278113]
[75710,75701,1.0,0.9918484705620987]
[75710,75707,1.0,0.987730481272573]
[75707,75701,1.0,0.9927904021198166]
[2786,2783,1.0,0.9051143422568881]
[84703,84700,1.0,0.9927742648919292]
[106978,106975,1.0,0.9952227536000962]
[101649,101646,1.0,0.9952227536000962]
[11818,11815,1.0,0.9933607062578763]
[19645,19639,1.0,0.6746443883734875]
[19645,19642,1.0,0.8686201549498564]
[111447,24912,1.0,0.5237810548967566]
[14248,14239,1.0,0.9933414088701524]
[14248,14245,1.0,0.990232161074612]
[89537,89534,1.0,0.40933149135400565]
[130062,69142,1.0,0.41012069511920796]
[98940,98934,1.0,0.9401282655755797]
[14245,14239,1.0,0.9755329335012806]
[11821,11818,1.0,0.9552334593891662]
[11821,11815,1.0,0.9647989762530081]
[126205,105442,1.0,0.4609154377661624]
[126205,23159,1.0,0.4205178889859352]
[19642,19639,1.0,0.993318996418406]
[11824,11818,1.0,0.9595593712007514]
[11824,11821,1.0,0.9696368617554144]
[11824,11815,1.0,0.9645695407927828]
[19651,19645,1.0,0.6041847516280747]
[19651,19639,1.0,0.9893471115588353]
[19651,19642,1.0,0.965501744702757]
[40356,40353,1.0,0.9930641667401623]
[40359,40356,1.0,0.9562558385361588]
[40359,40353,1.0,0.9570745147386123]
[121260,64698,1.0,0.653558658828733]
[39114,39111,1.0,0.9881761805738833]
[23887,23884,1.0,0.6952773873021044]
[23890,23887,1.0,0.6279041164787176]
[23890,23884,1.0,0.9919887448958156]
[23893,23890,1.0,0.875503065551845]
[23893,23884,1.0,0.9159160327040272]
[23896,23887,1.0,0.9571854496466742]
[23896,23890,1.0,0.9919887448958156]
[23896,23884,1.0,0.9952227536000962]
[23896,23893,1.0,0.943474336244273]
[33885,33882,1.0,0.9848320522821699]
[33888,33885,1.0,0.9482924531156798]
[33888,33882,1.0,0.9769005784659793]
[104184,104178,1.0,0.9882206875017042]
[104184,104181,1.0,0.971779097312348]
[94443,94437,1.0,0.9905564682541387]
[94443,94440,1.0,0.9717488507870681]
[104181,104178,1.0,0.9921082928753591]
[94440,94437,1.0,0.9940587373434345]
[3412,3409,1.0,0.952527741474347]
[3412,3406,1.0,0.9114187596480902]
[3409,3406,1.0,0.9820169751510346]
[29565,29562,1.0,0.9787273016809032]
[29565,24670,1.0,0.46760912354030815]
[29562,24670,1.0,0.410307311307155]
[85143,85137,1.0,0.9691013821850161]
[85143,85140,1.0,0.9689302440523896]
[55013,55010,1.0,0.9919031889112758]
[119722,119719,1.0,0.8285572933955657]
[55010,4927,1.0,0.7459005920823905]
[85140,85137,1.0,0.9911457621988602]
[66771,33944,1.0,0.48676346481221916]
[85146,85143,1.0,0.9388074665882524]
[85146,85137,1.0,0.9891700284774299]
[85146,85140,1.0,0.9807142417101973]
[132789,132780,1.0,0.9940729681818329]
[48621,48618,1.0,0.6826241281297547]
[48624,48621,1.0,0.6629499425992856]
[48624,48618,1.0,0.9944146865468116]
[40281,13910,1.0,0.4080907940774857]
[99193,13910,1.0,0.7132851846633705]
[27129,13910,1.0,0.7107259043459008]
[119757,8519,1.0,0.47278347675817495]
[8519,8516,1.0,0.9952227536000962]
[53477,53471,1.0,0.972838857325248]
[53477,53474,1.0,0.972838857325248]
[42204,8519,1.0,0.5012759984112407]
[53474,53471,1.0,0.9952227536000962]
[73538,15786,1.0,0.5162454388155148]
[37697,8519,1.0,0.47737005351095385]
[124392,16731,1.0,0.4696396685719729]
[124392,116446,1.0,0.4064476863350061]
[124392,61919,1.0,0.5209025702697591]
[124392,63236,1.0,0.45614118305731055]
[124392,106263,1.0,0.4995327507635044]
[124392,106257,1.0,0.4995327507635044]
[124392,115039,1.0,0.4380564909857681]
[124392,106260,1.0,0.4995327507635044]
[124392,67073,1.0,0.4343524030715372]
[45325,45322,1.0,0.9558856706926775]
[106263,94143,1.0,0.5423254206134214]
[106263,106257,1.0,0.9833514052893394]
[106263,106260,1.0,0.9833514052893394]
[106257,94143,1.0,0.4935846904926471]
[20656,20653,1.0,0.9952227536000962]
[106260,94143,1.0,0.4935846904926471]
[106260,106257,1.0,0.9952227536000962]
[19993,19990,1.0,0.8775655736081883]
[91041,91038,1.0,0.9952227536000962]
[91044,91041,1.0,0.9941331399080218]
[91044,91038,1.0,0.9941331399080218]
[13182,13179,1.0,0.7779986545636379]
[13182,13173,1.0,0.8324226967852183]
[13182,13176,1.0,0.5798267011142433]
[13179,13173,1.0,0.9925229512934376]
[13179,13176,1.0,0.9622605297280421]
[91050,91041,1.0,0.9678931473294259]
[91050,91044,1.0,0.9625585574266504]
[91050,91047,1.0,0.9472747917842089]
[91050,91038,1.0,0.9678931473294259]
[13176,13173,1.0,0.9743117491951592]
[91047,91041,1.0,0.9879813265937699]
[91047,91044,1.0,0.9860140800488629]
[91047,91038,1.0,0.9879813265937699]
[49046,36934,1.0,0.5133562927592159]
[27486,27483,1.0,0.9952227536000962]
[70844,70838,1.0,0.8513539053120462]
[46307,46304,1.0,0.9549104384759173]
[76355,76346,1.0,0.837581787510924]
[76355,76352,1.0,0.5890371893719867]
[27492,27486,1.0,0.9916975038550923]
[27492,27489,1.0,0.9916975038550923]
[27492,27483,1.0,0.9916975038550923]
[27489,27486,1.0,0.9952227536000962]
[27489,27483,1.0,0.9952227536000962]
[76352,76346,1.0,0.9892788366711164]
[27310,27304,1.0,0.9860263292207522]
[27310,27301,1.0,0.9887759158779663]
[27310,27307,1.0,0.9260056337864204]
[27310,27298,1.0,0.9827782389309067]
[27310,27295,1.0,0.9908718811433119]
[27304,27301,1.0,0.987775831205917]
[27304,27298,1.0,0.9814959281340072]
[27304,27295,1.0,0.990066834326729]
[63440,61747,1.0,0.45020703950779195]
[27301,27298,1.0,0.9651955598619221]
[27301,27295,1.0,0.9803337879987972]
[27307,27304,1.0,0.9185697107449209]
[27307,27301,1.0,0.9460600094068172]
[27307,27298,1.0,0.9265263948247326]
[27307,27295,1.0,0.9551497443188914]
[74543,63440,1.0,0.4220815306311771]
[126744,95002,1.0,0.4067962290686059]
[126744,95005,1.0,0.5432137885226235]
[95014,95002,1.0,0.9813118477666043]
[95014,95005,1.0,0.9813118477666043]
[95014,95008,1.0,0.9543881600785885]
[27298,27295,1.0,0.9905564682541387]
[95005,95002,1.0,0.9952227536000962]
[95008,95002,1.0,0.9867319022898496]
[95008,95005,1.0,0.9867319022898496]
[38595,14652,1.0,0.4343374469905226]
[85492,14652,1.0,0.59007559766471]
[46840,14652,1.0,0.4906958022945679]
[119437,14652,1.0,0.5493333579552658]
[57097,14652,1.0,0.5073721144076991]
[18869,14652,1.0,0.6106715826662782]
[86488,14652,1.0,0.508555522761353]
[71601,14652,1.0,0.6100264605688238]
[125079,14652,1.0,0.5852079853263304]
[61936,14652,1.0,0.5871153271507459]
[81936,81933,1.0,0.9936220614614262]
[45718,14652,1.0,0.4182256493712294]
[111774,14652,1.0,0.43656997776643336]
[108601,14652,1.0,0.4416550809204561]
[61527,14652,1.0,0.46101243785225476]
[38394,14652,1.0,0.48863534616549137]
[91088,14652,1.0,0.45809645582444664]
[14652,14649,1.0,0.9743117491951592]
[14652,524,1.0,0.42125426851653963]
[108792,14652,1.0,0.4237350111021174]
[7882,7879,1.0,0.9875478803503387]
[102751,18869,1.0,0.45273681379076014]
[102751,14652,1.0,0.4571324293962926]
[88348,14652,1.0,0.501204282178813]
[38362,14652,1.0,0.5570175325323248]
[40878,27664,1.0,0.4106864677277966]
[55014,14652,1.0,0.4578994660926554]
[9646,9643,1.0,0.9836203010144556]
[7729,7726,1.0,0.9535244043308323]
[124633,25544,1.0,0.5843431566519119]
[75556,75553,1.0,0.9907453314477414]
[54126,10593,1.0,0.46462177091313855]
[20065,10593,1.0,0.422366684139772]
[75559,75556,1.0,0.979679890159885]
[75559,75553,1.0,0.9890424628076515]
[11064,11058,1.0,0.9913277841014484]
[11064,11061,1.0,0.8621806505392666]
[75568,75556,1.0,0.9678809371580349]
[75568,75559,1.0,0.9633519559969547]
[75568,75553,1.0,0.9823328437831254]
[75568,75565,1.0,0.9717815495213931]
[75568,75562,1.0,0.9677870614895826]
[90731,90728,1.0,0.9922647597440051]
[75565,75556,1.0,0.9846501531734819]
[75565,75559,1.0,0.9891595518585963]
[75565,75553,1.0,0.9918161212401063]
[75565,75562,1.0,0.9752851606825145]
[11061,11058,1.0,0.8953482751299595]
[75562,75556,1.0,0.9735405734431473]
[75562,75559,1.0,0.9735405734431473]
[75562,75553,1.0,0.9735405734431473]
[84863,84860,1.0,0.9949181171750051]
[71051,71048,1.0,0.981238952857669]
[127536,127530,1.0,0.9797672950910998]
[68950,68944,1.0,0.9919340271604177]
[68950,68947,1.0,0.8770968695333137]
[127539,127536,1.0,0.9906600687411116]
[127539,127530,1.0,0.9938647243311929]
[68947,68944,1.0,0.9282830295745279]
[23230,23221,1.0,0.9906496921752764]
[23230,23224,1.0,0.9821842818988058]
[23224,23221,1.0,0.9852579519976581]
[56319,56316,1.0,0.9932931739909694]
[46132,46129,1.0,0.9949785116292866]
[80202,80199,1.0,0.9326742753563413]
[56322,56319,1.0,0.9908884394746096]
[56322,56316,1.0,0.9934567839627333]
[46135,46132,1.0,0.9949785116292866]
[46135,46129,1.0,0.9952227536000962]
[46138,46132,1.0,0.9792369652912316]
[46138,46129,1.0,0.9777462807423533]
[46138,46135,1.0,0.9777462807423533]
[45082,45079,1.0,0.9952227536000962]
[45082,45076,1.0,0.9846521882698381]
[113085,113082,1.0,0.9929219728605733]
[71924,23870,1.0,0.5708506341224358]
[71924,1611,1.0,0.5765561756458536]
[85595,85592,1.0,0.9899391153869118]
[45079,45076,1.0,0.9846521882698381]
[92098,92092,1.0,0.9935453083463451]
[113088,113082,1.0,0.9925468645354409]
[113088,113085,1.0,0.9891118640093641]
[113088,61854,1.0,0.45151600004006576]
[88363,88357,1.0,0.903350028097785]
[106888,106885,1.0,0.9914756223331858]
[8375,8372,1.0,0.9927742648919292]
[22127,22124,1.0,0.9952227536000962]
[22130,22124,1.0,0.9917114046783264]
[22130,22127,1.0,0.9917114046783264]
[22133,22124,1.0,0.9952227536000962]
[22133,22127,1.0,0.9952227536000962]
[22133,22130,1.0,0.9917114046783264]
[1604,1598,1.0,0.9893327550964207]
[64709,64706,1.0,0.9265969979147158]
[1607,1604,1.0,0.7622534898096691]
[1607,1598,1.0,0.7936262439710661]
[64712,64709,1.0,0.906638391733606]
[64712,64706,1.0,0.9894933175152623]
[64715,64712,1.0,0.7381560325960369]
[64715,64706,1.0,0.7172638021918538]
[64721,64709,1.0,0.9308556366441109]
[64721,64712,1.0,0.9839799398816398]
[64721,64715,1.0,0.7115194068361026]
[64721,64706,1.0,0.9926617468877375]
[64721,64718,1.0,0.6646943520260512]
[64718,64712,1.0,0.7381560325960369]
[64718,64715,1.0,0.9895707056247579]
[64718,64706,1.0,0.7042001397128763]
[127564,127561,1.0,0.9901918127542898]
[116007,84659,1.0,0.4880074893652937]
[90952,14153,1.0,0.43079340213727857]
[90952,84659,1.0,0.4439967131241907]
[90952,58338,1.0,0.5161381867685415]
[90952,90949,1.0,0.9905564682541387]
[90952,29066,1.0,0.44615670554473935]
[14153,14150,1.0,0.9893434346801578]
[84659,60858,1.0,0.4749528387170946]
[84659,4933,1.0,0.45741285002922005]
[84659,64293,1.0,0.4040658027565175]
[84659,13230,1.0,0.443340662353515]
[84659,58338,1.0,0.568366897910866]
[84659,22357,1.0,0.4225925564780566]
[84659,33254,1.0,0.42387820451638003]
[84659,41292,1.0,0.4959715019953157]
[84659,41289,1.0,0.4959715019953157]
[84659,42770,1.0,0.40183763381700005]
[84659,51451,1.0,0.4204466937504361]
[84659,83847,1.0,0.5386038366589909]
[84659,49144,1.0,0.42580307126379185]
[84659,55474,1.0,0.48857327139787043]
[84659,51060,1.0,0.42163659842651624]
[84659,59015,1.0,0.46451567060368193]
[84659,13103,1.0,0.4756808867184516]
[84659,33251,1.0,0.42387820451638003]
[84659,19279,1.0,0.7234120980782348]
[84659,51066,1.0,0.42163659842651624]
[84659,34213,1.0,0.6648964725387608]
[84659,41295,1.0,0.4959715019953157]
[77486,77480,1.0,0.8881904984498127]
[90949,84659,1.0,0.40946251559340385]
[14159,14153,1.0,0.9884834520574964]
[14159,14156,1.0,0.992220131255067]
[14159,14150,1.0,0.9932607443923558]
[22357,14153,1.0,0.6148387489201249]
[89908,60858,1.0,0.6079136426959587]
[89908,14153,1.0,0.476985146497132]
[89908,89899,1.0,0.989600274614173]
[89908,89902,1.0,0.9908398736871439]
[33254,33251,1.0,0.9933607062578763]
[41292,41289,1.0,0.9938647243311929]
[116701,84659,1.0,0.5253412697148696]
[14156,14153,1.0,0.9845714834048851]
[14156,14150,1.0,0.9918426894149314]
[98769,84659,1.0,0.43736216948110235]
[51063,51060,1.0,0.9072139499833433]
[89497,84659,1.0,0.4017254550317527]
[33251,4933,1.0,0.4335833995576339]
[93633,14153,1.0,0.5200574494340853]
[89899,60858,1.0,0.5409930973834565]
[89899,14153,1.0,0.4752681820930215]
[51066,51063,1.0,0.7494132627095726]
[51066,51060,1.0,0.9832932900980849]
[118911,14153,1.0,0.4938293277913065]
[118911,84659,1.0,0.5858459885071544]
[118911,19279,1.0,0.44717684783551276]
[77489,77486,1.0,0.7707316808898732]
[77489,77480,1.0,0.9842879504501727]
[106335,84659,1.0,0.6740765392962708]
[89902,60858,1.0,0.5917635112126891]
[89902,14153,1.0,0.481911280130364]
[89902,89899,1.0,0.9837756837860722]
[41295,41292,1.0,0.9847808700448578]
[41295,41289,1.0,0.993172515220938]
[104085,104082,1.0,0.8973581936973655]
[104085,104079,1.0,0.9845401970092281]
[64197,64191,1.0,0.9887804494952177]
[64197,64185,1.0,0.9925468645354409]
[64197,64188,1.0,0.9925468645354409]
[74214,20755,1.0,0.5242162718566727]
[64191,64185,1.0,0.9875922773571948]
[64191,64188,1.0,0.9875922773571948]
[104082,104079,1.0,0.906692604131359]
[61375,61372,1.0,0.9747006236701511]
[61381,61375,1.0,0.9747006236701511]
[61381,61372,1.0,0.9952227536000962]
[64188,64185,1.0,0.9952227536000962]
[87202,87199,1.0,0.9850632544267993]
[71539,71530,1.0,0.9904604240013668]
[71539,71533,1.0,0.884192322177749]
[71539,71536,1.0,0.9904604240013668]
[87205,87202,1.0,0.8464405271509554]
[87205,87199,1.0,0.9231768331608092]
[71542,71539,1.0,0.7600013506041585]
[71542,71530,1.0,0.926071379165764]
[71542,71533,1.0,0.8978649971344052]
[71542,71536,1.0,0.926071379165764]
[124915,124909,1.0,0.9290305801979655]
[92392,1589,1.0,0.46223037847137005]
[71533,71530,1.0,0.9311780903081249]
[71536,71530,1.0,0.9952227536000962]
[71536,71533,1.0,0.9311780903081249]
[69230,69227,1.0,0.9952227536000962]
[69233,69227,1.0,0.9904104684988898]
[69233,69230,1.0,0.9904104684988898]
[49795,40397,1.0,0.44430575696633917]
[50915,50912,1.0,0.9946939993737459]
[50918,50915,1.0,0.8938441276974569]
[50918,50912,1.0,0.9017697645952941]
[109729,109726,1.0,0.9905564682541387]
[24766,9143,1.0,0.7856328687148969]
[123279,9143,1.0,0.49181567241855007]
[57066,17040,1.0,0.45917277581853944]
[26208,26205,1.0,0.9917038292066669]
[26208,9143,1.0,0.4390880337278264]
[85437,9143,1.0,0.4828889573897545]
[67081,67078,1.0,0.9891164748499857]
[67081,9143,1.0,0.42214614196738776]
[15813,14394,1.0,0.47407916874299955]
[24241,24238,1.0,0.9877225666195656]
[50655,50652,1.0,0.9490017422047937]
[50658,50655,1.0,0.9330719095803892]
[50658,50652,1.0,0.9900850340350941]
[67087,67081,1.0,0.9891164748499857]
[67087,67084,1.0,0.9809605034291208]
[67087,67078,1.0,0.9831374193776826]
[67084,67081,1.0,0.9887004014757809]
[67084,67078,1.0,0.9875216239785234]
[79005,9143,1.0,0.5741765185519235]
[69536,9143,1.0,0.40740466395870356]
[107799,37716,1.0,0.4204512567144605]
[30893,26208,1.0,0.4479604077722879]
[98548,85437,1.0,0.4039448263202374]
[15239,15230,1.0,0.983409862129531]
[15239,15233,1.0,0.9808688099040629]
[15233,15230,1.0,0.9929301123014322]
[125830,100222,1.0,0.43560910254591345]
[51256,40028,1.0,0.4113257500998934]
[27763,12063,1.0,0.41777302027904756]
[27763,27760,1.0,0.9838223201255668]
[27763,27757,1.0,0.9952227536000962]
[27763,27582,1.0,0.4439753169076447]
[27763,11079,1.0,0.6833189355560738]
[27763,8242,1.0,0.44518867548432]
[27763,15348,1.0,0.4364278734995801]
[85552,47065,1.0,0.46124606424005954]
[85552,6042,1.0,0.4638893723810748]
[85552,42640,1.0,0.4290204687598396]
[125313,27763,1.0,0.4923010622770403]
[125313,27760,1.0,0.47000105480757315]
[125313,27757,1.0,0.4923010622770403]
[65815,40028,1.0,0.5365702309174347]
[48633,27763,1.0,0.4654789030501616]
[48633,27760,1.0,0.40926612088597597]
[48633,27757,1.0,0.4654789030501616]
[48633,27582,1.0,0.4500700252631796]
[103587,40028,1.0,0.40166353534530963]
[98659,98656,1.0,0.9853246703867373]
[124872,82288,1.0,0.45012458432857894]
[51735,47065,1.0,0.4268575504590698]
[51735,6042,1.0,0.5060104497848187]
[51735,42640,1.0,0.4339719622548461]
[123150,100222,1.0,0.43857398791844654]
[9280,9274,1.0,0.9934197647450789]
[9280,9277,1.0,0.9284935743860804]
[12063,6042,1.0,0.6577257366366228]
[12063,8242,1.0,0.4557341892522813]
[50857,40028,1.0,0.41512730742776005]
[100222,55634,1.0,0.4050274659709391]
[100222,80837,1.0,0.4354913263577004]
[100222,79683,1.0,0.6058198897630434]
[100222,17861,1.0,0.4063181287974336]
[100222,29990,1.0,0.4569175320491891]
[124875,124872,1.0,0.9922407847208149]
[124875,82288,1.0,0.43202508699412034]
[82288,60604,1.0,0.5233764682600582]
[82288,27582,1.0,0.4673695007666969]
[103896,27760,1.0,0.4065219940257865]
[31956,27763,1.0,0.46186435032185336]
[31956,27757,1.0,0.46186435032185336]
[73212,40028,1.0,0.408725679248214]
[53226,6042,1.0,0.4573585071613809]
[60604,17861,1.0,0.5515550331228406]
[14762,14756,1.0,0.9822778125347954]
[14762,14759,1.0,0.9625888340948637]
[92660,51256,1.0,0.4388870371601822]
[106059,60604,1.0,0.569578403567489]
[96994,6042,1.0,0.46694952379684057]
[96994,27760,1.0,0.4178280316846607]
[47065,27763,1.0,0.6725810442071837]
[47065,12063,1.0,0.5753287896376706]
[47065,6042,1.0,0.7449008748227356]
[47065,27760,1.0,0.644102282167456]
[47065,27757,1.0,0.6725810442071837]
[47065,42548,1.0,0.42559317984753764]
[47065,27582,1.0,0.7100496367900914]
[47065,8242,1.0,0.43568940437569403]
[6042,1584,1.0,0.49173629939925]
[27760,27757,1.0,0.9838223201255668]
[27760,27582,1.0,0.4513938247207087]
[27760,11079,1.0,0.6950468986428561]
[27760,18361,1.0,0.41602714757801307]
[27760,8242,1.0,0.47892661377452567]
[27760,15348,1.0,0.4490073731092012]
[102963,6042,1.0,0.44817531880221795]
[102963,27582,1.0,0.5141701263010992]
[119980,100222,1.0,0.43053507197503227]
[31021,27763,1.0,0.45210915945778696]
[31021,27760,1.0,0.4162512705948294]
[31021,27757,1.0,0.45210915945778696]
[27757,12063,1.0,0.41777302027904756]
[27757,27582,1.0,0.4439753169076447]
[27757,11079,1.0,0.6833189355560738]
[27757,8242,1.0,0.44518867548432]
[27757,15348,1.0,0.4364278734995801]
[85572,6042,1.0,0.47259190418179126]
[85572,42640,1.0,0.4116412659065161]
[9277,6042,1.0,0.6820899799442299]
[9277,9274,1.0,0.9435757433873435]
[50647,47065,1.0,0.4010293145685474]
[50647,27760,1.0,0.40739990612567506]
[55376,27763,1.0,0.4064250243112128]
[55376,47065,1.0,0.5411593237970826]
[55376,6042,1.0,0.48954717505562134]
[55376,27757,1.0,0.4064250243112128]
[55376,27582,1.0,0.5691121026105176]
[55376,42640,1.0,0.5104672882480169]
[108976,51256,1.0,0.4056670437751125]
[88247,6042,1.0,0.4736253924981227]
[88247,27582,1.0,0.4344773147832425]
[40028,9280,1.0,0.4873011109503072]
[40028,12612,1.0,0.46006556340844673]
[40028,9274,1.0,0.48800535363275455]
[40028,9283,1.0,0.46914924265367025]
[103924,51256,1.0,0.41567491373004595]
[103924,40028,1.0,0.419931706259493]
[14759,14756,1.0,0.9847143955583375]
[42548,6042,1.0,0.419715208370449]
[42548,27582,1.0,0.6709776150555388]
[27582,12063,1.0,0.7098993073422775]
[27582,11079,1.0,0.48335570223683166]
[27582,8242,1.0,0.5897940164261657]
[42640,27763,1.0,0.7324012760616888]
[42640,12063,1.0,0.6121929269178157]
[42640,5289,1.0,0.4844906319146114]
[42640,6042,1.0,0.7674290844932615]
[42640,27760,1.0,0.7324012760616888]
[42640,27757,1.0,0.7324012760616888]
[42640,19137,1.0,0.44773906718859546]
[42640,27582,1.0,0.7227910259995269]
[42640,8242,1.0,0.5997781974664791]
[42640,15348,1.0,0.42148746011893923]
[106159,27763,1.0,0.42844451406596196]
[106159,27760,1.0,0.42844451406596196]
[106159,27757,1.0,0.42844451406596196]
[8242,6042,1.0,0.7717945941135418]
[15348,6042,1.0,0.6056555761980604]
[40021,40018,1.0,0.8965258144492839]
[74454,74451,1.0,0.8529327212880871]
[54900,54897,1.0,0.992312808442868]
[54903,54897,1.0,0.9877812743869288]
[54903,54900,1.0,0.9810805267049895]
[87606,64830,1.0,0.6021093193116519]
[87606,37506,1.0,0.4183389148920842]
[108952,70463,1.0,0.42501040829320325]
[122800,37506,1.0,0.43249499415732706]
[77264,57316,1.0,0.6299046624700636]
[90795,44650,1.0,0.506540609454246]
[99879,57316,1.0,0.4557705017167453]
[98013,74454,1.0,0.5128097961796709]
[98013,44650,1.0,0.45733851043993784]
[98013,91012,1.0,0.412814048787283]
[98013,74451,1.0,0.5355733133945031]
[98013,37506,1.0,0.5694304949575383]
[70463,44650,1.0,0.5560401219076649]
[70463,64830,1.0,0.5114993162918993]
[70463,37506,1.0,0.48295506218844303]
[64830,23169,1.0,0.4068181034632044]
[64830,57316,1.0,0.5837760631344419]
[94608,70463,1.0,0.5014515008037772]
[57316,44650,1.0,0.608886636922209]
[57316,37506,1.0,0.4016537899472451]
[37506,23169,1.0,0.6968893762528814]
[121794,48259,1.0,0.4386821420410286]
[121794,55038,1.0,0.5381867484528604]
[27646,27640,1.0,0.9915288303461874]
[129466,129463,1.0,0.9952227536000962]
[129472,129466,1.0,0.9936734116065394]
[129472,129463,1.0,0.9936734116065394]
[34886,26388,1.0,0.45859164888960624]
[81794,45671,1.0,0.40196012074650256]
[45671,39484,1.0,0.45708636448350787]
[14450,14444,1.0,0.989409100743217]
[14450,14441,1.0,0.9939115630013113]
[14450,14447,1.0,0.9899889574118658]
[14453,14450,1.0,0.9257664891292382]
[14453,14447,1.0,0.43226127556686744]
[99885,14450,1.0,0.44057278665720434]
[14444,14441,1.0,0.9915972733907298]
[14447,14444,1.0,0.9794024258574657]
[14447,14441,1.0,0.9806901269788159]
[89,86,1.0,0.9943736948206249]
[51843,51840,1.0,0.9952227536000962]
[64679,4892,1.0,0.421409828656501]
[64679,4895,1.0,0.421409828656501]
[57830,57824,1.0,0.9676336034787999]
[51846,51843,1.0,0.9890424628076515]
[51846,51840,1.0,0.9890424628076515]
[42464,13254,1.0,0.46843812947191427]
[42464,23564,1.0,0.4579318136001165]
[53491,42464,1.0,0.625961262085266]
[5511,1031,1.0,0.4657888383317172]
[51849,51843,1.0,0.8949690743418973]
[51849,51846,1.0,0.5948023191916241]
[51849,51840,1.0,0.7063150061220396]
[4901,4892,1.0,0.9941331399080218]
[4901,4895,1.0,0.9941331399080218]
[4901,4898,1.0,0.9945658731879131]
[92789,68668,1.0,0.46943767273152226]
[92789,88498,1.0,0.47473275726470054]
[92789,1031,1.0,0.4158555706804155]
[100872,68668,1.0,0.4326013561122522]
[4895,4892,1.0,0.9952227536000962]
[78919,4892,1.0,0.4272516932527586]
[78919,4901,1.0,0.405765538898535]
[78919,4895,1.0,0.4272516932527586]
[78919,4898,1.0,0.413626916336938]
[4898,4892,1.0,0.9918426894149314]
[4898,4895,1.0,0.9918426894149314]
[32709,4892,1.0,0.44940972978795024]
[32709,4901,1.0,0.4271062188378472]
[32709,4895,1.0,0.44940972978795024]
[32709,4898,1.0,0.43464442302910106]
[95,89,1.0,0.49639336433134157]
[95,86,1.0,0.5172779666341935]
[95,92,1.0,0.9625581088511704]
[86861,86858,1.0,0.9913689407224643]
[92,89,1.0,0.6047507460173235]
[92,86,1.0,0.6242961724896827]
[17855,17852,1.0,0.9877366174563994]
[69368,69365,1.0,0.9883652126324259]
[60085,60079,1.0,0.9823618622976097]
[60085,60082,1.0,0.9741222972555069]
[60082,60079,1.0,0.9797672950910998]
[101247,101241,1.0,0.6691217154705043]
[19683,19680,1.0,0.987445337956193]
[19686,19683,1.0,0.42718213429424734]
[19686,19680,1.0,0.7758887133447476]
[89540,21097,1.0,0.4280917471951837]
[89540,20810,1.0,0.4113209534985199]
[89540,45323,1.0,0.45796677930201257]
[89540,47512,1.0,0.6647328501043509]
[89540,79742,1.0,0.4472902521786389]
[89540,20807,1.0,0.4113209534985199]
[89540,20804,1.0,0.4113209534985199]
[89540,15404,1.0,0.4109560301453105]
[81154,47512,1.0,0.4049455192576489]
[20810,20807,1.0,0.9933451126697471]
[20810,20804,1.0,0.9933451126697471]
[36130,34112,1.0,0.5563107623278468]
[91886,47512,1.0,0.4838610488337464]
[107568,36130,1.0,0.4150419862849228]
[47509,47503,1.0,0.9942009628938939]
[53571,21097,1.0,0.40368464161026235]
[53571,47351,1.0,0.4121612777915081]
[77327,61390,1.0,0.4108573872906738]
[77327,47512,1.0,0.5324641386795428]
[8845,4824,1.0,0.4278613736306187]
[120918,56298,1.0,0.4291081452596783]
[47512,12457,1.0,0.6134805269982213]
[47512,927,1.0,0.44396304014345317]
[47512,47503,1.0,0.9875478803503387]
[47512,45323,1.0,0.48675409352096083]
[47512,47509,1.0,0.9851503052232184]
[47512,28841,1.0,0.41176841467861813]
[47512,33628,1.0,0.5187516318725187]
[47512,30158,1.0,0.4127545083781178]
[47512,26851,1.0,0.6360338614332784]
[79742,47512,1.0,0.4111465688078533]
[20807,20804,1.0,0.9952227536000962]
[99564,47512,1.0,0.4447638460469831]
[99564,4824,1.0,0.49862471182051404]
[83231,12457,1.0,0.41341610959708097]
[83231,47512,1.0,0.4147564084562525]
[116008,47512,1.0,0.43614591158754173]
[112375,53571,1.0,0.49626317238150847]
[132508,56298,1.0,0.4691211001012543]
[132508,53571,1.0,0.4256284778489655]
[42942,37878,1.0,0.43297107612129127]
[10012,10003,1.0,0.9891164748499857]
[10012,10000,1.0,0.9952227536000962]
[10012,10009,1.0,0.9866352124197215]
[10012,10006,1.0,0.9696623982074266]
[10012,2232,1.0,0.44624115689873795]
[92455,37878,1.0,0.4703329803787286]
[92455,2232,1.0,0.4519515644891853]
[32384,2232,1.0,0.5047015891089034]
[67588,2232,1.0,0.46438372394450805]
[19262,2232,1.0,0.44612035833450464]
[83070,2232,1.0,0.4837815210039648]
[37878,10012,1.0,0.610859078858739]
[37878,37872,1.0,0.9900691332925262]
[37878,10003,1.0,0.610859078858739]
[37878,37875,1.0,0.9744700050728146]
[37878,2232,1.0,0.4111166590243822]
[126349,2232,1.0,0.47738918178948925]
[73804,63593,1.0,0.42457843175527904]
[73804,63599,1.0,0.42457843175527904]
[73804,2232,1.0,0.4664910795535471]
[36199,2232,1.0,0.526981429731306]
[13609,13603,1.0,0.9825556419308447]
[8804,2232,1.0,0.5560031992561957]
[79652,2232,1.0,0.5558305852783284]
[37872,2232,1.0,0.43078534530069595]
[42669,42663,1.0,0.9763626796229095]
[42669,2232,1.0,0.41409765055575387]
[42669,42660,1.0,0.9770990819671114]
[10003,10000,1.0,0.9891164748499857]
[10003,2232,1.0,0.44624115689873795]
[51452,2232,1.0,0.41797966219697197]
[16115,2232,1.0,0.4679087168261018]
[82617,19070,1.0,0.44127571062958937]
[82617,2232,1.0,0.7053360482116847]
[63596,37878,1.0,0.44086891848769144]
[63596,63593,1.0,0.9914756223331858]
[63596,2232,1.0,0.5629885665810556]
[128413,2232,1.0,0.46266316410480085]
[8810,8804,1.0,0.983007478277391]
[8810,8807,1.0,0.976500339796067]
[8810,2232,1.0,0.5560031992561957]
[104011,2232,1.0,0.48068334736282614]
[63593,37878,1.0,0.4730968162515229]
[63593,2232,1.0,0.5641380447459086]
[63593,25023,1.0,0.45900470618291683]
[13612,13603,1.0,0.8923603652982212]
[13612,13609,1.0,0.9195458271876634]
[37875,37872,1.0,0.9938804711395797]
[37875,2232,1.0,0.43078534530069595]
[8807,8804,1.0,0.9946572280446236]
[8807,2232,1.0,0.5406181938847182]
[42663,2232,1.0,0.42406353154750265]
[42663,42660,1.0,0.9895661266482731]
[100092,2232,1.0,0.6038776210204985]
[63599,37878,1.0,0.45040729360958875]
[63599,63596,1.0,0.9903630953180518]
[63599,63593,1.0,0.9945658731879131]
[63599,2232,1.0,0.5384410831156033]
[63599,25023,1.0,0.4545505287376698]
[10000,2232,1.0,0.44624115689873795]
[13694,2232,1.0,0.40008970993746906]
[84005,63593,1.0,0.47240690435188826]
[84005,63599,1.0,0.46725134222985476]
[84005,2232,1.0,0.4263480763418121]
[10009,10003,1.0,0.9721913729376622]
[10009,10000,1.0,0.9761710463580086]
[10009,10006,1.0,0.8893172163923921]
[10009,2232,1.0,0.44459495494255546]
[10006,10003,1.0,0.938884233942247]
[10006,10000,1.0,0.9696623982074266]
[13615,13603,1.0,0.9911528110511098]
[13615,13609,1.0,0.9705116844821464]
[13615,13612,1.0,0.8822167102091465]
[74847,2232,1.0,0.6061673891225531]
[25023,2232,1.0,0.4182129722355787]
[84399,48921,1.0,0.402952749913288]
[112851,112845,1.0,0.9905564682541387]
[112851,7394,1.0,0.6139371450816485]
[112851,112848,1.0,0.9905564682541387]
[112851,4120,1.0,0.510454662277312]
[1351,1348,1.0,0.9848239080870913]
[112845,7394,1.0,0.7238409461137468]
[112845,4120,1.0,0.510454662277312]
[88070,88064,1.0,0.9914756223331858]
[112848,112845,1.0,0.9952227536000962]
[112848,7394,1.0,0.7238409461137468]
[112848,4120,1.0,0.510454662277312]
[112854,112851,1.0,0.986783660438835]
[112854,112845,1.0,0.9852193222581411]
[112854,7394,1.0,0.5361468974075279]
[112854,112848,1.0,0.9852193222581411]
[112854,4120,1.0,0.44638311597372227]
[112147,9271,1.0,0.4073850247515079]
[9271,9268,1.0,0.992032811459589]
[60875,6965,1.0,0.4034214293026402]
[12952,6965,1.0,0.42850043124368564]
[91826,91823,1.0,0.9944839396872802]
[125802,125799,1.0,0.9477708912579104]
[45250,45247,1.0,0.9952227536000962]
[108775,9271,1.0,0.43085089817974975]
[75577,75571,1.0,0.9754834930132598]
[75577,75574,1.0,0.9754834930132598]
[39870,28782,1.0,0.4127877122348687]
[39870,23126,1.0,0.6919183014644507]
[131172,131169,1.0,0.9881732963415306]
[131172,131166,1.0,0.9952227536000962]
[78602,39870,1.0,0.4633076998759394]
[43972,23126,1.0,0.4004594984290866]
[92583,23126,1.0,0.4797002323842877]
[131169,131166,1.0,0.9881732963415306]
[98967,98961,1.0,0.9907453314477414]
[98967,98964,1.0,0.7337500076866517]
[119767,23126,1.0,0.4732557534754653]
[35551,23126,1.0,0.4421932086431164]
[75574,75571,1.0,0.9952227536000962]
[23126,6488,1.0,0.41974204356904604]
[119703,58297,1.0,0.4709585544617554]
[119703,75228,1.0,0.4031603587888307]
[131175,131172,1.0,0.9952227536000962]
[131175,131169,1.0,0.9881732963415306]
[131175,131166,1.0,0.9952227536000962]
[98964,98961,1.0,0.7248761026074462]
[116395,23889,1.0,0.4629702540506717]
[116395,116392,1.0,0.9915972733907298]
[116395,116389,1.0,0.9952227536000962]
[41306,41300,1.0,0.9874019441437534]
[41306,41303,1.0,0.9364767564633026]
[116392,116389,1.0,0.9794172423017312]
[116389,23889,1.0,0.4304581216418116]
[86956,23889,1.0,0.412529159512422]
[66114,66111,1.0,0.9879388911025698]
[41309,41306,1.0,0.9877812743869288]
[41309,41300,1.0,0.9952227536000962]
[41309,41303,1.0,0.9905564682541387]
[66120,66114,1.0,0.5281133471871267]
[66120,66111,1.0,0.6927838762392824]
[66120,66117,1.0,0.6096449087837498]
[41303,41300,1.0,0.9870292138336089]
[66117,66114,1.0,0.9838026835274176]
[66117,66111,1.0,0.9939489093235349]
[83198,83192,1.0,0.9234701994361704]
[83198,83195,1.0,0.9234701994361704]
[83195,83192,1.0,0.9952227536000962]
[72481,59742,1.0,0.44030823015299553]
[72484,59742,1.0,0.7532974036762988]
[72484,72481,1.0,0.9250992551964149]
[85025,72481,1.0,0.4685048985513242]
[85025,72484,1.0,0.5918043155091115]
[878,875,1.0,0.9938804711395797]
[67601,67595,1.0,0.9873246293925463]
[67601,67598,1.0,0.9588167775070084]
[131409,131406,1.0,0.9891164748499857]
[110101,69615,1.0,0.41035005400969043]
[110101,110095,1.0,0.9952227536000962]
[110101,110098,1.0,0.9905564682541387]
[110101,50407,1.0,0.6658139333076427]
[110098,110095,1.0,0.9905564682541387]
[43711,43708,1.0,0.9687595024929984]
[43711,43705,1.0,0.9780865769584478]
[88637,41599,1.0,0.5009543687869547]
[88637,82436,1.0,0.4077071044028104]
[82436,67601,1.0,0.5463227806841718]
[82436,67595,1.0,0.5463227806841718]
[67595,56302,1.0,0.4043008874305793]
[43708,43705,1.0,0.9928414822728775]
[43714,43711,1.0,0.9172509830696373]
[43714,43708,1.0,0.9714453329688691]
[43714,43705,1.0,0.9800883045581703]
[67598,67595,1.0,0.9857163098635937]
[102229,62017,1.0,0.42296026925588587]
[102229,2353,1.0,0.4763446027870459]
[62017,62014,1.0,0.9925468645354409]
[62017,35879,1.0,0.5674350769742825]
[98083,88552,1.0,0.48772554355272135]
[100674,49802,1.0,0.49871377184617843]
[96432,70117,1.0,0.4192800782068111]
[61122,49802,1.0,0.41530110973668677]
[88552,20984,1.0,0.4471087892583024]
[88552,844,1.0,0.40912916105427594]
[38435,38432,1.0,0.9804231804339705]
[109770,82682,1.0,0.43785307520024025]
[109770,70117,1.0,0.4136598681831597]
[96159,96147,1.0,0.9613398926264994]
[96159,96150,1.0,0.939703014958493]
[96159,96156,1.0,0.5482898711366283]
[96159,96153,1.0,0.974947715580605]
[59943,49802,1.0,0.40317329383981876]
[96150,96147,1.0,0.9910138279857984]
[96156,96147,1.0,0.7565136613111059]
[96156,96150,1.0,0.7089442689339958]
[96156,96153,1.0,0.9796540704742576]
[122358,102229,1.0,0.41720393917857274]
[19145,19139,1.0,0.9822101013201439]
[19145,19142,1.0,0.963363251952602]
[96153,96147,1.0,0.9952227536000962]
[96153,62017,1.0,0.48328054947432825]
[96153,90682,1.0,0.4886065878681003]
[96153,38246,1.0,0.41908554174710566]
[96153,75525,1.0,0.43416239323763955]
[96153,35639,1.0,0.4551884636055206]
[96153,96150,1.0,0.9910138279857984]
[96153,90685,1.0,0.4886065878681003]
[96153,55332,1.0,0.4257978511851022]
[96153,89048,1.0,0.5823401821052366]
[90685,90682,1.0,0.9952227536000962]
[49802,38432,1.0,0.45558094718494263]
[49802,38435,1.0,0.42190412248974585]
[49802,49628,1.0,0.6567599551984786]
[19142,19139,1.0,0.98588522078974]
[62020,62017,1.0,0.9576342171759209]
[62020,62014,1.0,0.9505051026817177]
[90688,90682,1.0,0.8412025066222618]
[90688,90685,1.0,0.8412025066222618]
[82682,73612,1.0,0.43066310243092487]
[73612,28681,1.0,0.5674130358061171]
[73612,49628,1.0,0.45134065272353]
[70117,12055,1.0,0.515237497549278]
[49815,49802,1.0,0.4779381618026659]
[35879,24242,1.0,0.46910442003811315]
[98137,41438,1.0,0.46043000488631847]
[69443,67678,1.0,0.6771285298005617]
[69443,50322,1.0,0.5200472310245523]
[69443,47575,1.0,0.5855652618436811]
[69443,15533,1.0,0.49699749191678955]
[69443,61338,1.0,0.4047850513143985]
[67678,30764,1.0,0.5147331474973573]
[67678,62041,1.0,0.4119121415381085]
[67678,61338,1.0,0.42551734050345397]
[30764,15533,1.0,0.42768753667911247]
[42462,29499,1.0,0.446135161802817]
[42462,12399,1.0,0.4595253395125927]
[42462,42456,1.0,0.9873391433783573]
[62041,59148,1.0,0.5043140448059408]
[59743,47575,1.0,0.4754210233097219]
[59743,15533,1.0,0.43267968635367265]
[105729,89906,1.0,0.40163035368716477]
[89025,84377,1.0,0.49204123356246143]
[89025,41438,1.0,0.40623742994721956]
[74648,67678,1.0,0.5339966750140214]
[74648,47575,1.0,0.44157005824876705]
[74648,15533,1.0,0.46358889996391656]
[47575,30764,1.0,0.4760574694611457]
[47575,41438,1.0,0.4872524430366035]
[47575,28646,1.0,0.42138644403395714]
[84377,35775,1.0,0.5046354167040366]
[84377,15533,1.0,0.6254578855063215]
[107362,57413,1.0,0.45325309327004765]
[107362,69443,1.0,0.6410141120552478]
[107362,30764,1.0,0.6024330758585251]
[107362,42462,1.0,0.6552647042029167]
[107362,62041,1.0,0.5848571760394422]
[107362,59743,1.0,0.6068706600486645]
[107362,10795,1.0,0.6689080873136062]
[107362,74648,1.0,0.7323698372433624]
[107362,15243,1.0,0.5236981811308029]
[107362,44987,1.0,0.7237567804825629]
[107362,84377,1.0,0.8034849422040037]
[107362,37316,1.0,0.5721546123451992]
[107362,19938,1.0,0.619379796919506]
[107362,41438,1.0,0.7922463481062983]
[107362,42456,1.0,0.6552647042029167]
[107362,91470,1.0,0.43601009987571643]
[107362,89906,1.0,0.7727387968521549]
[107362,105291,1.0,0.7783180301472363]
[107362,61338,1.0,0.7934648598251982]
[107362,28646,1.0,0.8221743532845178]
[125053,67678,1.0,0.55993206714934]
[125053,69864,1.0,0.4716645966528239]
[125053,105729,1.0,0.42286779862842605]
[125053,107362,1.0,0.7316704624208145]
[125053,67240,1.0,0.4506157928030615]
[125053,15533,1.0,0.5118859763611439]
[125053,59241,1.0,0.4936651212481552]
[1287,1284,1.0,0.9689781062374443]
[118831,67678,1.0,0.4656455410922436]
[118831,89025,1.0,0.41981479268287486]
[118831,107362,1.0,0.7077576910830666]
[118831,15533,1.0,0.5351255795085809]
[117645,73106,1.0,0.44477741834880874]
[117645,47575,1.0,0.5914870645419948]
[117645,107362,1.0,0.6654823658663407]
[41438,15533,1.0,0.5110570739652436]
[42456,29499,1.0,0.48900485123051846]
[42456,12399,1.0,0.5182238036312692]
[89906,35395,1.0,0.4553681745445199]
[89906,69864,1.0,0.5317574513137956]
[89906,47575,1.0,0.40330417186877954]
[89906,67240,1.0,0.438291624958022]
[89906,15533,1.0,0.5361192867493313]
[89906,59241,1.0,0.46467226032416953]
[105291,67678,1.0,0.6545059359253835]
[105291,47575,1.0,0.4648394080551869]
[105291,15533,1.0,0.6459722591613019]
[61338,40834,1.0,0.476577345896391]
[61338,26807,1.0,0.4088144689998545]
[61338,47575,1.0,0.4088978806508113]
[61338,15533,1.0,0.5664348929179183]
[28646,15533,1.0,0.5920022686174091]
[110028,93460,1.0,0.6731097560340504]
[115336,115333,1.0,0.897781293728857]
[115339,115333,1.0,0.9692583139132201]
[115339,115336,1.0,0.770872643856651]
[38751,38748,1.0,0.9024282476316254]
[38751,38745,1.0,0.9024282476316254]
[38748,38745,1.0,0.9930641667401623]
[21476,21473,1.0,0.9857367329404477]
[21479,21476,1.0,0.9857367329404477]
[21479,21473,1.0,0.9952227536000962]
[50986,40100,1.0,0.5039171471461631]
[123072,104179,1.0,0.62762861278861]
[58069,9142,1.0,0.4105888076142958]
[38173,38170,1.0,0.6039498938533141]
[85731,70803,1.0,0.6072819444784336]
[85731,85728,1.0,0.9952227536000962]
[85731,21432,1.0,0.6194576557707332]
[70803,38170,1.0,0.4462201239648601]
[115654,92637,1.0,0.4219083169794086]
[52327,52324,1.0,0.9823717230846689]
[52327,52321,1.0,0.9881761805738833]
[92637,9142,1.0,0.5402590826907534]
[52324,52321,1.0,0.9881761805738833]
[55955,55952,1.0,0.49850324036275595]
[50832,21432,1.0,0.41091880878086595]
[87537,70803,1.0,0.4744746046126121]
[87537,21432,1.0,0.4611296795983042]
[33901,9142,1.0,0.6810397749687115]
[38170,21432,1.0,0.4205748334656834]
[21432,9142,1.0,0.46070523525769164]
[21432,12878,1.0,0.4514652981535212]
[83860,83857,1.0,0.9952227536000962]
[14910,14904,1.0,0.9733845649141432]
[14910,14907,1.0,0.9733845649141432]
[123609,18296,1.0,0.40115373029216883]
[14913,14910,1.0,0.9371690829809245]
[14913,14904,1.0,0.9630300234685887]
[14913,14907,1.0,0.9630300234685887]
[83787,83784,1.0,0.5929062370082623]
[83787,83781,1.0,0.9743529272175778]
[83784,83781,1.0,0.7843204731867963]
[14907,14904,1.0,0.9952227536000962]
[110497,4164,1.0,0.4362905049675482]
[110497,24890,1.0,0.6657700147266629]
[132057,132051,1.0,0.9004101570415275]
[38712,38706,1.0,0.9952227536000962]
[38712,38709,1.0,0.9922323843947127]
[104560,59197,1.0,0.41953946339473097]
[15761,15758,1.0,0.9280795064162549]
[54610,54607,1.0,0.9944660782509854]
[76960,76954,1.0,0.9952227536000962]
[76960,76957,1.0,0.9923958418221456]
[76957,76954,1.0,0.9923958418221456]
[130458,113962,1.0,0.4712233382207707]
[113962,104560,1.0,0.5512977436655989]
[130156,130153,1.0,0.6635645879946067]
[130159,130153,1.0,0.9943041326293257]
[130159,130156,1.0,0.6605240638352647]
[38709,38706,1.0,0.9833012551657081]
[83204,83201,1.0,0.9489978428794688]
[73946,73943,1.0,0.7855803624302259]
[73946,73940,1.0,0.9911457621988602]
[73946,41667,1.0,0.708717346403851]
[61645,41667,1.0,0.4087772780636424]
[83207,83204,1.0,0.9645290307777672]
[83207,83201,1.0,0.9952227536000962]
[83207,41667,1.0,0.40584663103410495]
[73943,73940,1.0,0.8600579595338151]
[130887,130881,1.0,0.9652030372204207]
[130887,130884,1.0,0.9772573507029567]
[73940,41667,1.0,0.6673013048554233]
[83210,83204,1.0,0.9645290307777672]
[83210,83207,1.0,0.9952227536000962]
[83210,83201,1.0,0.9952227536000962]
[83210,41667,1.0,0.40584663103410495]
[130884,117655,1.0,0.4686114985333723]
[130884,18458,1.0,0.4761028997344584]
[130884,48116,1.0,0.5288000196355448]
[130884,68843,1.0,0.7598147762398844]
[130884,83204,1.0,0.7228907242687685]
[130884,73946,1.0,0.4622439691700283]
[130884,126477,1.0,0.40340321923653083]
[130884,129675,1.0,0.5948618671655146]
[130884,17210,1.0,0.6783836707678946]
[130884,1199,1.0,0.5089764318083715]
[130884,61645,1.0,0.6341916599675131]
[130884,83207,1.0,0.7033729999930003]
[130884,73943,1.0,0.48721198490453144]
[130884,130881,1.0,0.9637550205217716]
[130884,33007,1.0,0.608693008009112]
[130884,73940,1.0,0.4622439691700283]
[130884,83210,1.0,0.7033729999930003]
[130884,64982,1.0,0.5972230749007843]
[130884,83201,1.0,0.7033729999930003]
[130884,83213,1.0,0.7033729999930003]
[130884,41667,1.0,0.5317696940381231]
[130884,34891,1.0,0.6260149807552927]
[130884,129247,1.0,0.6783126409304703]
[83201,41667,1.0,0.40584663103410495]
[39588,35640,1.0,0.42914867816450286]
[83213,83204,1.0,0.8766436741497414]
[83213,83207,1.0,0.9769060906161691]
[83213,83210,1.0,0.9769060906161691]
[83213,83201,1.0,0.9769060906161691]
[83213,41667,1.0,0.43515731555936255]
[130890,130887,1.0,0.9465290283012273]
[130890,130881,1.0,0.9913719155278211]
[130890,130884,1.0,0.9445018775136879]
[66442,59857,1.0,0.5022818155187242]
[120019,120016,1.0,0.9786026730295829]
[89003,59857,1.0,0.5236753254447221]
[36301,36298,1.0,0.9216766608328816]
[36301,36295,1.0,0.9952227536000962]
[107892,107889,1.0,0.9940272061491222]
[107898,107892,1.0,0.9940272061491222]
[107898,107895,1.0,0.9952227536000962]
[107898,107889,1.0,0.9952227536000962]
[107895,107892,1.0,0.9940272061491222]
[107895,107889,1.0,0.9926278674655746]
[36298,36295,1.0,0.8197301400827244]
[90792,90789,1.0,0.9522159058260717]
[113607,81991,1.0,0.41448137915825845]
[113607,60974,1.0,0.41422839165116326]
[48660,48657,1.0,0.8842317378881616]
[5836,5833,1.0,0.9941339650477837]
[121441,113607,1.0,0.5593242225447423]
[34624,19550,1.0,0.4035463233173981]
[34067,34064,1.0,0.9776677242500632]
[16374,16368,1.0,0.9382080016242885]
[108178,86116,1.0,0.42097260318873836]
[34076,34064,1.0,0.9884375416376]
[34076,34067,1.0,0.9522724512259816]
[34076,34073,1.0,0.9423540701619681]
[34076,34070,1.0,0.9644304701464539]
[34073,34064,1.0,0.9717561072407712]
[34073,34067,1.0,0.9234046962644827]
[34073,34070,1.0,0.9344397757874089]
[23942,2669,1.0,0.4309739645356791]
[34070,34064,1.0,0.9888795920684726]
[34070,34067,1.0,0.9543679149014734]
[33802,33799,1.0,0.9208681832515019]
[63913,22971,1.0,0.506339622417937]
[33808,33802,1.0,0.8294729469632333]
[33808,33799,1.0,0.9859234637382448]
[33808,33805,1.0,0.9765944287502691]
[50935,50932,1.0,0.9022029384216819]
[50938,50935,1.0,0.9224304406113687]
[50938,50932,1.0,0.982122803563421]
[33805,33802,1.0,0.8784299898239577]
[33805,33799,1.0,0.9911457621988602]
[43667,43664,1.0,0.9895147614263562]
[127552,79670,1.0,0.4373351971029398]
[58782,58779,1.0,0.7255154154485718]
[18677,18674,1.0,0.9293166613204854]
[18677,18671,1.0,0.7425251371149181]
[18674,18671,1.0,0.987286769393201]
[89307,44929,1.0,0.4360938034767503]
[38307,38304,1.0,0.9908397224750475]
[123766,47490,1.0,0.41718157932854993]
[61617,48258,1.0,0.5697314687920343]
[83265,48258,1.0,0.4709611021898266]
[69870,48258,1.0,0.5415919650229248]
[58868,48258,1.0,0.7079131158534381]
[58868,14461,1.0,0.4226405098935465]
[14464,14458,1.0,0.9905564682541387]
[14464,14461,1.0,0.9905564682541387]
[118494,48258,1.0,0.4660514916615387]
[86192,48258,1.0,0.6531850406493728]
[86192,14461,1.0,0.4974356110667855]
[55174,48258,1.0,0.45517516359164956]
[48258,20728,1.0,0.5108236256369848]
[48258,11829,1.0,0.4367540380690077]
[48258,14464,1.0,0.4226764965919084]
[48258,7096,1.0,0.5369985088364657]
[48258,6454,1.0,0.4870482884413246]
[48258,4701,1.0,0.47235428990882083]
[48258,17501,1.0,0.409179201855208]
[48258,14458,1.0,0.43448742828569736]
[48258,14461,1.0,0.43448742828569736]
[14461,14458,1.0,0.9952227536000962]
[43830,43827,1.0,0.9914062220490981]
[43830,43824,1.0,0.9937353308824888]
[23467,23461,1.0,0.9936963280681194]
[23467,23464,1.0,0.9842365892721153]
[43827,43824,1.0,0.9947262821994]
[43833,43830,1.0,0.9929062793200291]
[43833,43827,1.0,0.990714264823106]
[43833,43824,1.0,0.9937353308824888]
[23464,23461,1.0,0.9939673730620086]
[128032,60827,1.0,0.4340702335948537]
[128032,125500,1.0,0.41253590499532694]
[128032,59641,1.0,0.492607730198342]
[128032,21538,1.0,0.40815385304688434]
[128032,42828,1.0,0.5952257769478557]
[128032,85101,1.0,0.7077201200854845]
[60827,13600,1.0,0.7149423814941366]
[93468,93459,1.0,0.9913677390077222]
[93468,93465,1.0,0.9913677390077222]
[93468,93462,1.0,0.915424728653702]
[43538,43535,1.0,0.4901720734781645]
[69768,69765,1.0,0.9886864847632929]
[69768,69762,1.0,0.991468626206008]
[123891,113359,1.0,0.44179303907472184]
[43541,43535,1.0,0.9831906240197907]
[85104,85095,1.0,0.9800033203252667]
[85104,85098,1.0,0.9764332800386674]
[85104,85101,1.0,0.8164094455787683]
[69765,69762,1.0,0.9865212740523988]
[78642,78639,1.0,0.9223302656524189]
[108036,42828,1.0,0.42885022374936577]
[93465,60827,1.0,0.6057463362041994]
[93465,93459,1.0,0.9952227536000962]
[93465,21538,1.0,0.43412111593814356]
[93465,93462,1.0,0.9927904021198166]
[78645,78642,1.0,0.7857495066126016]
[78645,78639,1.0,0.9789045092733482]
[42828,17304,1.0,0.4689332220826189]
[42828,17301,1.0,0.5456297251799772]
[42828,17298,1.0,0.41814250561056243]
[42828,17292,1.0,0.4760356915893204]
[17304,17301,1.0,0.9741824296154215]
[17304,17298,1.0,0.9871157328538461]
[17304,17292,1.0,0.9908718811433119]
[17301,17298,1.0,0.9845502712442827]
[17301,17292,1.0,0.9933677579237732]
[93462,93459,1.0,0.9471690034972423]
[85098,85095,1.0,0.986925116811151]
[85101,85095,1.0,0.8415620848983604]
[85101,85098,1.0,0.8415620848983604]
[17298,17292,1.0,0.9707385377016421]
[43544,43538,1.0,0.6348733187327198]
[43544,43541,1.0,0.9600289832163477]
[43544,43535,1.0,0.9818241799292502]
[43547,43538,1.0,0.5072064151002467]
[43547,43541,1.0,0.980141483226531]
[43547,43535,1.0,0.9952227536000962]
[43547,43544,1.0,0.9818241799292502]
[82058,37691,1.0,0.6862875359621585]
[107424,107421,1.0,0.9659587315490035]
[107424,107418,1.0,0.9919031889112758]
[42574,37691,1.0,0.45995907241814715]
[127620,127614,1.0,0.9927904021198166]
[127620,127617,1.0,0.9833514052893394]
[107421,107418,1.0,0.9838372695756524]
[127617,77335,1.0,0.497855496907804]
[127617,127614,1.0,0.9877726362494229]
[41911,41908,1.0,0.9122445629666588]
[51658,51655,1.0,0.9919031889112758]
[93964,51658,1.0,0.5912820116312177]
[93964,93955,1.0,0.9952227536000962]
[93964,93958,1.0,0.9896964487128557]
[93964,28358,1.0,0.4836699643611308]
[86035,86032,1.0,0.9638488178207999]
[93958,93955,1.0,0.9896964487128557]
[41914,41911,1.0,0.7769451899660252]
[41914,41908,1.0,0.8643362231712222]
[53320,53317,1.0,0.6815581782157073]
[53320,53314,1.0,0.9947521453666152]
[53317,53314,1.0,0.6823621214541399]
[53323,53320,1.0,0.9880593767392666]
[53323,53317,1.0,0.6697636941953748]
[53323,53314,1.0,0.9925500138987969]
[88359,88356,1.0,0.993718701628646]
[59089,59086,1.0,0.9633380430277758]
[95611,95608,1.0,0.9280883091376957]
[38028,38025,1.0,0.8187596976359829]
[75550,75547,1.0,0.9546272812403368]
[12270,12261,1.0,0.9749219226920718]
[12270,12264,1.0,0.9619518767781611]
[12264,12261,1.0,0.9922444720626648]
[129906,54721,1.0,0.5358497526314566]
[103746,54721,1.0,0.4360026837671308]
[243,240,1.0,0.9941344304576755]
[83937,83934,1.0,0.9923138789423898]
[83943,83937,1.0,0.8746592535994517]
[83943,83934,1.0,0.9087426163791886]
[50895,25080,1.0,0.5686338908889871]
[50895,25086,1.0,0.5686338908889871]
[57098,57092,1.0,0.8121231461868997]
[14421,14415,1.0,0.9942819304487751]
[77039,50895,1.0,0.6391180857204042]
[77039,8255,1.0,0.5643335214856742]
[77039,54332,1.0,0.5954740469985499]
[77039,12343,1.0,0.47870031361303417]
[77039,25080,1.0,0.5410198319244037]
[77039,30338,1.0,0.584878951109753]
[77039,70308,1.0,0.4783831880256979]
[77039,33552,1.0,0.4043728101095104]
[77039,43571,1.0,0.4198027599342573]
[77039,1175,1.0,0.5250971673357326]
[77039,65093,1.0,0.4131632669892087]
[77039,25086,1.0,0.5005550254973596]
[77039,16273,1.0,0.43103854988676044]
[77039,36214,1.0,0.46004857915725816]
[33552,25080,1.0,0.5699083857792657]
[82424,50895,1.0,0.5168214928880669]
[82424,77039,1.0,0.6536043133121517]
[43571,25080,1.0,0.4980715508666726]
[43571,25086,1.0,0.4980715508666726]
[106234,25080,1.0,0.6002250951009976]
[106234,77039,1.0,0.576470286088591]
[106234,25086,1.0,0.49939880132630526]
[25086,25080,1.0,0.9904170844565569]
[688,685,1.0,0.9926463572570701]
[64680,25080,1.0,0.42975241779584905]
[64680,25086,1.0,0.4542658160767792]
[64689,64680,1.0,0.9952227536000962]
[64689,64683,1.0,0.9952227536000962]
[64689,64686,1.0,0.9952227536000962]
[64683,25080,1.0,0.42975241779584905]
[64683,25086,1.0,0.4542658160767792]
[64683,64680,1.0,0.9952227536000962]
[64692,64680,1.0,0.9132652851854676]
[64692,64689,1.0,0.9132652851854676]
[64692,64683,1.0,0.9132652851854676]
[64692,64686,1.0,0.9132652851854676]
[112023,77039,1.0,0.6166762589182112]
[64686,25080,1.0,0.42975241779584905]
[64686,25086,1.0,0.4542658160767792]
[64686,64680,1.0,0.9952227536000962]
[64686,64683,1.0,0.9952227536000962]
[31168,25080,1.0,0.49930833739891284]
[31168,25086,1.0,0.4809425643734927]
[107470,68510,1.0,0.5452362863591418]
[107470,107467,1.0,0.9927742648919292]
[3682,3673,1.0,0.9772151084297714]
[3682,3679,1.0,0.9947262821994]
[68510,36057,1.0,0.6531756456471479]
[68510,66728,1.0,0.4041971604881589]
[68510,18202,1.0,0.4461246063207101]
[68510,47063,1.0,0.47687733887290107]
[68510,63217,1.0,0.851540197884618]
[66719,66716,1.0,0.9337761725938353]
[107473,107470,1.0,0.9531332766409532]
[107473,107467,1.0,0.9531332766409532]
[107476,107470,1.0,0.9927742648919292]
[107476,107473,1.0,0.9336985622419742]
[107476,107467,1.0,0.994754850866769]
[66728,66719,1.0,0.9208000272982548]
[66728,66716,1.0,0.9846294690225955]
[66728,66725,1.0,0.9679772017067242]
[77180,77177,1.0,0.9952227536000962]
[66731,66719,1.0,0.7926145432205371]
[66731,66716,1.0,0.9702570969523882]
[66731,66728,1.0,0.9459946113249151]
[66731,66725,1.0,0.9701572632145836]
[77186,77177,1.0,0.9070211231685509]
[77186,77180,1.0,0.9070211231685509]
[66725,66719,1.0,0.7646357247460749]
[66725,66716,1.0,0.9647989762530081]
[111687,26245,1.0,0.4032675558534646]
[111687,107470,1.0,0.5097230406054724]
[111687,68510,1.0,0.7864265668567428]
[111687,36057,1.0,0.4237242938430469]
[111687,18202,1.0,0.663445341302896]
[111687,47063,1.0,0.45550589001005287]
[3679,3673,1.0,0.9952227536000962]
[77862,77859,1.0,0.9879679365409008]
[84346,81896,1.0,0.5536703813539238]
[93379,81896,1.0,0.6448067102910496]
[107163,81896,1.0,0.5168560543630308]
[101908,81896,1.0,0.5055475998015313]
[81896,77862,1.0,0.48543080706224556]
[81896,59037,1.0,0.47178660196314204]
[81896,77859,1.0,0.48543080706224556]
[81896,24,1.0,0.5912913310992384]
[81896,35986,1.0,0.626394210467802]
[81896,42588,1.0,0.5407031518143373]
[87227,81896,1.0,0.6392601638779379]
[106609,81896,1.0,0.44282869153062776]
[80414,37134,1.0,0.47127623476588276]
[80543,50473,1.0,0.44143500667582025]
[80543,80537,1.0,0.9952227536000962]
[80543,80540,1.0,0.9952227536000962]
[50473,36984,1.0,0.5533907889422129]
[50473,36990,1.0,0.5533907889422129]
[81444,80540,1.0,0.5525121873422996]
[47180,14841,1.0,0.480440232576077]
[47180,14844,1.0,0.480440232576077]
[80540,50473,1.0,0.6902308858352602]
[80540,80537,1.0,0.9952227536000962]
[80540,73432,1.0,0.525986054394753]
[80540,28480,1.0,0.6608295161533281]
[80540,47180,1.0,0.5408350150080579]
[80540,36984,1.0,0.5178003584007557]
[80540,14457,1.0,0.48385720889670114]
[80540,16747,1.0,0.4188699793103959]
[80540,36990,1.0,0.5159429558955463]
[80540,8269,1.0,0.41291288015260197]
[80540,63388,1.0,0.4911838290979219]
[80540,19775,1.0,0.4484061652552339]
[80546,80543,1.0,0.9929495960445205]
[80546,80537,1.0,0.9929495960445205]
[80546,80540,1.0,0.9929495960445205]
[36990,36984,1.0,0.99147482611896]
[14844,14841,1.0,0.9877726362494229]
[85200,47307,1.0,0.42678223568521023]
[49445,48480,1.0,0.7002580915056479]
[77073,77058,1.0,0.9934197647450789]
[77073,77067,1.0,0.9708114499318973]
[77073,77064,1.0,0.9898117466148949]
[77073,77070,1.0,0.9615783757277913]
[77073,77061,1.0,0.9934197647450789]
[33732,16599,1.0,0.41968209427013603]
[77067,77058,1.0,0.9934637941520884]
[77067,77064,1.0,0.9898457956423611]
[77067,77061,1.0,0.9934637941520884]
[90539,90536,1.0,0.9946939993737459]
[77064,77058,1.0,0.9925229512934376]
[77064,77061,1.0,0.9925229512934376]
[77070,77058,1.0,0.9826859488736889]
[77070,77067,1.0,0.9869768608025954]
[77070,77064,1.0,0.973910284027666]
[77070,77061,1.0,0.9826859488736889]
[90542,90539,1.0,0.9638805504728903]
[90542,90536,1.0,0.9775319757585658]
[77061,77058,1.0,0.9952227536000962]
[79169,79160,1.0,0.9160704647224627]
[79169,79163,1.0,0.9623303588733239]
[79169,79157,1.0,0.9729922014928768]
[79169,9119,1.0,0.6180589169487022]
[125068,79169,1.0,0.41447853150808384]
[75573,75567,1.0,0.909491799443397]
[79160,79157,1.0,0.9936963280681194]
[79163,79160,1.0,0.973315437437726]
[79163,79157,1.0,0.9929495960445205]
[106846,106843,1.0,0.9285477773861177]
[106846,106840,1.0,0.9448857541829339]
[28873,28870,1.0,0.9853953874935504]
[106843,106840,1.0,0.9902800235835375]
[85527,77292,1.0,0.40350282182815045]
[81526,81523,1.0,0.9920268580251685]
[97681,97678,1.0,0.9852321772301638]
[64735,61346,1.0,0.6145683667256081]
[61340,61337,1.0,0.9835933092060454]
[64738,64735,1.0,0.9934197647450789]
[64738,61346,1.0,0.6138671626877158]
[61346,10675,1.0,0.5446003105885062]
[61346,61340,1.0,0.9835933092060454]
[61346,61337,1.0,0.9952227536000962]
[61346,61343,1.0,0.988848171392966]
[61343,61340,1.0,0.9835933092060454]
[61343,61337,1.0,0.988848171392966]
[71466,71463,1.0,0.6701688346746925]
[71472,71466,1.0,0.488922184576008]
[71472,71463,1.0,0.9214498088071919]
[71472,71469,1.0,0.7918631283126021]
[88384,34502,1.0,0.46305651263738834]
[34502,26956,1.0,0.48669453305320415]
[82969,82966,1.0,0.993984955328199]
[71469,71466,1.0,0.4455278932170802]
[71469,71463,1.0,0.9735297051222623]
[56682,16907,1.0,0.4547193105787343]
[73010,73007,1.0,0.9389916154661755]
[58218,58215,1.0,0.9877726362494229]
[58218,5566,1.0,0.4122742866458838]
[58218,58212,1.0,0.9952227536000962]
[117907,53071,1.0,0.5398679443879075]
[58215,58212,1.0,0.9861453552275499]
[98274,98271,1.0,0.9902938674740721]
[14779,14776,1.0,0.9812416831436112]
[54248,38780,1.0,0.5498636355525872]
[54248,38777,1.0,0.5498636355525872]
[54248,53071,1.0,0.4460914557668755]
[98280,98274,1.0,0.9902938674740721]
[98280,98271,1.0,0.9952227536000962]
[38780,38777,1.0,0.9933550320030448]
[34100,4250,1.0,0.474613392954937]
[47308,47305,1.0,0.9748661483174584]
[103546,103543,1.0,0.9873579089035022]
[103549,103546,1.0,0.9730628172535987]
[103549,103543,1.0,0.9754834930132598]
[87724,36379,1.0,0.7081685449906057]
[87724,36382,1.0,0.45703411675708094]
[87724,1132,1.0,0.438491204843235]
[87724,36376,1.0,0.45703411675708094]
[45647,45641,1.0,0.9902800235835375]
[45647,45644,1.0,0.9903573282497683]
[36379,36376,1.0,0.9945161184286901]
[36382,36379,1.0,0.989357156936619]
[36382,36376,1.0,0.9855020885852619]
[80335,80332,1.0,0.9952227536000962]
[87727,87724,1.0,0.994317936405958]
[87727,36379,1.0,0.7342096045166978]
[87727,36382,1.0,0.48344095192530906]
[87727,1132,1.0,0.4427987683991767]
[87727,36376,1.0,0.48344095192530906]
[123853,123850,1.0,0.9952227536000962]
[45644,45641,1.0,0.992330232074547]
[45650,45647,1.0,0.9821298647883799]
[45650,45641,1.0,0.9781347597373214]
[45650,45644,1.0,0.9731673505564393]
[87730,87724,1.0,0.9913719155278211]
[87730,36379,1.0,0.7081685449906057]
[87730,36382,1.0,0.45274842117070213]
[87730,1132,1.0,0.412088672556752]
[87730,87727,1.0,0.9906392027762878]
[87730,36376,1.0,0.45274842117070213]
[40548,36732,1.0,0.5844362799825559]
[36732,9501,1.0,0.4306069569620798]
[36732,25054,1.0,0.4077418815531876]
[36732,19878,1.0,0.6408762397036329]
[36732,29754,1.0,0.493243051946609]
[36732,29751,1.0,0.493243051946609]
[57484,36732,1.0,0.5583276005471481]
[25051,25048,1.0,0.9723199094134647]
[80684,36732,1.0,0.5487333163007024]
[25054,25051,1.0,0.9216279662817265]
[25054,25048,1.0,0.9773237593831011]
[29754,29751,1.0,0.9952227536000962]
[38802,36732,1.0,0.6668470956662339]
[104005,40548,1.0,0.48332313187407144]
[104005,36732,1.0,0.41042499765540114]
[25057,25051,1.0,0.7774749550008324]
[25057,25054,1.0,0.858249427569604]
[25057,25048,1.0,0.9187949160509907]
[79858,79852,1.0,0.9927746533574849]
[92812,92806,1.0,0.860414799485704]
[92812,92809,1.0,0.9536493704137109]
[92812,92803,1.0,0.9747914795420021]
[4649,2540,1.0,0.419663824271619]
[80768,71602,1.0,0.46397042246639975]
[113727,52336,1.0,0.5211946198315284]
[52339,52333,1.0,0.991273886931284]
[52339,52336,1.0,0.9720985529688336]
[58750,2540,1.0,0.515412144761856]
[112539,112536,1.0,0.9759502179406497]
[92806,92803,1.0,0.9658710634157666]
[52336,52333,1.0,0.9875726159185809]
[112542,112539,1.0,0.9451574615198043]
[112542,112536,1.0,0.9906201972563957]
[92809,92806,1.0,0.9341370812736365]
[92809,92803,1.0,0.9877726362494229]
[76992,71602,1.0,0.5190816877106956]
[71602,52333,1.0,0.45041876723929486]
[71602,52339,1.0,0.45041876723929486]
[71602,52336,1.0,0.6357583220984496]
[71602,19171,1.0,0.6770032588340499]
[101692,52336,1.0,0.572188562810563]
[79861,79858,1.0,0.967486458683596]
[79861,79852,1.0,0.9746447438828919]
[54367,52333,1.0,0.4483599122276353]
[54367,52339,1.0,0.4483599122276353]
[54367,4438,1.0,0.6091374542009524]
[54367,52336,1.0,0.6315831706630891]
[130584,130581,1.0,0.4952515576652793]
[38732,38729,1.0,0.9946149626479851]
[130587,130584,1.0,0.9217915596782457]
[130587,109801,1.0,0.4399146618582473]
[130587,130581,1.0,0.9952227536000962]
[39005,39002,1.0,0.8837282454834993]
[38735,38732,1.0,0.9492401623129225]
[38735,38729,1.0,0.962151911591951]
[17014,17011,1.0,0.9952227536000962]
[109801,17011,1.0,0.5952132902779068]
[109801,39005,1.0,0.5564551576652966]
[109801,50514,1.0,0.4778337086511493]
[39008,39005,1.0,0.9126484918029557]
[39008,39002,1.0,0.9940496857319293]
[109288,50514,1.0,0.49906575667697173]
[38738,38732,1.0,0.9908608724008429]
[38738,38729,1.0,0.9910737444465317]
[38738,38735,1.0,0.8804241884698801]
[57658,57655,1.0,0.9375383068192593]
[57658,57649,1.0,0.9910719712830135]
[110493,110487,1.0,0.9888115815257053]
[110493,110490,1.0,0.9796942242815895]
[110490,110487,1.0,0.9909251903137]
[57655,57649,1.0,0.9889442377306269]
[20217,20214,1.0,0.9872021338195044]
[72559,65157,1.0,0.43253728882692527]
[72787,72784,1.0,0.9695993843567162]
[17814,17811,1.0,0.9936297334222585]
[72793,72787,1.0,0.7320255867253374]
[72793,72784,1.0,0.9417060778412798]
[72793,72790,1.0,0.676106699647803]
[65157,50827,1.0,0.42735991532795714]
[72790,72787,1.0,0.7660279409137507]
[72790,72784,1.0,0.9496084079461223]
[85085,50827,1.0,0.5583159231440925]
[22011,22008,1.0,0.9109819265297567]
[22017,22011,1.0,0.8671038648704992]
[22017,22008,1.0,0.9916975038550923]
[37735,37726,1.0,0.9590796434019596]
[37735,37732,1.0,0.9569914716131906]
[12773,12767,1.0,0.9745397725665178]
[96690,85462,1.0,0.5115741153384719]
[37732,37726,1.0,0.9889152876004713]
[127632,75484,1.0,0.4254779147560543]
[48303,48297,1.0,0.9952227536000962]
[48303,48300,1.0,0.9937591786417587]
[48300,48297,1.0,0.9853583434873738]
[110223,90034,1.0,0.46508372770795825]
[75484,74528,1.0,0.4023090541775764]
[121981,16866,1.0,0.4525890733494422]
[121981,121978,1.0,0.9870519471333017]
[121981,121975,1.0,0.9933550320030448]
[41847,16866,1.0,0.4436022022899482]
[22295,22292,1.0,0.9768531129806554]
[121978,16866,1.0,0.4148852760332185]
[121978,121975,1.0,0.9900753867809837]
[121975,16866,1.0,0.4168954322256938]
[46844,46841,1.0,0.9910719712830135]
[46844,46838,1.0,0.9865632617714589]
[46844,46835,1.0,0.9952227536000962]
[22304,22292,1.0,0.8512068114400346]
[22304,22295,1.0,0.638701412815444]
[22304,22301,1.0,0.7548623923499768]
[22298,22292,1.0,0.5872999607919189]
[22298,22295,1.0,0.49763440336314185]
[46841,46838,1.0,0.9832952324853727]
[46841,46835,1.0,0.9940141113486761]
[126150,121984,1.0,0.41636813620155777]
[46838,46835,1.0,0.9865632617714589]
[75764,16866,1.0,0.4209977615816608]
[22301,22292,1.0,0.9893525123480461]
[22301,22295,1.0,0.9856052356404688]
[121984,121981,1.0,0.9807363132144649]
[121984,121978,1.0,0.971933050332291]
[121984,121975,1.0,0.9852952983157007]
