[89010,58669,1.0,0.44682657926311486]
[89010,89007,1.0,0.9935047841791984]
[89010,89004,1.0,0.9935047841791984]
[58669,32809,1.0,0.6678914054553237]
[58669,32806,1.0,0.5775460816227348]
[58669,34454,1.0,0.7401642418249627]
[58669,53390,1.0,0.5423601851196007]
[32809,32806,1.0,0.9881779488340494]
[113814,53390,1.0,0.43093450030441877]
[97861,58669,1.0,0.4430252924901595]
[113823,113814,1.0,0.9872205596007798]
[113823,113817,1.0,0.9872205596007798]
[113823,113820,1.0,0.9807238847235503]
[113823,53390,1.0,0.430168600898032]
[89013,89010,1.0,0.9933374860859453]
[89013,58669,1.0,0.44175709608910885]
[89013,89007,1.0,0.9942129708818666]
[89013,89004,1.0,0.9942129708818666]
[89007,58669,1.0,0.463220494118702]
[89007,89004,1.0,0.9952227536000962]
[81663,58669,1.0,0.4174522486323064]
[117583,32809,1.0,0.608467757977306]
[117583,32806,1.0,0.49681898772388977]
[94456,58669,1.0,0.40871156407236287]
[94456,79132,1.0,0.44148835935802017]
[94456,92795,1.0,0.525611072857031]
[94456,53390,1.0,0.49837243670663994]
[89004,58669,1.0,0.463220494118702]
[120087,113814,1.0,0.4255414140627692]
[120087,113817,1.0,0.42170282414667254]
[120097,58669,1.0,0.44662525826269456]
[120097,89007,1.0,0.5082613546836912]
[130623,58669,1.0,0.41692851696574207]
[130623,113814,1.0,0.4149194625967237]
[130623,113823,1.0,0.42142013952200374]
[130623,113817,1.0,0.4149194625967237]
[130623,113820,1.0,0.4514833563676634]
[62663,53390,1.0,0.505651937818483]
[81551,62663,1.0,0.420480689779613]
[113817,113814,1.0,0.9943950391570788]
[113817,53390,1.0,0.4281915823491199]
[113820,113814,1.0,0.9919764069666193]
[113820,113817,1.0,0.9906495520750387]
[113820,53390,1.0,0.42362186906291777]
[63726,58669,1.0,0.4184418055324899]
[53390,32809,1.0,0.45790409285668104]
[53390,32806,1.0,0.4017507860216551]
[94311,94308,1.0,0.9856013414380667]
[94317,94311,1.0,0.9892102430304969]
[94317,94308,1.0,0.992118598480181]
[94317,94314,1.0,0.9824089402740037]
[99460,26375,1.0,0.4142365224746265]
[45783,45780,1.0,0.9019944489228197]
[94314,94311,1.0,0.9798970225558529]
[94314,94308,1.0,0.9849277658294995]
[47139,47133,1.0,0.9916580143240381]
[47139,47136,1.0,0.9400386195964889]
[124266,124263,1.0,0.9952227536000962]
[124266,124260,1.0,0.9867221632291971]
[19833,19827,1.0,0.989998839748586]
[19833,19830,1.0,0.9043845762824152]
[19833,19824,1.0,0.9914211208883845]
[19836,19833,1.0,0.9584928626275043]
[19836,19827,1.0,0.9804360882943857]
[19836,19830,1.0,0.8101602340256925]
[19836,19824,1.0,0.983414033966052]
[127368,127365,1.0,0.9845579024703008]
[47136,47133,1.0,0.9753941713776445]
[19827,19824,1.0,0.9942676782532981]
[19830,19827,1.0,0.959896337254485]
[19830,19824,1.0,0.9651433120399704]
[49064,47139,1.0,0.5063980703840386]
[49064,47133,1.0,0.5063980703840386]
[99088,12068,1.0,0.43616485043227343]
[110314,12068,1.0,0.47286736735553114]
[110314,27894,1.0,0.43368042614455327]
[124263,124260,1.0,0.9952227536000962]
[67144,67141,1.0,0.9933550320030448]
[67144,67138,1.0,0.9952227536000962]
[86707,67144,1.0,0.5288664715988031]
[86707,67141,1.0,0.5288664715988031]
[86707,10686,1.0,0.5929439191530971]
[67141,67138,1.0,0.9933550320030448]
[122397,10686,1.0,0.4229633124499653]
[119191,102684,1.0,0.4848243657119682]
[81731,81725,1.0,0.988848171392966]
[81731,81722,1.0,0.9952227536000962]
[36005,31335,1.0,0.44487113433619646]
[36005,3292,1.0,0.5892499095019768]
[36005,12815,1.0,0.4983358143327268]
[36005,27154,1.0,0.5031425110283351]
[36005,26413,1.0,0.5459203053119688]
[32057,31335,1.0,0.4319074091051252]
[32057,32054,1.0,0.7505251662966098]
[51614,36005,1.0,0.5746933566654349]
[96661,96655,1.0,0.97718492556728]
[96661,96658,1.0,0.9774338060005757]
[60795,48870,1.0,0.4051094428997177]
[60795,45886,1.0,0.5458005879771877]
[60795,30540,1.0,0.5141675323327719]
[96897,96894,1.0,0.9601612573426513]
[96897,58173,1.0,0.46506793785944484]
[96897,96888,1.0,0.9952227536000962]
[8118,8115,1.0,0.9816635899990559]
[45886,32799,1.0,0.5060887688609105]
[48499,48496,1.0,0.5228501863866294]
[48499,48493,1.0,0.8439072695809633]
[130869,55382,1.0,0.41026412027593545]
[130869,97155,1.0,0.4755599656049599]
[95556,45886,1.0,0.6366400276446018]
[96894,96888,1.0,0.9720164353538209]
[55373,27154,1.0,0.4882480477714802]
[22217,22214,1.0,0.9850078167946623]
[32060,32054,1.0,0.947000071307749]
[32060,32057,1.0,0.8085987710526766]
[96664,31335,1.0,0.4170195116173056]
[96664,96661,1.0,0.97718492556728]
[96664,96655,1.0,0.9877726362494229]
[96664,96658,1.0,0.986003429669276]
[114756,114750,1.0,0.9952227536000962]
[114756,114753,1.0,0.9750410916446599]
[47805,46864,1.0,0.46028274494297855]
[127342,936,1.0,0.4397545167946445]
[127342,12815,1.0,0.43123051188575856]
[127342,43118,1.0,0.40927555190056214]
[127342,26413,1.0,0.8072690587320306]
[81725,81722,1.0,0.988848171392966]
[96667,31335,1.0,0.45929977480466017]
[96667,96661,1.0,0.9670321252014971]
[96667,96664,1.0,0.9799572086705678]
[96667,96655,1.0,0.9917953203855682]
[96667,96658,1.0,0.9905807061367866]
[43118,36005,1.0,0.5325204103847745]
[43118,12815,1.0,0.5315143119992924]
[55379,55373,1.0,0.9877726362494229]
[55379,27154,1.0,0.5447437489739569]
[75179,75176,1.0,0.9947262821994]
[96655,31335,1.0,0.42461168578645353]
[96655,12815,1.0,0.4088706519997336]
[88963,31991,1.0,0.4505110959140373]
[88963,46864,1.0,0.5240904935342805]
[32799,10209,1.0,0.42914981965804627]
[48496,48493,1.0,0.8311486871446775]
[112693,99361,1.0,0.46029852678406763]
[112693,99364,1.0,0.4034428025985702]
[48502,48499,1.0,0.8065076448192292]
[48502,48496,1.0,0.6023104591682148]
[48502,48493,1.0,0.9918484705620987]
[55385,55373,1.0,0.9947262821994]
[55385,27154,1.0,0.48682915188724846]
[55385,55379,1.0,0.9865413521252184]
[55385,55382,1.0,0.9831510032608723]
[79778,79775,1.0,0.9861142613032401]
[99361,36005,1.0,0.48345127412095407]
[99361,62219,1.0,0.43150092543390084]
[102684,48870,1.0,0.40496365482758306]
[102684,22170,1.0,0.6175454958237614]
[102684,64927,1.0,0.40605278337742434]
[102684,53752,1.0,0.4409205013222699]
[102684,8687,1.0,0.4881015689864629]
[102684,71987,1.0,0.6514246514156292]
[102684,48499,1.0,0.545578631558319]
[102684,71066,1.0,0.4742979089030505]
[102684,62300,1.0,0.440625240625357]
[102684,46864,1.0,0.5232006498144945]
[102684,47805,1.0,0.4630234891048742]
[102684,77194,1.0,0.40791695740453665]
[102684,48502,1.0,0.685203240421223]
[102684,82391,1.0,0.45480049390898797]
[102684,87632,1.0,0.46695604110799616]
[102684,76794,1.0,0.4257086329712727]
[102684,98904,1.0,0.46839086550354075]
[102684,48505,1.0,0.5539276519868861]
[102684,48493,1.0,0.5539276519868861]
[102684,5757,1.0,0.47511405593000583]
[102684,73423,1.0,0.5719767979660633]
[102684,93587,1.0,0.6306452886402121]
[55382,36005,1.0,0.4719388472364024]
[55382,55373,1.0,0.9932537467430427]
[55382,27154,1.0,0.4423312686305653]
[55382,55379,1.0,0.9833950324216724]
[114174,102684,1.0,0.5016846991975623]
[26413,12815,1.0,0.5165106022199184]
[97155,36005,1.0,0.5102254128342584]
[97155,43552,1.0,0.4049731229434486]
[48505,48499,1.0,0.651120005304256]
[48505,48502,1.0,0.9657123453574535]
[48505,48493,1.0,0.9829714173435662]
[96658,31335,1.0,0.4149177153213946]
[96658,12815,1.0,0.40787062984422817]
[96658,96655,1.0,0.9917844628232949]
[99364,36005,1.0,0.48345127412095407]
[99364,99361,1.0,0.9927543544888627]
[26209,3292,1.0,0.45444973488548507]
[114753,114750,1.0,0.6596978711719649]
[22220,22217,1.0,0.9787211766620967]
[22220,22214,1.0,0.9812074611174963]
[104218,102684,1.0,0.6025926014662485]
[3844,3841,1.0,0.976751562905469]
[6584,6581,1.0,0.9785285998825866]
[51469,51466,1.0,0.9877726362494229]
[63868,21591,1.0,0.4862391171705825]
[74225,74222,1.0,0.9902548312638412]
[107506,6581,1.0,0.4032716715538637]
[97108,21591,1.0,0.6678908122593342]
[74228,74225,1.0,0.9819861633281917]
[74228,74222,1.0,0.9909357581587459]
[74228,7717,1.0,0.40555506317374895]
[51472,51469,1.0,0.9623777336215261]
[51472,51466,1.0,0.9824826221614724]
[74222,7717,1.0,0.40555506317374895]
[104098,104089,1.0,0.9905120714861075]
[104098,104095,1.0,0.9742050939055904]
[104098,104086,1.0,0.9952227536000962]
[104098,104092,1.0,0.9209901098673113]
[104089,104086,1.0,0.9843252329715685]
[104095,104089,1.0,0.9569865332286817]
[104095,104086,1.0,0.9732491408827697]
[104095,104092,1.0,0.5141463970696902]
[104092,104089,1.0,0.63901333505934]
[104092,104086,1.0,0.7442979464962948]
[105715,105712,1.0,0.9891164748499857]
[115687,115684,1.0,0.9952227536000962]
[115687,59023,1.0,0.5278619217919746]
[115687,25082,1.0,0.4490252591290515]
[115687,51414,1.0,0.4438634934809151]
[115687,89401,1.0,0.5775001300890544]
[11973,11967,1.0,0.9766894935136821]
[11973,11970,1.0,0.7481310267570059]
[11982,11973,1.0,0.9582220618995413]
[11982,11967,1.0,0.9418380314876261]
[11982,11976,1.0,0.9238096909889477]
[11982,11970,1.0,0.5778130355653134]
[11976,11973,1.0,0.9766894935136821]
[11976,11967,1.0,0.9929243387519429]
[11976,11970,1.0,0.7948444819760787]
[11970,11967,1.0,0.8727076156622813]
[112389,60482,1.0,0.4631961285369097]
[112389,65022,1.0,0.6556489504640757]
[112389,18801,1.0,0.4854649853401302]
[112389,18804,1.0,0.4682467046653535]
[112389,42466,1.0,0.5889819748082794]
[112389,112386,1.0,0.9952227536000962]
[112389,24939,1.0,0.6554177372327548]
[112389,16773,1.0,0.6219417742564773]
[112389,18798,1.0,0.49994840454418216]
[18801,18798,1.0,0.9811603643377365]
[112392,112389,1.0,0.994205387626701]
[112392,112386,1.0,0.994205387626701]
[112395,112389,1.0,0.950402661682444]
[112395,112392,1.0,0.8908347648250086]
[112395,112386,1.0,0.9041893853964386]
[18804,18801,1.0,0.9211390650236304]
[18804,18798,1.0,0.9635400901717023]
[123148,112389,1.0,0.5052145592483608]
[54294,54291,1.0,0.9815880202796341]
[32443,32440,1.0,0.9892494437632019]
[117180,36903,1.0,0.6713023170698376]
[69510,53205,1.0,0.6508839557165199]
[22147,22144,1.0,0.9842384786182979]
[22150,22144,1.0,0.9952227536000962]
[22150,22147,1.0,0.9952227536000962]
[55162,36903,1.0,0.4007205445180635]
[44325,36903,1.0,0.41207468931148306]
[54297,54291,1.0,0.9911955626349124]
[54297,54294,1.0,0.9685334652531677]
[68688,68679,1.0,0.9884600069936381]
[68688,68685,1.0,0.8282771457859809]
[68688,68682,1.0,0.9671061980783139]
[41752,36903,1.0,0.47051148185522745]
[32446,32443,1.0,0.9687526795387722]
[32446,32440,1.0,0.9878158060750454]
[44528,44525,1.0,0.9749791274183107]
[121678,44525,1.0,0.4119277936082304]
[68685,68679,1.0,0.8554747533259622]
[68685,46408,1.0,0.44901747695984395]
[68685,68682,1.0,0.8562617920097388]
[68685,46414,1.0,0.40399628414059513]
[68682,68679,1.0,0.9449271339037467]
[46411,8562,1.0,0.419634559439631]
[46411,46408,1.0,0.9749614546337968]
[54971,22150,1.0,0.4681738375270142]
[54303,54291,1.0,0.9926833917401131]
[54303,54294,1.0,0.9747362727505001]
[54303,54297,1.0,0.9866931762153646]
[54303,54300,1.0,0.9942129708818666]
[46414,46408,1.0,0.9901459544959862]
[46414,46411,1.0,0.9541464935955708]
[89273,89267,1.0,0.8720164342837438]
[54306,54291,1.0,0.9809896704397973]
[54306,54294,1.0,0.9581460154949734]
[54306,54297,1.0,0.968131243085113]
[54306,54303,1.0,0.9867220163800186]
[54306,54300,1.0,0.9840555475498064]
[132384,36903,1.0,0.5920935109307138]
[54300,54291,1.0,0.9942129708818666]
[54300,54294,1.0,0.9849608081261584]
[54300,54297,1.0,0.9894401498241225]
[42017,42011,1.0,0.9895192543664736]
[42017,24799,1.0,0.6616669255321425]
[33036,24799,1.0,0.4877309184796952]
[33036,33033,1.0,0.9952227536000962]
[42011,24799,1.0,0.6169946920812407]
[24799,20227,1.0,0.6297639688990428]
[31784,24799,1.0,0.5279862338764665]
[91370,91367,1.0,0.9740375240477078]
[91376,91370,1.0,0.9842280334757852]
[91376,91367,1.0,0.9936734116065394]
[91376,91373,1.0,0.9803145580010184]
[91373,91370,1.0,0.981095422153949]
[91373,91367,1.0,0.9742626274076588]
[87731,87725,1.0,0.9952227536000962]
[87734,87731,1.0,0.9641838209525916]
[87734,87725,1.0,0.9641838209525916]
[60367,60361,1.0,0.9950881655021437]
[60367,60358,1.0,0.9938755476692424]
[60367,60364,1.0,0.9844202204399032]
[93630,60280,1.0,0.4267696811858707]
[109855,72450,1.0,0.4239282317492057]
[128359,128350,1.0,0.9952227536000962]
[128359,128353,1.0,0.9952227536000962]
[128359,128356,1.0,0.6189057807446824]
[12964,12961,1.0,0.9878745024717368]
[128353,128350,1.0,0.9952227536000962]
[60361,60358,1.0,0.9952227536000962]
[60364,60361,1.0,0.9876129242177618]
[60364,60358,1.0,0.9876129242177618]
[128356,128350,1.0,0.570295289378026]
[128356,128353,1.0,0.570295289378026]
[17487,17478,1.0,0.9870009737285363]
[17487,17481,1.0,0.9450015909216273]
[17487,17484,1.0,0.9700400817895227]
[17481,17478,1.0,0.9769669134990037]
[6813,6810,1.0,0.9853659561853709]
[14500,6810,1.0,0.5219112736409481]
[14500,6813,1.0,0.6080582450109202]
[17484,17478,1.0,0.9662216744584646]
[17484,17481,1.0,0.9271350724635574]
[80496,80490,1.0,0.9875845250847812]
[80496,80493,1.0,0.9620337133150545]
[80493,80490,1.0,0.975757019061986]
[75738,3725,1.0,0.4652892203543116]
[112974,65936,1.0,0.5767305496142564]
[109563,3725,1.0,0.5903303033730368]
[105589,40367,1.0,0.45497234320685553]
[105589,46127,1.0,0.41587785310141634]
[105589,83809,1.0,0.45449105796577277]
[105589,3725,1.0,0.6058871944335993]
[89828,3725,1.0,0.4332130957162203]
[49437,49431,1.0,0.9843118142795058]
[49437,49434,1.0,0.9843118142795058]
[94665,94659,1.0,0.9892272666396181]
[94665,94662,1.0,0.9829105812026494]
[83254,3725,1.0,0.5393819069734965]
[55400,23910,1.0,0.4341652472440601]
[21263,3725,1.0,0.4944636303052275]
[94360,3725,1.0,0.5259662239460002]
[72429,3725,1.0,0.4624317871724691]
[19970,3725,1.0,0.6464890404553184]
[94662,94659,1.0,0.9895806313850611]
[7755,3725,1.0,0.6219298275935835]
[65647,3725,1.0,0.45388797022645155]
[49434,49431,1.0,0.9952227536000962]
[29718,3725,1.0,0.6180373373911076]
[83809,3725,1.0,0.43871713474454244]
[3725,2494,1.0,0.46578931035932575]
[32795,32792,1.0,0.9952227536000962]
[19484,19481,1.0,0.7672891323324814]
[19487,19481,1.0,0.9844807150103391]
[19487,19484,1.0,0.4999059229840936]
[32798,32792,1.0,0.9656483304267777]
[32798,32795,1.0,0.9656483304267777]
[10412,10409,1.0,0.986430049021612]
[10415,10412,1.0,0.9891912088853747]
[10415,10409,1.0,0.9914729588753374]
[10415,1248,1.0,0.4879413187698615]
[73481,73478,1.0,0.9938804711395797]
[73487,73481,1.0,0.9720970855722172]
[73487,73478,1.0,0.9862580212562922]
[124960,10412,1.0,0.717574058129781]
[124960,10415,1.0,0.7212675623361724]
[124960,10409,1.0,0.7424345628822137]
[124960,10418,1.0,0.6120407371376229]
[86936,10415,1.0,0.49760853705861935]
[10418,10412,1.0,0.9846205777640428]
[10418,10415,1.0,0.9861021170789166]
[10418,10409,1.0,0.9877812743869288]
[16381,16375,1.0,0.9768461524535552]
[16381,16372,1.0,0.9853615471440286]
[99268,37246,1.0,0.5327457037285301]
[100033,16375,1.0,0.605536053232047]
[100033,71196,1.0,0.4904865997495958]
[100033,16372,1.0,0.6141020336512902]
[16375,16372,1.0,0.9885157901706527]
[71193,20231,1.0,0.42643135238728064]
[71193,16375,1.0,0.46833336146887905]
[71193,71184,1.0,0.9725583622999802]
[71193,16372,1.0,0.46811119997047196]
[71193,37246,1.0,0.5359722436706226]
[130141,71193,1.0,0.4395074071113991]
[130141,19383,1.0,0.7724576490708613]
[118495,71193,1.0,0.4817407808113519]
[118495,118489,1.0,0.9513834821816555]
[71196,71193,1.0,0.9675393216198385]
[71196,71184,1.0,0.9773886682996642]
[71196,19383,1.0,0.5636188845287511]
[77680,77677,1.0,0.9705174737315307]
[77683,77677,1.0,0.993172515220938]
[77683,77680,1.0,0.9824523092151121]
[124258,50086,1.0,0.48990368488890196]
[7535,7529,1.0,0.9826277423499531]
[7535,7532,1.0,0.9776873522820421]
[7538,7529,1.0,0.9952227536000962]
[7538,7535,1.0,0.9937807051809457]
[7538,7532,1.0,0.9933550320030448]
[74052,6868,1.0,0.4289445043138228]
[74052,12562,1.0,0.42746673397776347]
[7532,7529,1.0,0.9933550320030448]
[90445,90442,1.0,0.9941331399080218]
[65687,25781,1.0,0.7516380680960832]
[17973,17967,1.0,0.9828745242192207]
[69791,69788,1.0,0.9553536779355575]
[85219,41898,1.0,0.46112161866935913]
[81278,1529,1.0,0.52382527330849]
[30435,30429,1.0,0.7737027085528845]
[39424,27220,1.0,0.5878396336989636]
[39424,17794,1.0,0.40212157415533367]
[18790,11491,1.0,0.40197412662860427]
[18790,18778,1.0,0.9952227536000962]
[18790,18781,1.0,0.9950198389614197]
[18790,18787,1.0,0.9905564682541387]
[18781,18778,1.0,0.9911532901740863]
[86607,18790,1.0,0.4253248248297106]
[18787,18778,1.0,0.9905564682541387]
[18787,18781,1.0,0.9669899468393462]
[18793,18778,1.0,0.993478550328787]
[18793,18790,1.0,0.993478550328787]
[18793,18781,1.0,0.973812795579366]
[18793,18787,1.0,0.9871315583873643]
[88883,88877,1.0,0.9916780193051522]
[118542,118539,1.0,0.9907990197497755]
[69794,69791,1.0,0.9347519628568958]
[69794,69788,1.0,0.9831926567996173]
[124743,18790,1.0,0.5378615671290513]
[85659,85656,1.0,0.9378601697781336]
[51615,51609,1.0,0.9905564682541387]
[51615,51612,1.0,0.9905564682541387]
[51612,51609,1.0,0.9952227536000962]
[85662,85659,1.0,0.9187174094405801]
[85662,85656,1.0,0.8841720662446504]
[124105,85662,1.0,0.5897868600090855]
[87942,87939,1.0,0.8204747506836318]
[87942,87933,1.0,0.9709402722450944]
[87936,87933,1.0,0.6484938857147976]
[5577,5574,1.0,0.9717731336565276]
[87939,87936,1.0,0.8536266760124829]
[87939,87933,1.0,0.9443925011485967]
[5583,5577,1.0,0.960593045752171]
[5583,5574,1.0,0.9877726362494229]
[5583,5580,1.0,0.9803595065124909]
[69350,24596,1.0,0.7356871072222748]
[93552,17408,1.0,0.46428372605675466]
[5580,5577,1.0,0.9407302738750764]
[5580,5574,1.0,0.9882639164512487]
[57261,57258,1.0,0.9952227536000962]
[127518,9893,1.0,0.4749851038405768]
[50889,50886,1.0,0.9843893583618863]
[56899,56896,1.0,0.9947803113316972]
[18557,18554,1.0,0.6222348656897141]
[18557,18551,1.0,0.8632333263549865]
[56902,56899,1.0,0.9870758417051313]
[56902,56896,1.0,0.992032811459589]
[14249,14243,1.0,0.5796901297704691]
[14249,14246,1.0,0.5779339120639853]
[18554,18551,1.0,0.9679839809661437]
[118972,118966,1.0,0.9260738353276985]
[118972,118969,1.0,0.9260738353276985]
[14252,14249,1.0,0.5718229553798369]
[14252,14243,1.0,0.9922728384210173]
[14252,14246,1.0,0.9852733608479166]
[5373,5370,1.0,0.9952227536000962]
[60772,60769,1.0,0.9438377138468333]
[60772,60763,1.0,0.9946572280446236]
[60772,60757,1.0,0.9952227536000962]
[60772,60760,1.0,0.9761076001605827]
[14255,14249,1.0,0.4411093217861936]
[14255,14252,1.0,0.9451822484217678]
[14255,14243,1.0,0.9621174317285307]
[14255,14246,1.0,0.9334223026440275]
[5376,5373,1.0,0.9880928990844444]
[5376,5370,1.0,0.9880928990844444]
[118969,118966,1.0,0.9952227536000962]
[60769,60763,1.0,0.9394030655288433]
[60769,60757,1.0,0.9438377138468333]
[60769,60760,1.0,0.8543582358604022]
[14258,14249,1.0,0.6434399539520048]
[14258,14252,1.0,0.9922728384210173]
[14258,14255,1.0,0.9621174317285307]
[14258,14243,1.0,0.9952227536000962]
[14258,14246,1.0,0.9906315283630477]
[18560,18557,1.0,0.8919414207226141]
[18560,18554,1.0,0.9644770411876887]
[18560,18551,1.0,0.9945081630075626]
[76099,76096,1.0,0.6829897883976419]
[76099,76093,1.0,0.964366360146175]
[32350,5376,1.0,0.4410509799308049]
[54912,54909,1.0,0.9510720201319606]
[60763,60757,1.0,0.9909424776519933]
[60763,60760,1.0,0.9581275514872817]
[14246,14243,1.0,0.9927945719008726]
[50892,50889,1.0,0.727465382780388]
[50892,50886,1.0,0.8211967333764235]
[76096,76093,1.0,0.7686258250566057]
[118975,118972,1.0,0.8203982356024128]
[118975,118966,1.0,0.9892984586536931]
[118975,118969,1.0,0.9892984586536931]
[56908,56899,1.0,0.9524713265565704]
[56908,56902,1.0,0.9682361945381299]
[56908,56896,1.0,0.9682361945381299]
[56908,56905,1.0,0.9301007290172274]
[56905,56899,1.0,0.9793233153790832]
[56905,56902,1.0,0.9795665631209842]
[56905,56896,1.0,0.9867683382768504]
[60760,60757,1.0,0.9841520012882965]
[39083,39080,1.0,0.9877726362494229]
[60616,60613,1.0,0.9938647243311929]
[39086,39083,1.0,0.9334082283666019]
[39086,39080,1.0,0.9694093229478066]
[102093,60616,1.0,0.4476948429729291]
[102093,60613,1.0,0.448915370736694]
[102093,60619,1.0,0.8352485046893159]
[44957,44954,1.0,0.9904544850000155]
[60625,60616,1.0,0.980597037506708]
[60625,60613,1.0,0.9919031889112758]
[60625,60619,1.0,0.9919031889112758]
[106023,106017,1.0,0.9945194946989725]
[60619,60616,1.0,0.988119411407836]
[60619,60613,1.0,0.9952227536000962]
[6246,6237,1.0,0.9729529599445066]
[6246,6243,1.0,0.8537246324756357]
[6243,6237,1.0,0.947632719659765]
[40810,40804,1.0,0.9952227536000962]
[40813,40804,1.0,0.9952227536000962]
[40813,40810,1.0,0.9952227536000962]
[76309,76306,1.0,0.9936650057467088]
[110757,110754,1.0,0.6488000307168514]
[110757,110751,1.0,0.976110254379941]
[59124,59121,1.0,0.9909424776519933]
[110760,110757,1.0,0.9619207118720461]
[110760,110754,1.0,0.6760116191332664]
[110760,110751,1.0,0.9942129708818666]
[110754,110751,1.0,0.6760116191332664]
[59127,59124,1.0,0.895540283926625]
[59127,59121,1.0,0.9031820435989688]
[59130,59124,1.0,0.8873203551931782]
[59130,59121,1.0,0.8944997504459339]
[59130,59127,1.0,0.765077595841345]
[131715,110221,1.0,0.5072097428718068]
[131715,124452,1.0,0.5502943832044194]
[124452,52063,1.0,0.5539586699806248]
[65317,65314,1.0,0.973187939117338]
[15181,15175,1.0,0.8374233127379237]
[15181,15169,1.0,0.9305009200701353]
[15181,15178,1.0,0.9257336003098513]
[15181,15172,1.0,0.8856597305069427]
[15184,15181,1.0,0.9060005268773975]
[15184,15175,1.0,0.8555258809079855]
[15184,15169,1.0,0.9764055153032615]
[15184,15178,1.0,0.9836483834641895]
[15184,15172,1.0,0.9592241583180032]
[15175,15169,1.0,0.9846369832773684]
[15175,15172,1.0,0.9721036999949801]
[15178,15175,1.0,0.9263538014707013]
[15178,15169,1.0,0.9905718511065706]
[15178,15172,1.0,0.9825681885216706]
[15172,15169,1.0,0.9908397224750475]
[119569,83960,1.0,0.566690270648717]
[119569,22474,1.0,0.428950769382594]
[119569,13878,1.0,0.46828382104610855]
[37968,22474,1.0,0.5238564949169549]
[37968,13878,1.0,0.5323134803141005]
[83960,37968,1.0,0.43459543940377554]
[83960,9496,1.0,0.4180098935429021]
[83960,78662,1.0,0.5592714955092811]
[83960,40336,1.0,0.44119112323973164]
[22474,22471,1.0,0.9855339874209459]
[22474,9496,1.0,0.4742696674377388]
[40820,22474,1.0,0.5135348067841143]
[40820,13878,1.0,0.5168891569767388]
[23075,22474,1.0,0.41963334941990404]
[23075,13878,1.0,0.5455118925472848]
[11174,11162,1.0,0.9647989762530081]
[11174,11168,1.0,0.775265697004508]
[11174,11165,1.0,0.95386472168943]
[11168,11162,1.0,0.9524564747456286]
[11168,11165,1.0,0.9304080166437607]
[127549,37968,1.0,0.4902163298927004]
[13878,9496,1.0,0.4381243852207128]
[22477,22471,1.0,0.9698762889492096]
[22477,22474,1.0,0.9379489676632314]
[122271,122268,1.0,0.9952227536000962]
[48631,9496,1.0,0.42169599440433736]
[11165,11162,1.0,0.9748172465944794]
[78662,22474,1.0,0.5959083505471107]
[78662,13878,1.0,0.4011379616363223]
[78662,73801,1.0,0.4498651069834847]
[40336,22474,1.0,0.446554555657524]
[40336,13878,1.0,0.40225352599268616]
[102901,83960,1.0,0.6149924311588875]
[87135,87129,1.0,0.9926680456172919]
[87135,87132,1.0,0.964184334874565]
[127144,24913,1.0,0.7532499695317861]
[117238,93991,1.0,0.5363216671435701]
[117238,24913,1.0,0.6978425383608278]
[117238,61411,1.0,0.683636582813831]
[117238,13147,1.0,0.40336819425115095]
[117238,46627,1.0,0.4004268054103833]
[117238,87132,1.0,0.41434297225037897]
[117238,19744,1.0,0.5469909397175771]
[117238,17171,1.0,0.47841370688414847]
[49605,31250,1.0,0.4323535390332658]
[101895,40007,1.0,0.44954479979943907]
[31253,24913,1.0,0.5459752295678224]
[31253,31250,1.0,0.9782011945496366]
[87132,87129,1.0,0.9752084416290645]
[36828,24913,1.0,0.7397094292623975]
[31250,24913,1.0,0.4905889422650319]
[40007,24913,1.0,0.44569013868327195]
[54726,54723,1.0,0.9928992609089963]
[54729,54723,1.0,0.9636038852061665]
[54729,54726,1.0,0.9658203592129627]
[50657,11210,1.0,0.4057613426521247]
[87061,50657,1.0,0.5376612422439236]
[68632,68626,1.0,0.9167227609844982]
[68632,68629,1.0,0.9348182118740022]
[12259,12250,1.0,0.9792378202291271]
[12259,12253,1.0,0.9851303749627468]
[55435,29889,1.0,0.47824646420982736]
[55435,50657,1.0,0.41508062310427646]
[55435,15304,1.0,0.5191519726038843]
[55435,29892,1.0,0.47662848785008066]
[106797,29889,1.0,0.4113282155948115]
[106797,76117,1.0,0.4342555198537425]
[106797,29892,1.0,0.4113282155948115]
[106797,93775,1.0,0.6129485237229897]
[52736,50657,1.0,0.5760505653048186]
[12253,12250,1.0,0.9931484548490003]
[76117,55435,1.0,0.49949302462991946]
[76117,15304,1.0,0.5448390012414676]
[76117,52736,1.0,0.4783192594135096]
[76117,24800,1.0,0.47641034242859276]
[76117,19736,1.0,0.44711893542951814]
[76117,12111,1.0,0.4861715837376697]
[76117,62021,1.0,0.4991429874528216]
[76117,48251,1.0,0.4390147847408235]
[29892,29889,1.0,0.9946065170958023]
[68638,68626,1.0,0.9691174821990483]
[68638,68632,1.0,0.7031105456226047]
[68638,68635,1.0,0.949474553552826]
[68638,68629,1.0,0.9329811745957148]
[58803,50657,1.0,0.5509726730735892]
[68635,68626,1.0,0.9849843450185032]
[68635,68632,1.0,0.9007494303052164]
[68635,68629,1.0,0.9825859568297712]
[68629,68626,1.0,0.9920291723687975]
[77894,77891,1.0,0.9656139815577353]
[77894,65856,1.0,0.4936760869462542]
[46659,46656,1.0,0.6169523251248566]
[128862,32385,1.0,0.5175375457338109]
[33795,33789,1.0,0.9952227536000962]
[70167,70161,1.0,0.9496322978302729]
[70167,70164,1.0,0.9445531853077532]
[85397,85394,1.0,0.9812771763345238]
[70164,70161,1.0,0.9515292449910787]
[77454,77451,1.0,0.9724707548239482]
[68513,68507,1.0,0.9881811911101018]
[10243,1463,1.0,0.5022270536935807]
[103270,1463,1.0,0.4415243651022457]
[1463,1460,1.0,0.9873818884558132]
[1466,1460,1.0,0.9748306560875212]
[1466,1463,1.0,0.9456453571118791]
[58987,1463,1.0,0.5380793763117695]
[87585,87582,1.0,0.9916975038550923]
[4211,1463,1.0,0.4221997243002539]
[73197,73194,1.0,0.9885181920468564]
[73197,73191,1.0,0.991499051822323]
[68080,47962,1.0,0.5899843471360895]
[70970,5794,1.0,0.5449136524340755]
[70970,59145,1.0,0.5352120360710938]
[83817,963,1.0,0.42467239437216836]
[83817,83814,1.0,0.9931558375613116]
[83817,2556,1.0,0.5016659328178752]
[94546,43647,1.0,0.4621938480444371]
[94546,47306,1.0,0.6531077346706612]
[94546,80973,1.0,0.4574818258881149]
[94546,94540,1.0,0.991488837207211]
[94546,94543,1.0,0.991488837207211]
[94546,4958,1.0,0.44476891209344954]
[94546,76278,1.0,0.4193106760101632]
[94546,55350,1.0,0.401498969935589]
[94549,94546,1.0,0.9683498656673177]
[94549,94540,1.0,0.4242328608603623]
[94549,94543,1.0,0.4242328608603623]
[94552,94546,1.0,0.977337222678045]
[94552,94540,1.0,0.9905564682541387]
[94552,94543,1.0,0.9905564682541387]
[16756,16750,1.0,0.9952227536000962]
[16756,16753,1.0,0.9907099542313996]
[14357,14354,1.0,0.9765251144948383]
[53594,53591,1.0,0.9545197416816601]
[119151,119148,1.0,0.9802436932191289]
[98973,94546,1.0,0.48799725435913843]
[73194,73191,1.0,0.9945081630075626]
[82711,82708,1.0,0.9793857098639274]
[28690,28687,1.0,0.8779958071259765]
[16759,16756,1.0,0.9902570385699506]
[16759,16750,1.0,0.9902570385699506]
[16759,8895,1.0,0.5626557714565685]
[16759,16753,1.0,0.9820076541004995]
[94543,94540,1.0,0.9952227536000962]
[87162,12168,1.0,0.41415449463754767]
[78936,78933,1.0,0.9867480746848469]
[73200,73197,1.0,0.9791267238307231]
[73200,73194,1.0,0.9834790109253536]
[73200,73191,1.0,0.9875478803503387]
[109506,47962,1.0,0.4950851751472335]
[16753,16750,1.0,0.9945194946989725]
[16753,8895,1.0,0.5543450530391644]
[16762,16756,1.0,0.9675990725987251]
[16762,16759,1.0,0.9348406650405013]
[16762,16750,1.0,0.9675990725987251]
[16762,16753,1.0,0.9470338534490116]
[119157,119151,1.0,0.9672006267610828]
[119157,119148,1.0,0.9791757968195]
[84178,47962,1.0,0.40472438180231746]
[69902,69896,1.0,0.43575371717933586]
[68114,68111,1.0,0.58849023265976]
[69899,69896,1.0,0.9905564682541387]
[38387,38384,1.0,0.9927742648919292]
[31052,31043,1.0,0.9568770629022998]
[31052,31040,1.0,0.9926537256321996]
[31052,31046,1.0,0.9918177000431233]
[31052,31049,1.0,0.9888277809775914]
[31043,31040,1.0,0.9691292837418397]
[31046,31043,1.0,0.9563212303421531]
[31046,31040,1.0,0.992401980840966]
[60998,60995,1.0,0.7474960910283716]
[102154,60877,1.0,0.4261251313500756]
[102154,22746,1.0,0.5083991522648088]
[102154,38905,1.0,0.4033164034569147]
[31049,31043,1.0,0.966566191340509]
[31049,31040,1.0,0.9946939993737459]
[31049,31046,1.0,0.994446615866645]
[61001,60995,1.0,0.9922323843947127]
[61001,60998,1.0,0.7310805215178618]
[65898,4612,1.0,0.5435645089933104]
[105400,4612,1.0,0.44333181401523336]
[105412,105400,1.0,0.9709240427565802]
[105412,105406,1.0,0.4256395128766532]
[105412,4612,1.0,0.4654645626585972]
[105412,105409,1.0,0.5707124623590071]
[124417,4612,1.0,0.7806725606102753]
[18664,4612,1.0,0.41761401712344953]
[105406,105400,1.0,0.5728546192122563]
[105415,105400,1.0,0.9492360201384342]
[105415,105412,1.0,0.8369357376124562]
[105415,105406,1.0,0.658060107256874]
[105415,105409,1.0,0.5021844109042766]
[19189,4612,1.0,0.5020891070886387]
[21051,4612,1.0,0.5664709979911271]
[105409,105400,1.0,0.800053906267153]
[105409,105406,1.0,0.9726338855166092]
[67491,60281,1.0,0.5437478151475179]
[67491,60284,1.0,0.4410261350158694]
[60284,60281,1.0,0.6544542677168905]
[40398,40395,1.0,0.9859369605433117]
[74385,40398,1.0,0.6052062426091601]
[74385,74379,1.0,0.9952227536000962]
[74385,74382,1.0,0.9952227536000962]
[40401,40398,1.0,0.9815248438880452]
[40401,40395,1.0,0.9884020564588444]
[74394,74385,1.0,0.9337925970828554]
[74394,74379,1.0,0.9337925970828554]
[74394,74382,1.0,0.9469568630632016]
[74394,74388,1.0,0.9193041075166168]
[74382,74379,1.0,0.9952227536000962]
[88410,88404,1.0,0.9727835590943147]
[81528,81525,1.0,0.983442433725054]
[74388,74385,1.0,0.9952227536000962]
[74388,74379,1.0,0.9810561490142308]
[74388,74382,1.0,0.9810561490142308]
[60598,40398,1.0,0.5907632380545565]
[17471,17468,1.0,0.42618980891663133]
[17471,17462,1.0,0.44164831431398976]
[17468,17462,1.0,0.9872838047092178]
[51565,51559,1.0,0.9777482087966737]
[51565,51562,1.0,0.8530858278420457]
[51562,51559,1.0,0.9520741709969902]
[100677,21553,1.0,0.4244887880926832]
[83467,83461,1.0,0.9952227536000962]
[10962,10953,1.0,0.9827691819769834]
[10962,10959,1.0,0.9737313160033136]
[10962,10956,1.0,0.9770368113157258]
[10959,10953,1.0,0.9930842759799864]
[10959,10956,1.0,0.9897850923142262]
[10313,10301,1.0,0.9952227536000962]
[10313,10310,1.0,0.9952227536000962]
[10310,10301,1.0,0.9916975038550923]
[10956,10953,1.0,0.9892618130676961]
[120835,120832,1.0,0.9512783590824078]
[120838,120835,1.0,0.9454120245788575]
[120838,120832,1.0,0.9894493970498827]
[71596,71593,1.0,0.9849753767319578]
[34801,34798,1.0,0.9813144587241165]
[51035,51032,1.0,0.49157595503622004]
[51035,51029,1.0,0.6937882283617429]
[51032,51029,1.0,0.9868692635565719]
[72361,72355,1.0,0.9874688222970234]
[72361,72358,1.0,0.983566002207139]
[90030,29127,1.0,0.4945732856142515]
[72358,72355,1.0,0.9936523542937508]
[83999,41613,1.0,0.41393063412537895]
[34804,34801,1.0,0.9794983800000377]
[34804,34798,1.0,0.9899899668414485]
[34807,34801,1.0,0.9804255906667844]
[34807,34798,1.0,0.9904337421865785]
[34807,34804,1.0,0.9812659456489107]
[22574,22571,1.0,0.7152311660459676]
[59709,59706,1.0,0.5703968749375101]
[96963,2847,1.0,0.5919689072055543]
[90727,90724,1.0,0.9905214493001401]
[31475,31472,1.0,0.9903422171709604]
[90733,90727,1.0,0.9940739010479681]
[90733,90724,1.0,0.9943780916586645]
[90733,90730,1.0,0.9745904537044321]
[90730,90727,1.0,0.9872803653407787]
[90730,90724,1.0,0.9886123641348816]
[31478,31475,1.0,0.8464678002419337]
[31478,31472,1.0,0.9674032354798757]
[21182,21173,1.0,0.9933984901384654]
[21182,21176,1.0,0.9919081089126174]
[21182,21179,1.0,0.9858220503961032]
[21176,21173,1.0,0.9941331399080218]
[94267,94261,1.0,0.9946149626479851]
[94267,94264,1.0,0.9942129708818666]
[21179,21173,1.0,0.9895147614263562]
[21179,21176,1.0,0.9873000002367248]
[117108,117105,1.0,0.7460815335500125]
[117108,117099,1.0,0.9875432746762077]
[117105,117099,1.0,0.8353525994322032]
[47611,47608,1.0,0.9921478618717209]
[49336,49333,1.0,0.9846510032190366]
[88981,4070,1.0,0.41603506583542876]
[88981,61678,1.0,0.5655236720658631]
[59693,59690,1.0,0.9790517929317067]
[94264,94261,1.0,0.9946149626479851]
[127213,42118,1.0,0.4941112151747276]
[65952,36137,1.0,0.4103728925942037]
[44548,42118,1.0,0.5377627232204207]
[124978,124975,1.0,0.9356743037861964]
[124978,36374,1.0,0.42744310664845375]
[124975,36374,1.0,0.4694399626283237]
[124984,124978,1.0,0.8451363077173845]
[124984,124975,1.0,0.9919771293550337]
[124984,124981,1.0,0.991843652878591]
[124984,36374,1.0,0.4544986116362024]
[105823,42118,1.0,0.4676076523969505]
[131983,62247,1.0,0.49602452685896625]
[131983,36137,1.0,0.42775909724999]
[131983,68137,1.0,0.4377853073477923]
[45737,42118,1.0,0.4921970531617908]
[72290,42118,1.0,0.49061025160554406]
[105975,42118,1.0,0.7275646919028306]
[26284,26275,1.0,0.8754584943306094]
[26284,26281,1.0,0.7964187050228478]
[26284,26278,1.0,0.8969721095071884]
[26284,26272,1.0,0.8983321773448838]
[125064,42118,1.0,0.5678681790728753]
[115528,115525,1.0,0.977068770644535]
[86938,65952,1.0,0.4860927497363864]
[86938,86935,1.0,0.9779494368296876]
[42118,916,1.0,0.42335289628586636]
[42118,26284,1.0,0.4001595753869556]
[42118,29628,1.0,0.4721780326787114]
[42118,36137,1.0,0.5195953812235569]
[42118,6905,1.0,0.4870934696917996]
[42118,4970,1.0,0.4563614477393308]
[42118,26275,1.0,0.4266193181961862]
[42118,26281,1.0,0.454411115834546]
[42118,36181,1.0,0.49042565834084323]
[42118,26278,1.0,0.4506621525411923]
[42118,30431,1.0,0.4451981191863205]
[42118,36374,1.0,0.47520901301355495]
[42118,26272,1.0,0.454411115834546]
[42118,20688,1.0,0.46528651099641916]
[42118,35907,1.0,0.5303896031241234]
[42118,30549,1.0,0.6172400761123803]
[36137,1899,1.0,0.7153317777583907]
[92731,42118,1.0,0.667381874148562]
[80067,42118,1.0,0.42603394528296457]
[58209,42118,1.0,0.5357691060566342]
[124663,42118,1.0,0.481132389642721]
[48711,42118,1.0,0.4652448025783738]
[106218,29628,1.0,0.4174210671300718]
[106218,42201,1.0,0.523597541705622]
[106218,42118,1.0,0.42235732398268094]
[106218,36137,1.0,0.5874760153994574]
[106218,20688,1.0,0.4024102614910913]
[26275,26272,1.0,0.9888163000158141]
[124981,124978,1.0,0.8791600340643554]
[124981,124975,1.0,0.9948237371826054]
[124981,36374,1.0,0.54402485935291]
[67736,42118,1.0,0.6334366747596337]
[26281,26275,1.0,0.9852123443946347]
[26281,26278,1.0,0.9871381329548429]
[26281,26272,1.0,0.9935292479653834]
[43208,42118,1.0,0.4550121389833537]
[92737,42118,1.0,0.667381874148562]
[92737,92731,1.0,0.9891164748499857]
[92737,92734,1.0,0.9842353647096462]
[26278,26275,1.0,0.9842905629437245]
[26278,26272,1.0,0.9930676807585843]
[122689,42118,1.0,0.4370820274261382]
[92734,42118,1.0,0.667381874148562]
[92734,92731,1.0,0.9927904021198166]
[86935,65952,1.0,0.4889836465192532]
[95790,42118,1.0,0.4952854444374439]
[51319,42118,1.0,0.5124121846313376]
[89560,42118,1.0,0.8523558245430939]
[36374,29196,1.0,0.43102623253270117]
[36374,36137,1.0,0.5686939070365148]
[104140,42118,1.0,0.5610513273568923]
[104140,36137,1.0,0.43438210353691503]
[103114,42118,1.0,0.44099985829374455]
[94301,42118,1.0,0.476407463148193]
[108972,42118,1.0,0.4863646394436062]
[40729,40723,1.0,0.973291116460449]
[40729,40726,1.0,0.9482276343266112]
[2714,2711,1.0,0.8982591607814733]
[80846,2711,1.0,0.4699972647713634]
[80846,61316,1.0,0.483324200738269]
[80846,80843,1.0,0.9898689489181512]
[80852,2714,1.0,0.4003424932172502]
[80852,2711,1.0,0.45551940059929363]
[80852,80846,1.0,0.9637678986842698]
[80852,80849,1.0,0.9756868352000491]
[80852,61316,1.0,0.4566698497929033]
[80852,80843,1.0,0.9843085238185064]
[80849,2714,1.0,0.4034003297828673]
[80849,2711,1.0,0.4145820743892906]
[80849,80846,1.0,0.9730587711129628]
[80849,61316,1.0,0.5079238945918162]
[80849,80843,1.0,0.9922444720626648]
[61310,2714,1.0,0.639451320000096]
[61310,2711,1.0,0.5543813931762064]
[61310,61307,1.0,0.9930167520443972]
[61310,26903,1.0,0.4346828407443496]
[61313,61307,1.0,0.9512559067579763]
[61313,61310,1.0,0.9812242152826663]
[61316,2714,1.0,0.40489470107072567]
[61316,61307,1.0,0.9952227536000962]
[61316,61310,1.0,0.9793817771686626]
[61316,7592,1.0,0.5586223772642619]
[61316,58470,1.0,0.5046202649143109]
[61316,61313,1.0,0.9929984661036967]
[61316,28620,1.0,0.4149455994944163]
[61316,26903,1.0,0.6558257942615613]
[61316,58473,1.0,0.4131331068308682]
[61316,58476,1.0,0.4869918102234358]
[61316,58479,1.0,0.4869918102234358]
[40726,40723,1.0,0.9905564682541387]
[80843,2711,1.0,0.40947089976328066]
[80843,61316,1.0,0.5079238945918162]
[128544,61316,1.0,0.47055498701475074]
[61778,61316,1.0,0.49860945436619103]
[58473,58470,1.0,0.9927742648919292]
[58476,58470,1.0,0.9782242268369095]
[58476,58473,1.0,0.9692176317509216]
[58482,58470,1.0,0.9877812743869288]
[58482,58473,1.0,0.9821629792274671]
[58482,58476,1.0,0.9690168354446351]
[58482,58479,1.0,0.9861021170789166]
[58479,58470,1.0,0.9904844431418558]
[58479,58473,1.0,0.9861307039587598]
[58479,58476,1.0,0.9884976622176969]
[117798,117792,1.0,0.9802929788666187]
[117798,117789,1.0,0.9877726362494229]
[117792,117789,1.0,0.9904184337670737]
[126067,126064,1.0,0.9940735407518332]
[126067,126061,1.0,0.9947030106268565]
[51686,51683,1.0,0.9925010358981735]
[126064,126061,1.0,0.991164001612825]
[116451,82784,1.0,0.48957814195136923]
[116451,2859,1.0,0.41665653737415925]
[10190,10184,1.0,0.9736862797561574]
[10190,10187,1.0,0.9413493360947169]
[37785,37782,1.0,0.9656139815577353]
[51689,51686,1.0,0.9894521666307236]
[51689,51683,1.0,0.9931905064527496]
[51695,51686,1.0,0.946661583775716]
[51695,51683,1.0,0.955527568403858]
[51695,51689,1.0,0.9415060785870416]
[37788,37782,1.0,0.9952227536000962]
[37788,37785,1.0,0.9656139815577353]
[22821,22818,1.0,0.9814778242936026]
[10187,10184,1.0,0.9877812743869288]
[56282,56279,1.0,0.9797608061294161]
[100041,845,1.0,0.610986653661097]
[39172,39163,1.0,0.9336814201974052]
[39172,39160,1.0,0.7375240684719685]
[39172,39169,1.0,0.5380878373186486]
[39172,39166,1.0,0.647545541727126]
[39169,39160,1.0,0.9616784039023474]
[39169,39166,1.0,0.8928901449371631]
[39166,39160,1.0,0.986438109668766]
[57356,41949,1.0,0.4638303503463624]
[53160,53154,1.0,0.9864548051410678]
[53160,53157,1.0,0.980634912085137]
[36885,4426,1.0,0.46458135873048484]
[53157,53154,1.0,0.9927904021198166]
[70358,70355,1.0,0.9952227536000962]
[23446,6952,1.0,0.4636514206576644]
[85618,7760,1.0,0.4919383389916778]
[85618,85615,1.0,0.9939287085123063]
[99627,99624,1.0,0.7167469898188543]
[110112,110106,1.0,0.9857345294466445]
[110112,32682,1.0,0.5194201196741668]
[110112,110109,1.0,0.9733171005524093]
[40678,16045,1.0,0.402637736606014]
[50187,16045,1.0,0.45049722331070746]
[50187,50184,1.0,0.9884602130764159]
[85621,85618,1.0,0.991356725336925]
[85621,85615,1.0,0.9931484548490003]
[50190,16045,1.0,0.46066344220581074]
[50190,50187,1.0,0.9778772796636243]
[50190,50184,1.0,0.9887812798359283]
[50184,16045,1.0,0.46066344220581074]
[110115,110106,1.0,0.9952227536000962]
[110115,110112,1.0,0.9835231326228262]
[110115,110109,1.0,0.9819259105247136]
[24895,23446,1.0,0.44367965183760094]
[87702,87696,1.0,0.9773835632101452]
[110109,110106,1.0,0.9747914795420021]
[92682,91001,1.0,0.4856831607819247]
[203,200,1.0,0.9929984661036967]
[91001,47749,1.0,0.4249306058835001]
[91001,4087,1.0,0.6499794065278921]
[91001,13508,1.0,0.4307353543017958]
[91001,83002,1.0,0.531928302155965]
[125086,203,1.0,0.706013628262035]
[125086,91001,1.0,0.4125155767711927]
[125086,200,1.0,0.8217703621106898]
[111364,91001,1.0,0.5014484250830675]
[61137,8385,1.0,0.48816409847021597]
[61137,11440,1.0,0.41187265805745465]
[61137,18178,1.0,0.4660222425312615]
[72714,61137,1.0,0.48564224335242095]
[87075,36612,1.0,0.425324773411474]
[103875,103866,1.0,0.9700355801527842]
[103875,36612,1.0,0.40887886649681277]
[103875,103872,1.0,0.9700355801527842]
[103875,103869,1.0,0.9542291195882985]
[103872,103866,1.0,0.9952227536000962]
[103872,36612,1.0,0.5502726255434058]
[103872,103869,1.0,0.992354021495633]
[115399,61137,1.0,0.4461558925157098]
[103869,61137,1.0,0.47333839113669673]
[103869,103866,1.0,0.9772256353425541]
[103869,36612,1.0,0.48432926048763875]
[50348,50342,1.0,0.9901882934666275]
[50348,50345,1.0,0.9844486766123097]
[22675,22672,1.0,0.9843547425967014]
[50345,50342,1.0,0.9922904927392653]
[103705,103696,1.0,0.9003401925812938]
[131752,22064,1.0,0.579840620309528]
[131752,102514,1.0,0.507190169143725]
[74071,22064,1.0,0.43282713784445503]
[103699,103696,1.0,0.5001876242380107]
[103702,103696,1.0,0.649294491022867]
[103702,103699,1.0,0.9778337604504367]
[129126,74071,1.0,0.5382305621641346]
[60740,60737,1.0,0.9888894973786009]
[10781,10778,1.0,0.986876523900533]
[89747,89744,1.0,0.9905214493001401]
[89750,89747,1.0,0.7773249674720076]
[89750,89744,1.0,0.7906655407161184]
[121999,66165,1.0,0.42836261549893107]
[10234,10231,1.0,0.9864321857294033]
[10237,10231,1.0,0.9919031889112758]
[10237,10234,1.0,0.9780690737282298]
[10240,10231,1.0,0.9942819304487751]
[10240,10234,1.0,0.9844521962219561]
[10240,10237,1.0,0.9903849640834855]
[66165,10234,1.0,0.4136921435861191]
[66165,10240,1.0,0.42996768036556987]
[126099,51093,1.0,0.4429207438523639]
[88278,51093,1.0,0.439654408861416]
[88278,24090,1.0,0.4216037596603032]
[31403,31397,1.0,0.9952227536000962]
[67357,6625,1.0,0.7323417257308578]
[67357,2098,1.0,0.680016274257711]
[67357,43947,1.0,0.532430532726871]
[81355,67357,1.0,0.642454698268141]
[81355,2098,1.0,0.4608696869456532]
[81358,67357,1.0,0.7432568318612772]
[81358,81355,1.0,0.991273886931284]
[81358,2098,1.0,0.5179175241566576]
[86621,86618,1.0,0.9833015853426607]
[6625,2098,1.0,0.4484774376234026]
[43950,43947,1.0,0.9868344469296148]
[43950,43944,1.0,0.9930936105613827]
[70149,67357,1.0,0.4066501149516939]
[43947,2098,1.0,0.5792950965139589]
[43947,43944,1.0,0.9905564682541387]
[11638,11635,1.0,0.9943027415112606]
[31406,31403,1.0,0.9779761745296328]
[31406,31397,1.0,0.9779761745296328]
[120994,120991,1.0,0.9952227536000962]
[109681,67357,1.0,0.6484783041876263]
[109681,2098,1.0,0.5601268224961281]
[110319,67357,1.0,0.5469720207554292]
[110319,2098,1.0,0.47087122938901466]
[109941,91049,1.0,0.775393666937436]
[98580,91049,1.0,0.7375934842106607]
[102843,91049,1.0,0.6999660871320417]
[97377,91049,1.0,0.6927265624257555]
[123750,91049,1.0,0.8038384805359111]
[91049,37749,1.0,0.7150817744033309]
[91049,27454,1.0,0.7488853713793276]
[91049,3698,1.0,0.7653078643232514]
[91049,82923,1.0,0.727780226122174]
[91049,11420,1.0,0.8410653741925366]
[91049,62906,1.0,0.7663186237579981]
[91049,22464,1.0,0.7529340443088142]
[91049,79831,1.0,0.77455453261899]
[91049,84654,1.0,0.701566761855343]
[91049,54012,1.0,0.773223556259698]
[91049,40319,1.0,0.7874519624312459]
[91049,31901,1.0,0.5310318549701802]
[91049,76248,1.0,0.91042336830712]
[91049,72437,1.0,0.82477383729946]
[91049,54620,1.0,0.5369455268532174]
[91049,32028,1.0,0.6482632131874498]
[91049,63554,1.0,0.5703838622342114]
[91049,10754,1.0,0.8734218230681043]
[123043,91049,1.0,0.8555252770861751]
[131685,62705,1.0,0.4216231244632229]
[131685,13142,1.0,0.49160401333062115]
[131685,93662,1.0,0.42391921803471905]
[131685,38219,1.0,0.40161443252676776]
[131685,29900,1.0,0.4539063395219531]
[131685,1117,1.0,0.4386269965472843]
[131685,68115,1.0,0.5349163242607583]
[131685,98796,1.0,0.48462299329999714]
[131685,27942,1.0,0.4225646785005871]
[131685,83348,1.0,0.4079619982220916]
[131685,15882,1.0,0.4232205460070088]
[131685,43543,1.0,0.4075593412891526]
[131685,118728,1.0,0.7855365011126696]
[131685,122727,1.0,0.7192119912588468]
[131685,22095,1.0,0.5489879612370745]
[131685,68972,1.0,0.615726383350265]
[131685,101883,1.0,0.43750676225696605]
[131685,91022,1.0,0.589920598381361]
[131685,82588,1.0,0.5556926600848014]
[131685,21066,1.0,0.5144275068021122]
[60641,15306,1.0,0.4093261570037763]
[92115,15306,1.0,0.505119710607307]
[103503,15306,1.0,0.5177449995374511]
[90527,90521,1.0,0.9905564682541387]
[90527,90524,1.0,0.9762645804056823]
[130870,130867,1.0,0.9785292182212273]
[130870,130861,1.0,0.9881824582585813]
[90530,90521,1.0,0.9916399155508285]
[90530,90527,1.0,0.9849504819359444]
[90530,90524,1.0,0.9786892892152088]
[130867,130861,1.0,0.9905564682541387]
[15306,15022,1.0,0.4681173273060562]
[101883,15306,1.0,0.42916392280759386]
[91022,15306,1.0,0.7372944345659074]
[91022,82588,1.0,0.46580532909463457]
[82588,15306,1.0,0.5791309973790759]
[90524,90521,1.0,0.9937807051809457]
[54957,51926,1.0,0.4203832155548694]
[84319,84310,1.0,0.9945081630075626]
[84319,84313,1.0,0.9272316129362311]
[84319,84316,1.0,0.9890853051627734]
[75668,75665,1.0,0.9866092419181101]
[75668,75662,1.0,0.994133150892806]
[20164,20161,1.0,0.9852068735693967]
[68074,51926,1.0,0.40555780636669836]
[51926,29209,1.0,0.4767414158940634]
[41791,41788,1.0,0.9936734116065394]
[86774,86771,1.0,0.987700044645388]
[86774,86768,1.0,0.9952227536000962]
[86771,86768,1.0,0.987700044645388]
[89665,69831,1.0,0.44440209409513054]
[89665,29209,1.0,0.6436915463549144]
[89665,31110,1.0,0.4426777467846096]
[89665,64384,1.0,0.43369704965363975]
[108489,51926,1.0,0.42952134705906186]
[108489,89665,1.0,0.5387099311899695]
[84313,84310,1.0,0.9336022310473481]
[40313,31182,1.0,0.451635653363393]
[75665,75662,1.0,0.9854671542500199]
[73666,64384,1.0,0.4811281921199934]
[87010,40928,1.0,0.5457313812415862]
[86777,86774,1.0,0.9782011945496366]
[86777,86771,1.0,0.9503881739314545]
[86777,86768,1.0,0.9782011945496366]
[64384,51926,1.0,0.4146557802921615]
[110539,87010,1.0,0.4203811283636607]
[110539,87019,1.0,0.4203811283636607]
[110539,87013,1.0,0.4203811283636607]
[54950,20167,1.0,0.5532854421582254]
[87019,40928,1.0,0.5354106271590741]
[87019,87010,1.0,0.9927742648919292]
[87019,87013,1.0,0.9927742648919292]
[20167,20164,1.0,0.9856216645327261]
[20167,20161,1.0,0.9870787157301598]
[87013,40928,1.0,0.5457313812415862]
[87013,87010,1.0,0.9952227536000962]
[41794,41791,1.0,0.9709276982881185]
[41794,41788,1.0,0.9709276982881185]
[84316,84310,1.0,0.9929984661036967]
[84316,84313,1.0,0.8970513313605305]
[81266,81260,1.0,0.9927904021198166]
[81266,81263,1.0,0.990323217142222]
[81263,81260,1.0,0.9857562679444161]
[68477,68471,1.0,0.9829714173435662]
[68477,68474,1.0,0.9701135303562288]
[4285,4282,1.0,0.9922444720626648]
[68480,68477,1.0,0.7814839434834766]
[68480,68471,1.0,0.9122583367254916]
[68480,68474,1.0,0.8969889075287787]
[68474,68471,1.0,0.9945658731879131]
[4288,4285,1.0,0.9907841273478009]
[4288,4282,1.0,0.9942819304487751]
[3832,3823,1.0,0.9891164748499857]
[3832,3826,1.0,0.8759771168115492]
[3832,3829,1.0,0.9827907353811611]
[71399,71390,1.0,0.9794024048968909]
[71399,71396,1.0,0.9774536215431061]
[3826,3823,1.0,0.8558429742606324]
[71396,71390,1.0,0.993112401971176]
[3829,3823,1.0,0.9921651096833183]
[3829,3826,1.0,0.9041625675181303]
[132405,88697,1.0,0.5040718472355836]
[85158,85155,1.0,0.9831210029568618]
[85158,85152,1.0,0.989769623084599]
[25483,25480,1.0,0.9765540858624945]
[85155,85152,1.0,0.9929318100825512]
[63603,63600,1.0,0.8920335488921234]
[63603,63597,1.0,0.9553664281912462]
[32347,32344,1.0,0.991494883423866]
[32347,32341,1.0,0.9631251943642528]
[32347,32338,1.0,0.9935814219499451]
[32344,32341,1.0,0.9633743285589367]
[32344,32338,1.0,0.9936282955531263]
[61772,43903,1.0,0.5096743839682579]
[130065,53235,1.0,0.6551981601419993]
[130065,61772,1.0,0.6942250945003168]
[63600,63597,1.0,0.9927478034069976]
[89031,81326,1.0,0.4660771582008975]
[32341,32338,1.0,0.9417836975374381]
[81326,81320,1.0,0.9952227536000962]
[81326,81323,1.0,0.9693160781460302]
[120066,61772,1.0,0.519939579290113]
[74705,74702,1.0,0.9952227536000962]
[40373,28863,1.0,0.4155784899469753]
[40373,16620,1.0,0.4283030569277478]
[25486,25483,1.0,0.9228420633233975]
[25486,25480,1.0,0.981659156018156]
[81323,81320,1.0,0.953416750432747]
[81329,81320,1.0,0.9762140553500261]
[81329,81326,1.0,0.9877726362494229]
[81329,81323,1.0,0.896948763737429]
[75057,63850,1.0,0.543952671262555]
[122278,63850,1.0,0.46515703249268586]
[122278,76974,1.0,0.5958386695022745]
[122278,34041,1.0,0.41254227216442113]
[109719,63850,1.0,0.6305767225317485]
[8759,8756,1.0,0.9735778167667019]
[8759,8753,1.0,0.9952227536000962]
[102384,102378,1.0,0.9922444720626648]
[64177,63850,1.0,0.7514212169426127]
[64177,34041,1.0,0.5126481479597088]
[63850,4498,1.0,0.4629981629061289]
[63850,46421,1.0,0.5799660269285324]
[63850,32583,1.0,0.5507344595178156]
[63850,39589,1.0,0.625971497386756]
[63850,75,1.0,0.42468243047434334]
[63850,25495,1.0,0.5995230286521961]
[63850,32580,1.0,0.5507344595178156]
[63850,28304,1.0,0.7628872591709959]
[63850,20113,1.0,0.4360772654132489]
[63850,37960,1.0,0.684752791774284]
[63850,34041,1.0,0.4725474613620271]
[63850,60402,1.0,0.5743922018630443]
[63850,34840,1.0,0.5871268693869816]
[63850,6829,1.0,0.5344495400586383]
[63850,29952,1.0,0.5781005563383241]
[63850,26918,1.0,0.4296981953005831]
[63850,2766,1.0,0.7014253025893128]
[83308,63850,1.0,0.6690276247899489]
[32583,32580,1.0,0.9821044668861639]
[74973,74970,1.0,0.9916949349770127]
[57633,12596,1.0,0.5275023634287719]
[76974,4498,1.0,0.45011774185251996]
[76974,64177,1.0,0.6594288623689345]
[76974,63850,1.0,0.5871450417260241]
[76974,68151,1.0,0.5097246000683036]
[76974,39770,1.0,0.4170088840089607]
[76974,34840,1.0,0.6375531775291289]
[76974,74159,1.0,0.6041725035355124]
[121348,63850,1.0,0.4729414155609387]
[8756,8753,1.0,0.9735778167667019]
[117373,63850,1.0,0.49235858611881433]
[90038,63850,1.0,0.5483175127122267]
[89381,63850,1.0,0.46735015041670647]
[89381,76974,1.0,0.5366816708812386]
[89381,34041,1.0,0.49631707671033726]
[68151,34041,1.0,0.42356377936487827]
[74976,74973,1.0,0.9705246169083592]
[74976,74970,1.0,0.988148450643207]
[120300,63850,1.0,0.5362510005091145]
[120300,76974,1.0,0.4825032177131112]
[34840,34041,1.0,0.5271554052511979]
[118477,63850,1.0,0.5907036363238483]
[74159,4498,1.0,0.45593554276358983]
[74159,34041,1.0,0.40646181115031715]
[129711,63850,1.0,0.5623001925964418]
[109825,63850,1.0,0.41487917820567216]
[1187,1184,1.0,0.9952227536000962]
[121087,121084,1.0,0.9952227536000962]
[121090,121084,1.0,0.9877726362494229]
[121090,121087,1.0,0.9877726362494229]
[121090,72979,1.0,0.40917123836287017]
[120630,120624,1.0,0.9952227536000962]
[78950,78947,1.0,0.9784550328088892]
[121093,121084,1.0,0.9952227536000962]
[121093,121087,1.0,0.9952227536000962]
[121093,121090,1.0,0.9877726362494229]
[78953,78947,1.0,0.9409691856899548]
[78953,78950,1.0,0.9356517025693837]
[35712,35709,1.0,0.9465837192660689]
[35712,35706,1.0,0.9465837192660689]
[92251,92248,1.0,0.9941331399080218]
[35709,35706,1.0,0.9952227536000962]
[65651,65648,1.0,0.9927904021198166]
[130371,130368,1.0,0.9952227536000962]
[54334,54328,1.0,0.9952227536000962]
[54334,54331,1.0,0.7892444093075379]
[124972,54334,1.0,0.46727858925075366]
[124972,14582,1.0,0.47969838923909836]
[124972,37502,1.0,0.4080733549880351]
[124972,5959,1.0,0.5825867458798061]
[124972,54328,1.0,0.46727858925075366]
[124972,54337,1.0,0.46727858925075366]
[54337,54334,1.0,0.9878322765641779]
[54337,54328,1.0,0.9878322765641779]
[54337,54331,1.0,0.7422803066675209]
[54331,54328,1.0,0.7532206698644764]
[81398,44916,1.0,0.4668425727508537]
[83249,83243,1.0,0.9594957658260638]
[58440,58434,1.0,0.992741519159376]
[58440,58431,1.0,0.8928474786002286]
[58440,58428,1.0,0.9952227536000962]
[58434,58431,1.0,0.8928474786002286]
[58434,58428,1.0,0.992741519159376]
[118749,118746,1.0,0.9929243387519429]
[58443,58440,1.0,0.9904277818523912]
[58443,58434,1.0,0.9857983142013538]
[58443,58431,1.0,0.8302991237858951]
[58443,58428,1.0,0.9904277818523912]
[58431,58428,1.0,0.9111888387503373]
[68308,68305,1.0,0.9416156012817982]
[49699,46826,1.0,0.4157615975690321]
[68311,68305,1.0,0.9941331399080218]
[68311,68308,1.0,0.9523676368881597]
[118752,118749,1.0,0.9952227536000962]
[118752,118746,1.0,0.9952227536000962]
[63762,63759,1.0,0.9729232941776474]
[21336,11647,1.0,0.5561143695105062]
[47960,11647,1.0,0.5343396463395216]
[66527,66524,1.0,0.9916002358475163]
[66530,66524,1.0,0.9909728179801929]
[66530,66527,1.0,0.9938467974931987]
[59807,35734,1.0,0.4130721157920157]
[53643,53637,1.0,0.9642991024502648]
[53643,53640,1.0,0.9593054336229693]
[89658,89649,1.0,0.9946149626479851]
[89658,89652,1.0,0.9946149626479851]
[61937,59807,1.0,0.43503951694444676]
[113778,113775,1.0,0.6392141626362513]
[53640,53637,1.0,0.9761009815858753]
[89652,89649,1.0,0.9952227536000962]
[89652,48692,1.0,0.43369064340683855]
[89652,35734,1.0,0.47378977243827586]
[35734,3944,1.0,0.6060427043062643]
[127260,79947,1.0,0.5399005116901161]
[129325,127260,1.0,0.4113124677755799]
[61775,2175,1.0,0.5560709350104456]
[60328,60325,1.0,0.9912365536420578]
[60331,60325,1.0,0.9777075590929074]
[60331,60328,1.0,0.9464910900401944]
[75679,2175,1.0,0.4171277397813595]
[80146,80143,1.0,0.9686868180422789]
[80146,80140,1.0,0.9923958418221456]
[80143,80140,1.0,0.9697589535245872]
[80149,80146,1.0,0.9885230110182809]
[80149,80143,1.0,0.9511118165960601]
[80149,80140,1.0,0.9927904021198166]
[99702,99693,1.0,0.9927904021198166]
[99702,99699,1.0,0.9907486574299522]
[99705,99702,1.0,0.6586153325654727]
[99705,99693,1.0,0.6975655875586159]
[99705,99699,1.0,0.6911394734130784]
[80155,80146,1.0,0.9913301137018273]
[80155,80143,1.0,0.9611982065184628]
[80155,80149,1.0,0.991759367061051]
[80155,80140,1.0,0.9945081630075626]
[99699,99693,1.0,0.9938280624432735]
[120310,120307,1.0,0.9947262821994]
[124224,124221,1.0,0.9932994450714147]
[31373,31370,1.0,0.9952227536000962]
[31373,21023,1.0,0.4251443412918626]
[120313,120310,1.0,0.9238081004522734]
[120313,120307,1.0,0.9463483306161535]
[35950,35944,1.0,0.9890324920095185]
[84127,84124,1.0,0.991273886931284]
[67614,62897,1.0,0.6500991796557762]
[73277,52713,1.0,0.516941377749531]
[73277,11841,1.0,0.5411269842066055]
[130260,64773,1.0,0.4680836681170087]
[80726,69030,1.0,0.4196997026708786]
[69030,62882,1.0,0.5202200371735478]
[69030,69027,1.0,0.9952227536000962]
[2448,2442,1.0,0.7360318601780703]
[69039,69030,1.0,0.9950881655021437]
[69039,69036,1.0,0.6170296054550249]
[69039,69033,1.0,0.9855312686952353]
[69039,69027,1.0,0.9855312686952353]
[90876,62897,1.0,0.4092667341281344]
[93048,93042,1.0,0.9854755515478262]
[93051,93048,1.0,0.9794777632052275]
[93051,93042,1.0,0.9897621921374943]
[2454,2448,1.0,0.5112692465883107]
[2454,2442,1.0,0.977654719923328]
[2454,2451,1.0,0.811394457039125]
[11841,4580,1.0,0.5047971033502993]
[62897,9416,1.0,0.47929027306837846]
[62897,11841,1.0,0.4512678546730122]
[77826,9416,1.0,0.46353966327096885]
[107121,73277,1.0,0.6051377127899404]
[76466,73277,1.0,0.5054075436615716]
[64773,33172,1.0,0.44097381128195057]
[64773,30041,1.0,0.4135920057591973]
[64773,64770,1.0,0.993833290446873]
[69036,69030,1.0,0.9723253886275682]
[69036,69033,1.0,0.6196816988161354]
[69036,69027,1.0,0.6196816988161354]
[69033,69030,1.0,0.9952227536000962]
[69033,69027,1.0,0.9952227536000962]
[31321,11841,1.0,0.42302382887663215]
[62882,62879,1.0,0.8703003768562236]
[62882,40035,1.0,0.4437658480115503]
[62882,31321,1.0,0.4471927136202006]
[2451,2448,1.0,0.6319777403574686]
[2451,2442,1.0,0.9491768782649485]
[126316,31321,1.0,0.46868767369549835]
[96274,34212,1.0,0.43522015400492986]
[62885,62879,1.0,0.9952227536000962]
[62885,62882,1.0,0.8824789100417673]
[98607,98598,1.0,0.8290070480933672]
[98607,98604,1.0,0.8210034396270809]
[98607,98601,1.0,0.7478790927477483]
[98610,98607,1.0,0.8484150632426474]
[98610,98598,1.0,0.993318996418406]
[98610,98604,1.0,0.99184334831515]
[98610,98601,1.0,0.9862700271018402]
[98604,98598,1.0,0.9941331399080218]
[98604,98601,1.0,0.9879463331962427]
[98601,98598,1.0,0.9899899668414485]
[55159,55156,1.0,0.9785844134677308]
[55159,55153,1.0,0.9913719155278211]
[55156,55153,1.0,0.9877726362494229]
[104539,104536,1.0,0.9775296591380221]
[104542,104539,1.0,0.9003144757194357]
[104542,104536,1.0,0.8931351498587298]
[104545,104539,1.0,0.9789670870311972]
[104545,104542,1.0,0.9480476462783265]
[104545,104536,1.0,0.9952227536000962]
[60567,60564,1.0,0.6695843874881463]
[117165,117159,1.0,0.9944576707475019]
[117165,117162,1.0,0.993503379950097]
[35836,35833,1.0,0.989679787298896]
[117162,117159,1.0,0.9919707115975159]
[71810,71801,1.0,0.9846327522988062]
[71810,71804,1.0,0.9846327522988062]
[64853,18134,1.0,0.4141233768046428]
[76674,76668,1.0,0.9767679211347728]
[76674,76671,1.0,0.4925290650498147]
[77368,6946,1.0,0.4329903949366]
[762,756,1.0,0.9827749402826739]
[762,759,1.0,0.991622577406157]
[759,756,1.0,0.9941331399080218]
[86801,6946,1.0,0.4829912801958497]
[71804,71801,1.0,0.9952227536000962]
[20900,6946,1.0,0.40244301440222524]
[20906,20900,1.0,0.9740931304771562]
[20906,6946,1.0,0.48034830701958164]
[9739,756,1.0,0.4349436622657032]
[9739,762,1.0,0.4126202642353298]
[9739,759,1.0,0.4869633558871077]
[98793,6946,1.0,0.5294696456389756]
[114009,6946,1.0,0.4786108969008909]
[114009,18987,1.0,0.653043458894638]
