[1355,1349,1.0,0.9875511962540239]
[69608,69605,1.0,0.9884978058381637]
[69611,45238,1.0,0.4607386405793906]
[69611,69608,1.0,0.9903785289529637]
[69611,69605,1.0,0.9926680456172919]
[1352,1349,1.0,0.48766081852864596]
[20421,20418,1.0,0.9877726362494229]
[850,847,1.0,0.9842353647096462]
[46617,46614,1.0,0.9417846029428568]
[47003,46997,1.0,0.9798149289846467]
[80839,22267,1.0,0.4834843890375543]
[15746,8008,1.0,0.4167816668499013]
[61104,61101,1.0,0.9869322511418045]
[22267,16480,1.0,0.5310466478510897]
[91659,78658,1.0,0.4192859904124289]
[21856,21732,1.0,0.48437347600300695]
[38294,38285,1.0,0.9929318100825512]
[38294,38288,1.0,0.9343903871730211]
[26866,26863,1.0,0.9857562553991019]
[26869,26863,1.0,0.9934144577469323]
[26869,26866,1.0,0.9810814527449904]
[38288,38285,1.0,0.9519542893129405]
[17004,17001,1.0,0.9952227536000962]
[84621,78238,1.0,0.48342669907828917]
[84621,78235,1.0,0.5668850342662801]
[84621,78241,1.0,0.5668850342662801]
[84621,78244,1.0,0.4781218587635285]
[73954,73951,1.0,0.9483397539675434]
[73954,73945,1.0,0.9673795897948423]
[73951,73945,1.0,0.9945658729539499]
[90225,38054,1.0,0.47653099491998574]
[90225,3598,1.0,0.5710548393611686]
[78238,1917,1.0,0.4310114142423798]
[78238,38914,1.0,0.6954930287131322]
[78238,78235,1.0,0.9720599037020279]
[78238,77703,1.0,0.4149025436253106]
[53231,41426,1.0,0.5824508271344133]
[70170,3598,1.0,0.447696126414583]
[49274,49271,1.0,0.977385849416194]
[26840,26831,1.0,0.9000581078145161]
[26840,26834,1.0,0.839933084078387]
[26840,26837,1.0,0.9000581078145161]
[84909,84906,1.0,0.9952227536000962]
[49277,49274,1.0,0.9475032443283923]
[49277,49271,1.0,0.9952227536000962]
[41426,41420,1.0,0.9595151898450204]
[41426,19520,1.0,0.416526258153682]
[41426,41423,1.0,0.9595151898450204]
[78235,1917,1.0,0.40936699013960526]
[78235,38914,1.0,0.6079804021226142]
[78235,77703,1.0,0.43816113179017024]
[26834,26831,1.0,0.9908397224750475]
[41423,41420,1.0,0.9952227536000962]
[78241,1917,1.0,0.40936699013960526]
[78241,78238,1.0,0.9459095113106606]
[78241,38914,1.0,0.6079804021226142]
[78241,78235,1.0,0.9905564682541387]
[78241,77703,1.0,0.46220643114823834]
[91553,73954,1.0,0.4456270708474663]
[91553,73951,1.0,0.4718839888108582]
[91553,73945,1.0,0.4813861096746876]
[91553,3598,1.0,0.49393333805115724]
[91553,66738,1.0,0.4449667032886234]
[26837,26831,1.0,0.9916928888813668]
[26837,26834,1.0,0.9843701304132224]
[78244,78238,1.0,0.9549319275409366]
[78244,38914,1.0,0.5261526780596151]
[78244,78235,1.0,0.9915972733907298]
[78244,78241,1.0,0.9840115406769142]
[32160,32157,1.0,0.9852802890511443]
[77165,77159,1.0,0.9842879504501727]
[32166,32160,1.0,0.9157736434921536]
[32166,32157,1.0,0.9780859136545779]
[61521,30206,1.0,0.41588242307701817]
[10941,10938,1.0,0.9898156044189315]
[36368,20731,1.0,0.4667781380535217]
[103822,103819,1.0,0.994205387626701]
[21036,21030,1.0,0.9814548878577851]
[21036,21033,1.0,0.9414111738887602]
[21045,21030,1.0,0.7026300624520221]
[21045,21039,1.0,0.5519810268957404]
[21045,21033,1.0,0.48376283204807236]
[117543,11311,1.0,0.5431133911280198]
[117543,76361,1.0,0.4044073821207501]
[84865,28865,1.0,0.4735571746161183]
[21042,21036,1.0,0.8276197023331672]
[21042,21030,1.0,0.9427721770476833]
[21042,21039,1.0,0.91952074138001]
[21042,21033,1.0,0.8832983260046907]
[73034,73031,1.0,0.9937140629932636]
[21039,21036,1.0,0.9488282551299557]
[21039,21030,1.0,0.9883524429400941]
[21039,21033,1.0,0.9597266755907996]
[26152,26149,1.0,0.9952227536000962]
[47695,29421,1.0,0.5022355472034858]
[26155,26149,1.0,0.9812755205680502]
[26155,26152,1.0,0.9812755205680502]
[32364,32361,1.0,0.9902570385699506]
[26158,26149,1.0,0.9906341509700082]
[26158,26152,1.0,0.9906341509700082]
[26158,26155,1.0,0.9871557972853875]
[4004,4001,1.0,0.9827301567098189]
[21033,21030,1.0,0.987077341078437]
[48701,26152,1.0,0.5302067799394549]
[4007,4001,1.0,0.7039295574267016]
[4007,4004,1.0,0.5761045352988816]
[43072,43069,1.0,0.9918791614851058]
[80480,11585,1.0,0.45538640325272284]
[80480,40063,1.0,0.4660394334576606]
[123133,80480,1.0,0.4190672066705763]
[89247,89244,1.0,0.9952227536000962]
[93266,93263,1.0,0.9914756223331858]
[93266,93260,1.0,0.9853944733314299]
[93263,80480,1.0,0.5902584477180376]
[93263,93260,1.0,0.9952227536000962]
[108304,71569,1.0,0.5822313570517854]
[10514,10511,1.0,0.9952227536000962]
[61144,60115,1.0,0.5290666546288552]
[68001,67995,1.0,0.9925468645354409]
[68001,67998,1.0,0.9905138373573639]
[27583,27577,1.0,0.7391726990762064]
[108481,31689,1.0,0.40172704142336557]
[47140,35646,1.0,0.5145186307109315]
[67935,35646,1.0,0.5196291264622658]
[31692,31689,1.0,0.9684251474202384]
[46182,46179,1.0,0.9832606747218102]
[68004,68001,1.0,0.988934812387235]
[68004,67995,1.0,0.9952227536000962]
[68004,67998,1.0,0.9938289672647332]
[131872,35646,1.0,0.42219865412254715]
[13365,13362,1.0,0.9922323843947127]
[60832,29582,1.0,0.4194537355681697]
[60832,35646,1.0,0.5134054518338883]
[35646,31692,1.0,0.5454779593279393]
[35646,19265,1.0,0.5794011232393808]
[35646,31689,1.0,0.5454779593279393]
[35646,31695,1.0,0.5400202987162204]
[67998,67995,1.0,0.9938289672647332]
[114280,60115,1.0,0.4370367932365406]
[27589,27583,1.0,0.7200552209267513]
[27589,27577,1.0,0.9904192220137779]
[27589,27580,1.0,0.8252055065415582]
[31695,31692,1.0,0.9561309505960441]
[31695,31689,1.0,0.9913719155278211]
[60835,60832,1.0,0.4586469968646857]
[27592,27583,1.0,0.7391726990762064]
[27592,27589,1.0,0.9904192220137779]
[27592,27577,1.0,0.9952227536000962]
[27592,27580,1.0,0.827405048106]
[27580,27577,1.0,0.9038585537155877]
[52071,52068,1.0,0.9802230233524153]
[52074,52071,1.0,0.9448147275401758]
[52074,52068,1.0,0.9905564682541387]
[11901,11898,1.0,0.9395836531948011]
[70711,24506,1.0,0.4412220150835116]
[52875,52869,1.0,0.9923698062887725]
[52878,52869,1.0,0.8315063245736193]
[52878,52875,1.0,0.8293896373344258]
[11904,11901,1.0,0.9143333914152748]
[11904,11898,1.0,0.9913719155278211]
[24506,11927,1.0,0.560245831248688]
[50879,24506,1.0,0.6162535647069246]
[90992,70711,1.0,0.4163487998266811]
[90992,37308,1.0,0.4295585074976537]
[129121,129118,1.0,0.9952227536000962]
[33227,18456,1.0,0.4955121851037653]
[94283,28221,1.0,0.44516335189224565]
[42609,13729,1.0,0.5892871098497522]
[76580,13729,1.0,0.5419906587238601]
[76580,76577,1.0,0.985754291102223]
[74995,74992,1.0,0.9895707676297654]
[76583,76580,1.0,0.9842236065522626]
[76583,76577,1.0,0.9939115630013113]
[75001,74995,1.0,0.9498239414905946]
[75001,74992,1.0,0.9733718915675654]
[75001,74998,1.0,0.9754831510493753]
[42618,42609,1.0,0.9952227536000962]
[42618,13729,1.0,0.5892871098497522]
[42618,42612,1.0,0.9918127331911468]
[73575,13729,1.0,0.4170312603939699]
[73575,50953,1.0,0.5429964454793732]
[75448,6947,1.0,0.42555779833203794]
[76577,13729,1.0,0.5697327805407018]
[103120,73575,1.0,0.446224813860371]
[74998,74995,1.0,0.9895707676297654]
[74998,74992,1.0,0.9952227536000962]
[42612,42609,1.0,0.9895367189382466]
[42612,13729,1.0,0.40996883387505156]
[58340,58334,1.0,0.9603597493133258]
[99540,99534,1.0,0.9952227536000962]
[10706,10703,1.0,0.9887968009799057]
[110478,110475,1.0,0.983345482346848]
[110478,110472,1.0,0.9925500138987969]
[47676,47673,1.0,0.9311946653165765]
[47676,47664,1.0,0.9874570275394436]
[47676,47670,1.0,0.9853816369139652]
[47676,47667,1.0,0.9793433728223422]
[53179,53176,1.0,0.9946065170958023]
[47673,47664,1.0,0.9680633067575489]
[47673,47670,1.0,0.9593209944276164]
[47673,47667,1.0,0.9485819103257491]
[110475,110472,1.0,0.9891164748499857]
[117889,47670,1.0,0.41620967715596396]
[67663,47870,1.0,0.7077651163821488]
[126441,41701,1.0,0.604635285828776]
[91663,35009,1.0,0.4302193874184198]
[118486,47870,1.0,0.4755499060151253]
[118486,47670,1.0,0.7710067161412717]
[118486,58137,1.0,0.43126080451420085]
[16950,16944,1.0,0.9927904021198166]
[93686,47670,1.0,0.6037327885949175]
[93686,58137,1.0,0.4077560903268091]
[47670,47664,1.0,0.9625925198024929]
[47670,33260,1.0,0.4281300477546733]
[47670,47667,1.0,0.9625925198024929]
[76212,35009,1.0,0.44260056482681304]
[58137,57977,1.0,0.5398223400639907]
[58137,17853,1.0,0.4271290777785075]
[53182,53179,1.0,0.9872053607654316]
[53182,53176,1.0,0.9933550320030448]
[47667,47664,1.0,0.991273886931284]
[97129,97120,1.0,0.9952227536000962]
[97129,97126,1.0,0.9934197647450789]
[41254,41245,1.0,0.9952227536000962]
[41254,41251,1.0,0.9918306568959826]
[97126,97120,1.0,0.9934197647450789]
[97132,97129,1.0,0.986547025454837]
[97132,97120,1.0,0.986547025454837]
[97132,97126,1.0,0.9820383097546405]
[41251,41245,1.0,0.9918306568959826]
[55026,55023,1.0,0.9900850340350941]
[79350,79344,1.0,0.9578500887305155]
[79350,79341,1.0,0.9847338117309623]
[130903,55578,1.0,0.5267596103957398]
[130903,104016,1.0,0.5901802690605914]
[93047,80179,1.0,0.5966676751176906]
[124572,104016,1.0,0.4963765812889703]
[99306,55578,1.0,0.5440108481206952]
[79344,79341,1.0,0.9861032467375572]
[55578,51504,1.0,0.44084989011102926]
[55578,55572,1.0,0.9931579754637436]
[55578,750,1.0,0.47761577969376057]
[55578,25728,1.0,0.4485896812036086]
[55578,47875,1.0,0.5836053658509066]
[55578,51072,1.0,0.4047315721343004]
[55578,27485,1.0,0.45893979872528473]
[85272,55578,1.0,0.6717517886950805]
[104016,79350,1.0,0.4436555608272292]
[104016,750,1.0,0.4170660564534334]
[104016,79344,1.0,0.43123807310635837]
[104016,85272,1.0,0.40237360655752985]
[117795,55578,1.0,0.46622299736064166]
[80179,55578,1.0,0.46928051822987227]
[63857,55578,1.0,0.520849983712611]
[117519,55578,1.0,0.5695283657694855]
[63483,55578,1.0,0.6529504511656764]
[75350,75347,1.0,0.99133259848331]
[75353,75350,1.0,0.9780164670843008]
[75353,75347,1.0,0.9870298867990478]
[108472,56869,1.0,0.6003669686506713]
[45413,45410,1.0,0.727633258482089]
[8013,8010,1.0,0.7188022452191912]
[72769,56869,1.0,0.46649468862975374]
[71783,71780,1.0,0.9408813396666245]
[71783,71774,1.0,0.9357494035803854]
[71783,71777,1.0,0.876582972772593]
[71780,71774,1.0,0.9937601237018558]
[71780,71777,1.0,0.9836445933743043]
[8016,8013,1.0,0.4272145262547141]
[8016,8010,1.0,0.9469975333152411]
[98944,56869,1.0,0.43726514705037167]
[84528,24094,1.0,0.517364277892527]
[109041,56869,1.0,0.44846795515598575]
[91656,56869,1.0,0.4176762639428668]
[71581,45413,1.0,0.6041701489462025]
[71581,62809,1.0,0.6057923726010589]
[71581,10770,1.0,0.64196979301502]
[109824,73870,1.0,0.41855532245681215]
[109824,27345,1.0,0.4222465340091852]
[92293,56869,1.0,0.42051824162557094]
[118636,102315,1.0,0.4188602075864838]
[85408,56869,1.0,0.5779394616881117]
[72772,72769,1.0,0.9799051080805988]
[72772,56869,1.0,0.490558635801423]
[121872,56869,1.0,0.8739765604958514]
[107508,56869,1.0,0.5840922823875719]
[71777,71774,1.0,0.9872021338195044]
[56869,41260,1.0,0.8041308179917065]
[56869,8016,1.0,0.4003705012940946]
[56869,29509,1.0,0.41743426458938276]
[56869,38127,1.0,0.40568594253541396]
[56869,40436,1.0,0.4144411887537034]
[56869,1881,1.0,0.462162554689744]
[56869,56381,1.0,0.667801396032676]
[56869,38473,1.0,0.41865080650746284]
[56869,17020,1.0,0.528203082150271]
[56869,39442,1.0,0.7064107049544548]
[81516,56869,1.0,0.5524345930192252]
[71786,71783,1.0,0.9254965686125244]
[71786,71780,1.0,0.9923894654906402]
[71786,71774,1.0,0.9941331399080218]
[71786,71777,1.0,0.9845651383734711]
[102315,45413,1.0,0.41439413234309674]
[102315,62809,1.0,0.7826021050516849]
[39442,38473,1.0,0.4079751171759334]
[39032,39029,1.0,0.9950198389614197]
[68620,35308,1.0,0.5019163244776376]
[68620,54573,1.0,0.5028257960576303]
[127660,127657,1.0,0.8657029804651393]
[41870,41867,1.0,0.9895661266482731]
[111675,54573,1.0,0.4496197873571259]
[115426,115420,1.0,0.9339042969147392]
[115426,115414,1.0,0.9468481566258162]
[115426,115417,1.0,0.7960703742961948]
[89452,46176,1.0,0.5873506248910227]
[127663,127657,1.0,0.66998750482044]
[20393,20381,1.0,0.9930676807585843]
[20393,20384,1.0,0.9831906240197907]
[20393,20387,1.0,0.9738139051472704]
[20393,20390,1.0,0.9649313903550831]
[20396,20393,1.0,0.9391278372769183]
[20396,20381,1.0,0.9562979398129142]
[20396,20384,1.0,0.9562979398129142]
[20396,20387,1.0,0.9222291055495458]
[20396,20390,1.0,0.880446268702202]
[54169,54166,1.0,0.9387458144955994]
[46176,4008,1.0,0.40157951758047605]
[46176,35308,1.0,0.5553325636381963]
[46176,12324,1.0,0.46085712002715234]
[20384,20381,1.0,0.9877726362494229]
[115420,46176,1.0,0.6155044595984445]
[115420,115414,1.0,0.9793197182648623]
[115420,115417,1.0,0.9228845470566169]
[62968,12324,1.0,0.45222096174546256]
[46225,27012,1.0,0.49680529557918107]
[63853,54573,1.0,0.5108438242174214]
[127669,127660,1.0,0.7667617324195278]
[127669,127663,1.0,0.6875622696901693]
[127669,127657,1.0,0.9952227536000962]
[127669,127666,1.0,0.9865073723748478]
[76384,56983,1.0,0.5303225502310746]
[20387,20381,1.0,0.9791544279581609]
[20387,20384,1.0,0.9560286423923686]
[54573,46176,1.0,0.47609296961676606]
[54573,26618,1.0,0.4723689752543891]
[54573,35308,1.0,0.5830792423192477]
[115417,115414,1.0,0.9695214484806047]
[102466,46176,1.0,0.5192579544828574]
[56983,46176,1.0,0.4967090574825897]
[56983,49047,1.0,0.5184269343665175]
[125491,27012,1.0,0.4765179339749252]
[84243,84240,1.0,0.9624033461238914]
[20390,20381,1.0,0.9558596253641047]
[20390,20384,1.0,0.9133457692580811]
[20390,20387,1.0,0.9150413811248932]
[127666,127660,1.0,0.7079099172794598]
[127666,127663,1.0,0.5379439984110213]
[127666,127657,1.0,0.968813176368129]
[54172,54169,1.0,0.9477428489594765]
[54172,54166,1.0,0.9940396568789889]
[49154,4008,1.0,0.4742503912626268]
[36661,36655,1.0,0.9952227536000962]
[36661,36658,1.0,0.9850241531082339]
[36658,36655,1.0,0.9812986859035391]
[696,693,1.0,0.9915079395640709]
[699,696,1.0,0.9507251385620407]
[699,693,1.0,0.9837271351713857]
[92563,80121,1.0,0.5599140461847436]
[92563,26187,1.0,0.7169584755919085]
[92563,70909,1.0,0.6717286769904469]
[80121,80118,1.0,0.9877726362494229]
[26187,26184,1.0,0.9952227536000962]
[46501,26187,1.0,0.46478633140663567]
[70818,70815,1.0,0.9952227536000962]
[58291,58285,1.0,0.9919031889112758]
[58291,58288,1.0,0.9919031889112758]
[58288,58285,1.0,0.9952227536000962]
[79953,7996,1.0,0.5462605019911637]
[105796,105793,1.0,0.9931484548490003]
[36292,36289,1.0,0.9941331399080218]
[20681,20678,1.0,0.9885095405501193]
[72264,72258,1.0,0.9880566207290885]
[72264,72252,1.0,0.9852889450912118]
[72264,72261,1.0,0.9903698115320895]
[31047,31044,1.0,0.9947262821994]
[72258,72252,1.0,0.9952227536000962]
[72258,62722,1.0,0.5187736812721895]
[122592,17769,1.0,0.4690461529930565]
[132418,132409,1.0,0.928079001015477]
[132418,132415,1.0,0.7028372115450015]
[132418,132412,1.0,0.8992945385350831]
[66233,66230,1.0,0.9857524210730073]
[66233,66227,1.0,0.9927742648919292]
[132415,132409,1.0,0.9553405107674257]
[132415,132412,1.0,0.9446447325573251]
[112633,17769,1.0,0.7459788798808676]
[111259,17769,1.0,0.4170045827535521]
[66230,66227,1.0,0.9905564682541387]
[132412,132409,1.0,0.994754850866769]
[72261,72258,1.0,0.993695644914469]
[72261,72252,1.0,0.993695644914469]
[41180,20678,1.0,0.42527799742213174]
[62600,60541,1.0,0.7425227060627614]
[111066,96039,1.0,0.4137718125849277]
[110673,96039,1.0,0.4550926628191971]
[75305,75299,1.0,0.9952227536000962]
[90966,90963,1.0,0.977654719923328]
[90966,90954,1.0,0.9655127264260995]
[90966,90960,1.0,0.9533054235199007]
[90966,90957,1.0,0.9520320950592376]
[59805,59802,1.0,0.9643869747308647]
[75311,75305,1.0,0.991273886931284]
[75311,75299,1.0,0.991273886931284]
[75311,24196,1.0,0.4349052715478244]
[75311,75308,1.0,0.9860177992352621]
[90963,21310,1.0,0.5214220968382955]
[90963,90954,1.0,0.9952227536000962]
[90963,90960,1.0,0.9917678975056103]
[90963,90957,1.0,0.9877726362494229]
[75308,75305,1.0,0.9922241080961267]
[75308,75299,1.0,0.9922241080961267]
[90960,90954,1.0,0.9917678975056103]
[90960,90957,1.0,0.9800794757378227]
[90957,21310,1.0,0.5214220968382955]
[90957,90954,1.0,0.9877726362494229]
[40225,24196,1.0,0.4138103832843509]
[128944,116971,1.0,0.4053091616562018]
[128950,128944,1.0,0.9940141113486761]
[128950,116971,1.0,0.40445620500183316]
[128950,128947,1.0,0.9899792007481907]
[48500,33954,1.0,0.4977305263933404]
[48500,48494,1.0,0.9793324613082478]
[48500,48488,1.0,0.9911457621988602]
[48500,48491,1.0,0.9846968505781969]
[33954,5508,1.0,0.5110979637385346]
[124624,124621,1.0,0.9843357605292834]
[48494,48488,1.0,0.9873253145995766]
[48494,48491,1.0,0.9777519062767396]
[116971,33954,1.0,0.5291302114109583]
[116971,26535,1.0,0.4273041474961867]
[48491,48488,1.0,0.9946743864336534]
[124627,124624,1.0,0.4533841957088719]
[124627,124621,1.0,0.7095949781687207]
[128947,128944,1.0,0.9877871945724703]
[128947,116971,1.0,0.40653595109306095]
[128953,128944,1.0,0.980260676721082]
[128953,128950,1.0,0.9690541040683883]
[128953,116971,1.0,0.4053091616562018]
[128953,128947,1.0,0.9694546793458741]
[76121,33954,1.0,0.499984777755536]
[50219,50216,1.0,0.981659156018156]
[55473,55470,1.0,0.7911412296946904]
[55473,55464,1.0,0.9675936573404353]
[55473,55467,1.0,0.9675936573404353]
[1581,1578,1.0,0.958893247473253]
[55470,55464,1.0,0.8152295967988414]
[55470,55467,1.0,0.8152295967988414]
[92980,92945,1.0,0.5836273026431356]
[87867,87864,1.0,0.9836283541981727]
[55476,55473,1.0,0.953862185282251]
[55476,55470,1.0,0.6533149274363304]
[55476,55464,1.0,0.8784655803082582]
[55476,55467,1.0,0.8784655803082582]
[55467,55464,1.0,0.9952227536000962]
[58995,23421,1.0,0.7467131096265688]
[31067,31064,1.0,0.7681395847963307]
[31067,31061,1.0,0.909255591001269]
[29748,23421,1.0,0.6216770185162889]
[33787,33781,1.0,0.9515808273884303]
[94423,22500,1.0,0.4976738462408834]
[42566,23421,1.0,0.4076577843432799]
[127804,127801,1.0,0.9803228019369306]
[127807,127804,1.0,0.9652547982425967]
[127807,127801,1.0,0.9907639796358662]
[31064,31061,1.0,0.9819799210650613]
[72116,23421,1.0,0.7074513940526036]
[72093,16899,1.0,0.433924427719803]
[121548,94423,1.0,0.45382674103271264]
[28761,23421,1.0,0.6701563487037733]
[22473,22467,1.0,0.9895803537595389]
[22473,22470,1.0,0.9507274966829544]
[22470,22467,1.0,0.9540530774221252]
[98205,36050,1.0,0.42149355984263587]
[47516,47513,1.0,0.9385448893505859]
[25870,25867,1.0,0.9938647243311929]
[98925,47516,1.0,0.43153015655988997]
[62605,50319,1.0,0.46769724816138575]
[101862,55868,1.0,0.44432396564475757]
[101862,50319,1.0,0.4430830312969073]
[47519,47516,1.0,0.9385448893505859]
[47519,47513,1.0,0.9922323843947127]
[107722,36050,1.0,0.43728658330737197]
[107722,15616,1.0,0.4581264975609027]
[104241,91305,1.0,0.43757444642597615]
[60073,60070,1.0,0.9742972485175296]
[75236,41850,1.0,0.4011350444826956]
[81709,71541,1.0,0.4261738210756968]
[81709,81703,1.0,0.9302743209198124]
[81712,81709,1.0,0.6778565229249074]
[81712,81703,1.0,0.9473326437388835]
[121107,81709,1.0,0.5541907039246462]
[79793,79790,1.0,0.9898267429791425]
[118528,66477,1.0,0.4379426882674793]
[79796,79793,1.0,0.9838998366390899]
[79796,79790,1.0,0.9861444757324641]
[32628,32619,1.0,0.9938289672647332]
[32628,32622,1.0,0.9938289672647332]
[32628,32625,1.0,0.9802986660997227]
[46887,46881,1.0,0.9933083296760802]
[79799,79793,1.0,0.9930842888657256]
[79799,79796,1.0,0.9860006011946854]
[79799,79790,1.0,0.9938289672647332]
[32622,32619,1.0,0.9952227536000962]
[32625,32619,1.0,0.9843937467318814]
[32625,32622,1.0,0.9843937467318814]
[74432,29834,1.0,0.43189992486416956]
[74432,10492,1.0,0.5821698438505936]
[74432,35511,1.0,0.5677163145385538]
[74432,34006,1.0,0.6731878046528194]
[121570,29834,1.0,0.5268987309201918]
[61616,29834,1.0,0.5097302087681815]
[110052,29834,1.0,0.41976899378548604]
[29834,14488,1.0,0.5391733026302394]
[29834,24747,1.0,0.47551486777397]
[29834,9971,1.0,0.4248455733716307]
[29834,22313,1.0,0.5581604982887169]
[29834,5498,1.0,0.4746388490135115]
[29834,13404,1.0,0.4130481870942722]
[29834,26813,1.0,0.40672620910957236]
[29834,10871,1.0,0.48022579917374414]
[29834,17406,1.0,0.48779798061132357]
[29834,29831,1.0,0.9952227536000962]
[29834,11645,1.0,0.4326089886196475]
[29834,4077,1.0,0.47226762375119735]
[29834,13407,1.0,0.4130481870942722]
[64742,29834,1.0,0.7383983366282849]
[64742,34006,1.0,0.5056679021630781]
[64742,64739,1.0,0.9792766324887603]
[64742,64736,1.0,0.9853020083620703]
[17482,17479,1.0,0.830482428404232]
[17482,17476,1.0,0.9341204556566658]
[64186,29834,1.0,0.4182193138059232]
[28458,28455,1.0,0.7507097425165047]
[71998,29834,1.0,0.4789925490257062]
[73912,73909,1.0,0.9867593649390504]
[72464,29834,1.0,0.4442937647798037]
[96490,29834,1.0,0.5946815648935083]
[75378,29834,1.0,0.4163862098139485]
[17479,17476,1.0,0.9926278674655746]
[28461,28458,1.0,0.6466059032355603]
[28461,28455,1.0,0.9877726362494229]
[88929,88926,1.0,0.9347887882372415]
[88929,88920,1.0,0.9347887882372415]
[88929,88923,1.0,0.871525795239728]
[88926,88920,1.0,0.9909251903137]
[88926,88923,1.0,0.9765556022308919]
[101238,29834,1.0,0.5040503450226609]
[101238,10492,1.0,0.4038765718311422]
[3968,3965,1.0,0.9927904021198166]
[3968,3962,1.0,0.9927904021198166]
[67463,29834,1.0,0.4078750050328178]
[104457,29834,1.0,0.4428560635521667]
[75096,29834,1.0,0.4106850466833621]
[34006,29834,1.0,0.5327335982912231]
[124642,29834,1.0,0.4561535917083815]
[124642,68494,1.0,0.4821095649426644]
[34373,29834,1.0,0.6694225200531847]
[64739,29834,1.0,0.5178462060572935]
[64739,64736,1.0,0.9931579754637436]
[86230,29834,1.0,0.45571766242060135]
[92783,29834,1.0,0.47995553707991095]
[75099,29834,1.0,0.6400087802791279]
[75099,75096,1.0,0.988536350152557]
[75099,34006,1.0,0.4722178846815941]
[3965,3962,1.0,0.9952227536000962]
[64736,29834,1.0,0.5178462060572935]
[13407,13404,1.0,0.9852923472054499]
[91513,29834,1.0,0.49673196703526523]
[38373,29834,1.0,0.473167207415878]
[124701,29834,1.0,0.5763333500574807]
[88923,88920,1.0,0.9869028247038493]
[89028,29834,1.0,0.4198456477869075]
[76507,29834,1.0,0.6088414128600651]
[46895,29834,1.0,0.4302774852623413]
[2124,2121,1.0,0.966499119370074]
[72874,72871,1.0,0.9810684177436234]
[123081,123078,1.0,0.9860030996019871]
[123081,123075,1.0,0.9952227536000962]
[72877,72874,1.0,0.9385951111095723]
[72877,72871,1.0,0.9910748437469287]
[44127,44124,1.0,0.9926561392683285]
[75267,75264,1.0,0.7714904121674544]
[75267,75258,1.0,0.8924498956977804]
[75267,75261,1.0,0.8511662431786315]
[123078,123075,1.0,0.9788112539147653]
[102877,45350,1.0,0.44205425895977357]
[45350,44127,1.0,0.44986638695002296]
[44133,44124,1.0,0.9484982841733771]
[44133,44127,1.0,0.9629504123690416]
[75264,75258,1.0,0.9825819084499477]
[75264,75261,1.0,0.9748250010710732]
[127002,45350,1.0,0.602672440081639]
[123084,123081,1.0,0.9800984293310331]
[123084,123078,1.0,0.9628737490908348]
[123084,123075,1.0,0.9800984293310331]
[75261,75258,1.0,0.9925899386527759]
[44136,44124,1.0,0.9897833069490951]
[44136,44127,1.0,0.9944660782509854]
[44136,44133,1.0,0.9196428485649256]
[132367,98431,1.0,0.41091750073897254]
[107337,77275,1.0,0.434723023601721]
[77275,2959,1.0,0.5832951091207782]
[122008,80617,1.0,0.5335293781604034]
[45096,45087,1.0,0.9906918022220798]
[45096,45093,1.0,0.9952227536000962]
[45093,45087,1.0,0.9906918022220798]
[5867,5864,1.0,0.9853790645059409]
[55637,5867,1.0,0.4104436891927805]
[55637,23501,1.0,0.4095167157196585]
[33671,33665,1.0,0.9928446565393748]
[33671,33668,1.0,0.9872735298761178]
[128383,73969,1.0,0.5745801420004372]
[128383,128380,1.0,0.9829271694709846]
[128386,73969,1.0,0.4850832986131018]
[128386,128383,1.0,0.8848868225407517]
[128386,128380,1.0,0.9344244093213869]
[128380,73969,1.0,0.5745801420004372]
[33668,23653,1.0,0.4378680120782715]
[33668,33665,1.0,0.9946743864336534]
[76718,55637,1.0,0.4178671366464209]
[76718,61300,1.0,0.5613646544750016]
[26000,25997,1.0,0.9952227536000962]
[58727,36239,1.0,0.45739601769344046]
[9529,9526,1.0,0.8888072879300386]
[101013,9087,1.0,0.41180038692718113]
[87866,39286,1.0,0.4774516995632855]
[9535,9529,1.0,0.8409841165282265]
[9535,9526,1.0,0.9918484705620987]
[9535,9532,1.0,0.8277968534251626]
[9532,9529,1.0,0.40188701905812885]
[9532,9526,1.0,0.8769950661735345]
[13422,13419,1.0,0.9927904021198166]
[85383,36239,1.0,0.6262235757624756]
[107304,34395,1.0,0.4107128361008533]
[107304,55397,1.0,0.41302542862741387]
[107304,40829,1.0,0.4198696646489938]
[124578,124575,1.0,0.4910346640397333]
[34395,20719,1.0,0.5146076206421908]
[124581,124578,1.0,0.4660091849698568]
[124581,124575,1.0,0.9941339650477837]
[117628,20719,1.0,0.4962876155647888]
[22434,22431,1.0,0.99379492272998]
[4671,4665,1.0,0.9941331399080218]
[4671,4668,1.0,0.9912420623392446]
[55397,34395,1.0,0.6679722869680803]
[55397,47803,1.0,0.46665439131171105]
[55397,40829,1.0,0.5250588762168148]
[55397,15980,1.0,0.5273198661019439]
[80321,15980,1.0,0.4469938932496311]
[4668,4665,1.0,0.9946149626479851]
[20719,15980,1.0,0.5619905458120427]
[22437,22434,1.0,0.7820398468277535]
[22437,22431,1.0,0.8103427583772621]
[124587,124578,1.0,0.5051750021022365]
[124587,124581,1.0,0.9822390076020987]
[124587,124575,1.0,0.9822390076020987]
[124587,124584,1.0,0.9822390076020987]
[90747,55397,1.0,0.7442529541317761]
[4674,4665,1.0,0.993172515220938]
[4674,4671,1.0,0.9916679602551614]
[4674,4668,1.0,0.9899084581364639]
[124584,124578,1.0,0.47765679305146175]
[124584,124581,1.0,0.9874323634949438]
[124584,124575,1.0,0.9946179495048546]
[38594,38588,1.0,0.9939830075153218]
[38594,38585,1.0,0.9939830075153218]
[119716,38588,1.0,0.4117444057342536]
[38588,38585,1.0,0.9952227536000962]
[990,987,1.0,0.5762628172691477]
[993,987,1.0,0.9336814201974052]
[31395,31392,1.0,0.9544402368095627]
[21768,7987,1.0,0.4775888665813533]
[996,987,1.0,0.9870624005543267]
[996,990,1.0,0.5019668721436926]
[996,993,1.0,0.8722359598146998]
[59104,46917,1.0,0.4424878469771359]
[21901,18555,1.0,0.4440924269503881]
[76977,40805,1.0,0.4456927094997363]
[76977,46917,1.0,0.4155087704185262]
[76977,18555,1.0,0.6332174748399446]
[102024,73094,1.0,0.6199165718697426]
[102024,18555,1.0,0.4894935062692602]
[112357,31855,1.0,0.467007525600726]
[112357,18555,1.0,0.4707211115861624]
[88996,76977,1.0,0.48156066395625974]
[88996,46917,1.0,0.466899710588247]
[88996,60652,1.0,0.45913248278621]
[14148,14145,1.0,0.9593254029028947]
[103854,63443,1.0,0.5461557407372942]
[103854,45106,1.0,0.4723785676015972]
[57834,18555,1.0,0.48168608928282264]
[46917,21901,1.0,0.565389225266417]
[46917,40805,1.0,0.5365185813982597]
[46917,18555,1.0,0.762944542108882]
[14151,14145,1.0,0.991954947244247]
[14151,14148,1.0,0.9397776737564053]
[60652,21901,1.0,0.5170060691219]
[60652,57834,1.0,0.42722654467426074]
[60652,41925,1.0,0.4307306613940382]
[60652,18555,1.0,0.8460079537023687]
[87082,76977,1.0,0.4012145916772561]
[87082,18555,1.0,0.843241433473575]
[44691,44688,1.0,0.8462330778369909]
[44694,44691,1.0,0.6667763264155989]
[44694,44688,1.0,0.9711488186685692]
[128200,128194,1.0,0.9952227536000962]
[58062,58059,1.0,0.9468020060378853]
[66764,66758,1.0,0.984032644353905]
[131473,66758,1.0,0.49331633702628735]
[55990,55987,1.0,0.993833290446873]
[58460,58457,1.0,0.9473667048972949]
[60944,60941,1.0,0.9847101180566808]
[60947,60944,1.0,0.9639402280107536]
[60947,60941,1.0,0.9849432700962985]
[112857,5584,1.0,0.47069195870085995]
[89312,5584,1.0,0.5395753116535169]
[89579,89570,1.0,0.9909251903137]
[89579,89573,1.0,0.9840354451557579]
[89579,89576,1.0,0.9878475029743311]
[89573,89570,1.0,0.9947262821994]
[17965,17959,1.0,0.989151403388034]
[105847,51872,1.0,0.41666094624120986]
[89576,89570,1.0,0.9920698231942248]
[89576,89573,1.0,0.9899926110380444]
[7147,7144,1.0,0.9885426376878316]
[114762,71500,1.0,0.5404079732830437]
[71500,2378,1.0,0.467318091029831]
[71500,33013,1.0,0.4236970794370758]
[71500,68033,1.0,0.4284853733206406]
[71500,12563,1.0,0.41770632730239343]
[71500,27821,1.0,0.40097687970572]
[116022,71500,1.0,0.6049972091615317]
[113424,71500,1.0,0.4333299405390481]
[37485,37482,1.0,0.9952227536000962]
[52291,52288,1.0,0.4761238096908826]
[52291,52285,1.0,0.9187787630148765]
[37488,37485,1.0,0.9942575627318049]
[37488,37482,1.0,0.9913450443000612]
[37491,37485,1.0,0.9952227536000962]
[37491,37488,1.0,0.9871167094235066]
[37491,37482,1.0,0.9927510998302113]
[52288,52285,1.0,0.9634123258120303]
[52294,52291,1.0,0.741791625579172]
[52294,52288,1.0,0.8067004950025694]
[52294,52285,1.0,0.9729423766609355]
[52394,52391,1.0,0.9753177247405665]
[52394,32386,1.0,0.4064114841442385]
[52400,52394,1.0,0.9560514481132588]
[52400,52391,1.0,0.9854513829544549]
[111183,111177,1.0,0.9759154774960872]
[111183,109635,1.0,0.44513414975490545]
[56731,56728,1.0,0.7079811191062473]
[52403,52394,1.0,0.9702326578839383]
[52403,52400,1.0,0.9826149488207819]
[52403,52391,1.0,0.9941373313217248]
[23679,23676,1.0,0.9930676807585843]
[56734,56728,1.0,0.9947262821994]
[56734,56731,1.0,0.7045781055883616]
[67641,67635,1.0,0.9917885588588342]
[67641,67629,1.0,0.9946149626479851]
[67641,67632,1.0,0.8448830180140681]
[67635,67629,1.0,0.9926833917401131]
[67635,67632,1.0,0.8445399563053663]
[50171,50165,1.0,0.9865842673503782]
[67632,67629,1.0,0.9406412463235083]
[46742,46739,1.0,0.9742393919588439]
[81720,81717,1.0,0.9691779593347557]
[57743,57737,1.0,0.9936734116065394]
[57743,57740,1.0,0.9747342490437629]
[123031,81726,1.0,0.44547433922121144]
[81726,65040,1.0,0.5369867079391117]
[81726,81720,1.0,0.9691779593347557]
[81726,81717,1.0,0.9952227536000962]
[81726,81723,1.0,0.9952227536000962]
[106447,106444,1.0,0.96775069500393]
[106447,106441,1.0,0.9945658729539499]
[8446,8443,1.0,0.5115102784365188]
[81729,81720,1.0,0.9952227536000962]
[81729,81717,1.0,0.9952227536000962]
[81729,81726,1.0,0.9952227536000962]
[81729,81723,1.0,0.9933677579237732]
[57746,57743,1.0,0.9416995735646537]
[57746,57737,1.0,0.8749209756725989]
[57746,57740,1.0,0.7199474798115226]
[73048,73045,1.0,0.9837026146671018]
[81723,81720,1.0,0.9242301969542482]
[81723,81717,1.0,0.9856013414380667]
[106444,106441,1.0,0.985516758950159]
[57740,57737,1.0,0.9801819027785881]
[65584,27512,1.0,0.5358255696303059]
[27512,12142,1.0,0.5367822438481861]
[74684,74681,1.0,0.8846725431461393]
[74684,74675,1.0,0.9915859791099533]
[74684,74678,1.0,0.9756547592337396]
[121875,12142,1.0,0.4132208654088246]
[74681,74675,1.0,0.9670900367736524]
[74681,74678,1.0,0.8871336039812465]
[74678,74675,1.0,0.9751007977223143]
[78286,78280,1.0,0.649548376489646]
[33464,33458,1.0,0.9901918127542898]
[85827,85818,1.0,0.9905564682541387]
[85827,85824,1.0,0.9883919032904714]
[85827,85821,1.0,0.9721377722917874]
[63328,63322,1.0,0.9783032542068444]
[63328,63325,1.0,0.976110254379941]
[63331,63328,1.0,0.9115859413396233]
[63331,63322,1.0,0.9751039084401417]
[63331,63325,1.0,0.9728250268415334]
[63334,63328,1.0,0.7489416776416384]
[63334,63331,1.0,0.7555026440215258]
[63334,63322,1.0,0.9187787630148765]
[63334,63325,1.0,0.912230016211486]
[85824,85818,1.0,0.9940396568789889]
[85824,85821,1.0,0.9810794455075991]
[116643,108844,1.0,0.48266046863524553]
[85821,85818,1.0,0.984469297736528]
[63325,63322,1.0,0.9917038292066669]
[118698,63379,1.0,0.4361657366714878]
[118698,118695,1.0,0.9152429963308807]
[118698,118692,1.0,0.9952227536000962]
[118695,118692,1.0,0.9093227375675862]
[53084,53078,1.0,0.992682039992067]
[21762,21759,1.0,0.993958142263311]
[59732,59729,1.0,0.9605983383551238]
[59738,59732,1.0,0.6903587052782084]
[59738,59729,1.0,0.9046482132611828]
[59738,59735,1.0,0.6871059768373567]
[21765,21762,1.0,0.9884547688229414]
[21765,21759,1.0,0.9907453314477414]
[59735,59732,1.0,0.9172838163746722]
[59735,59729,1.0,0.9589963715295083]
[66328,63235,1.0,0.5115784279877648]
[50397,50394,1.0,0.972838857325248]
[50400,50394,1.0,0.9743117491951592]
[50400,50397,1.0,0.9691867652383239]
[43930,43927,1.0,0.9820894466306962]
[128607,93199,1.0,0.6290407444931588]
[128607,51023,1.0,0.5138019123133963]
[128607,84653,1.0,0.5037863750068554]
[128607,24348,1.0,0.6359276304356232]
[128607,83542,1.0,0.5722597469425901]
[128607,19724,1.0,0.40725223351845663]
[128607,21403,1.0,0.6080037755949436]
[46217,46214,1.0,0.978289907854365]
[56837,56831,1.0,0.9938467974931987]
[56837,56834,1.0,0.9917837896240332]
[47106,47100,1.0,0.9901276257224353]
[47106,47103,1.0,0.9912701822656653]
[56834,56831,1.0,0.9945658731879131]
[74820,48151,1.0,0.4400406728643422]
[46220,46217,1.0,0.9204410861042533]
[46220,46214,1.0,0.9782472109425446]
[78282,74820,1.0,0.5893271418346756]
[47103,47100,1.0,0.9930409068020026]
[47103,12479,1.0,0.5795813493576533]
[70405,12479,1.0,0.5311374458155865]
[70405,12659,1.0,0.4083530062586156]
[104635,12479,1.0,0.5113462596318887]
[127636,127633,1.0,0.9932015542138997]
[71124,71121,1.0,0.9896696539108204]
[48151,47103,1.0,0.4784478922817444]
[8,2,1.0,0.9933677579237732]
[8,5,1.0,0.9329308742651878]
[46593,46590,1.0,0.8789918205919824]
[46593,46587,1.0,0.8989704078812623]
[55662,55659,1.0,0.993172515220938]
[104592,104589,1.0,0.9791863986006529]
[46599,46593,1.0,0.8536174476354158]
[46599,46590,1.0,0.9903225318416143]
[46599,46596,1.0,0.9884517123719315]
[46599,46587,1.0,0.9919839916101322]
[46590,46587,1.0,0.9937353308824888]
[121272,121269,1.0,0.41848016618014666]
[58840,8,1.0,0.4897849997677395]
[58840,58837,1.0,0.8956182182931813]
[58840,55665,1.0,0.41332851083952327]
[132559,8,1.0,0.9952227536000962]
[132559,2,1.0,0.9933677579237732]
[132559,5,1.0,0.9329308742651878]
[46602,46593,1.0,0.832899205477262]
[46602,46599,1.0,0.9885618744489416]
[46602,46590,1.0,0.9866064975919673]
[46602,46596,1.0,0.9767446324058037]
[46602,46587,1.0,0.9896552926580219]
[46596,46593,1.0,0.8582248173364888]
[46596,46590,1.0,0.9884517123719315]
[46596,46587,1.0,0.9884517123719315]
[58843,58837,1.0,0.9893552151053359]
[58843,58840,1.0,0.8242448808288829]
[121275,121269,1.0,0.8741243500230436]
[5,2,1.0,0.9141833753168256]
[21731,8,1.0,0.4740330447721584]
[55665,55662,1.0,0.9879556501237028]
[55665,55659,1.0,0.9952227536000962]
[27358,27349,1.0,0.9346921273258145]
[27358,27346,1.0,0.9628365908322888]
[18290,18284,1.0,0.6526488379519755]
[18290,18287,1.0,0.6508967592945972]
[18287,18284,1.0,0.9946939993737459]
[61692,61686,1.0,0.9846245525140723]
[23716,23713,1.0,0.9813070306349935]
[86608,86605,1.0,0.981659156018156]
[27349,27346,1.0,0.9874846096149484]
[86914,74557,1.0,0.4537164689606022]
[132399,74557,1.0,0.4158209172345587]
[79241,74557,1.0,0.4894152721766418]
[36485,36482,1.0,0.9877726362494229]
[92120,92117,1.0,0.9950198389614197]
[92120,74557,1.0,0.5496802571543594]
[122596,74557,1.0,0.4317027733251621]
[92117,74557,1.0,0.5496802571543594]
[31476,31470,1.0,0.9952227536000962]
[31476,31473,1.0,0.9884976622176969]
[97807,74557,1.0,0.420718673834377]
[31473,31470,1.0,0.9884976622176969]
[86920,86914,1.0,0.8139858978922743]
[119032,74557,1.0,0.5056760250060559]
[48348,48345,1.0,0.9842365892721153]
[74557,36482,1.0,0.6133321610765053]
[74557,52719,1.0,0.5435388031548234]
[74557,22186,1.0,0.6386554573206035]
[74557,36485,1.0,0.544363142631459]
[74557,31476,1.0,0.4073742575489233]
[74557,50839,1.0,0.650430921110217]
[74557,31470,1.0,0.4073742575489233]
[74557,48345,1.0,0.4464493289508203]
[74557,68722,1.0,0.5277558722426398]
[74557,31473,1.0,0.40061682319550534]
[74557,48348,1.0,0.4464493289508203]
[97869,42507,1.0,0.5624151802177945]
[91219,91213,1.0,0.9872021338195044]
[91219,91216,1.0,0.9952227536000962]
[120519,120516,1.0,0.9933550320030448]
[91225,91219,1.0,0.9763515458915806]
[91225,91213,1.0,0.9906359209700244]
[91225,91216,1.0,0.9906359209700244]
[91216,42507,1.0,0.7662014382294122]
[91216,91213,1.0,0.9952227536000962]
[91216,18468,1.0,0.42972005740124153]
[91234,29025,1.0,0.6898209345026436]
[91237,29025,1.0,0.640856249251071]
[91237,91234,1.0,0.9210719996098288]
[91243,29025,1.0,0.5842517834221154]
[91243,91234,1.0,0.92128431183541]
[91243,91237,1.0,0.8727963050002473]
[91243,91240,1.0,0.8665703509229506]
[91240,29025,1.0,0.6898209345026436]
[91240,91234,1.0,0.9905564682541387]
[91240,91237,1.0,0.8596249262429179]
[85573,85570,1.0,0.9930374390123727]
[85573,85567,1.0,0.9886732100936929]
[85573,85564,1.0,0.9945081630075626]
[80471,11837,1.0,0.43968330089266694]
[85570,85567,1.0,0.9875593752275812]
[85570,85564,1.0,0.9939287085123063]
[85567,85564,1.0,0.9900592205763161]
[105088,64288,1.0,0.5015725230113193]
[11840,11837,1.0,0.6131597100443402]
[81239,80471,1.0,0.46528492359555057]
[14079,14076,1.0,0.9927993715552174]
[61979,61967,1.0,0.9952227536000962]
[61979,61970,1.0,0.9901953236517054]
[61979,61976,1.0,0.915130603060403]
[116542,18240,1.0,0.4549292880041823]
[81084,61979,1.0,0.42413730968719776]
[81084,61967,1.0,0.42413730968719776]
[3873,3867,1.0,0.9952227536000962]
[3873,3870,1.0,0.9625824810474447]
[61970,61967,1.0,0.9901953236517054]
[123358,81084,1.0,0.44711306866548645]
[3870,3867,1.0,0.8814725847502467]
[61976,61967,1.0,0.915130603060403]
[61976,61970,1.0,0.9516703977288901]
[39241,39238,1.0,0.96786903647029]
[119901,87099,1.0,0.4583628030666998]
[87099,6114,1.0,0.5873089151175792]
[63670,63667,1.0,0.9930676807585843]
[63673,63670,1.0,0.9903459533107182]
[63673,63667,1.0,0.9952227536000962]
[63676,63670,1.0,0.9903459533107182]
[63676,63667,1.0,0.9938745906529297]
[63676,63673,1.0,0.9952227536000962]
[84494,84488,1.0,0.9261629941519677]
[84494,84491,1.0,0.9431916662250223]
[98223,98208,1.0,0.9872021338195044]
[98223,98217,1.0,0.9756097984866632]
[98223,98220,1.0,0.9872021338195044]
[98223,98214,1.0,0.9305736533549094]
[98223,98211,1.0,0.760601666425285]
[98217,98208,1.0,0.9945658729539499]
[98217,98214,1.0,0.9639529057083973]
[98217,98211,1.0,0.8774804099520433]
[79390,79387,1.0,0.8742447413928186]
[79390,79384,1.0,0.9521829382303826]
[98220,98208,1.0,0.9952227536000962]
[98220,98217,1.0,0.9903225318416143]
[98220,98214,1.0,0.9678155247079485]
[98220,98211,1.0,0.8719381672108675]
[84491,84488,1.0,0.9952227536000962]
[84491,67255,1.0,0.49438469639267485]
[98214,98208,1.0,0.9821296437217932]
[98214,98211,1.0,0.7498011130535525]
[98211,98208,1.0,0.8999775226870292]
[63109,63106,1.0,0.9800747018230491]
[103668,103665,1.0,0.9952227536000962]
[79387,79384,1.0,0.989699808661302]
[7546,7543,1.0,0.9310887364636771]
[87155,7549,1.0,0.6058122411652613]
[69393,7549,1.0,0.43796472089469635]
[3883,3880,1.0,0.9909251903137]
[1885,1882,1.0,0.9952227536000962]
[1888,1885,1.0,0.9905564682541387]
[1888,1882,1.0,0.9905564682541387]
[7549,7546,1.0,0.9469920675858639]
[7549,7543,1.0,0.9866349653737911]
[1891,1885,1.0,0.9919031889112758]
[1891,1888,1.0,0.9845303044678939]
[1891,1882,1.0,0.9919031889112758]
[1229,1226,1.0,0.8539547092539893]
[1229,1223,1.0,0.9761651989560965]
[7551,7548,1.0,0.9194581268380659]
[1226,1223,1.0,0.9559940032545717]
[1235,1229,1.0,0.9783918445891757]
[1235,1226,1.0,0.8844775861357029]
[1235,1223,1.0,0.9810489577508803]
[7554,7551,1.0,0.8643006656586488]
[7554,7548,1.0,0.9899030792146404]
[65622,65619,1.0,0.9676336034787999]
[17108,17105,1.0,0.9766158600052359]
[14548,14545,1.0,0.9925502570894412]
[86359,21778,1.0,0.4496348523717891]
[73362,73359,1.0,0.9294971228049163]
[73362,73356,1.0,0.9558005766316497]
[73362,73353,1.0,0.9558005766316497]
[63785,9856,1.0,0.5018881396623702]
[63785,21778,1.0,0.4167411132448327]
[129858,107358,1.0,0.4710867416986133]
[94079,81113,1.0,0.4478119045956996]
[107358,93736,1.0,0.4129181164184967]
[17111,17108,1.0,0.9607829621010076]
[17111,17105,1.0,0.9911955626349124]
[53527,21778,1.0,0.44820207809602036]
[73359,73356,1.0,0.9825079576078147]
[73359,73353,1.0,0.9946149626479851]
[73356,73353,1.0,0.9842879504501727]
[132060,63785,1.0,0.5112003923879972]
[81116,81110,1.0,0.9756910947715748]
[81116,81113,1.0,0.7197230688711325]
[81113,81110,1.0,0.7346617732288385]
[105672,86359,1.0,0.621893066283987]
[105672,63785,1.0,0.490574099961165]
[56984,56981,1.0,0.9909140823217805]
[92882,92879,1.0,0.994342093446844]
[22312,22309,1.0,0.9867654876444121]
[26485,26479,1.0,0.9878003280055138]
[28091,28088,1.0,0.9905564682541387]
[26488,26479,1.0,0.724871876573023]
[26488,26485,1.0,0.6984958206730544]
[35990,35978,1.0,0.9878898596195738]
[80731,80728,1.0,0.9803810291002611]
[132030,9181,1.0,0.5686918127504917]
[132030,25705,1.0,0.41685180454034704]
[128425,128422,1.0,0.6003682632327918]
[128425,128416,1.0,0.6777632959023078]
[80734,80731,1.0,0.9417725382194345]
[80734,80728,1.0,0.9811603213049301]
[35993,35990,1.0,0.9735540584899876]
[35993,35978,1.0,0.9833262368985753]
[128422,128416,1.0,0.9947262821994]
[111891,111885,1.0,0.9936282955531263]
[73459,73456,1.0,0.9918756543936526]
[73462,73456,1.0,0.9854826947343907]
[73462,73459,1.0,0.9814259857037908]
[92217,9362,1.0,0.6198523984956933]
[58864,9362,1.0,0.7518447516630136]
[99550,9362,1.0,0.6264562941284811]
[9368,9359,1.0,0.9952227536000962]
[9368,9362,1.0,0.9914756223331858]
[40883,9362,1.0,0.654624640675878]
[36819,9362,1.0,0.6773247025841758]
[70006,9362,1.0,0.9324571812631722]
[78338,9362,1.0,0.4639795680568164]
[50497,9362,1.0,0.6623214101157883]
[69001,9362,1.0,0.40235273295562385]
[15064,9362,1.0,0.8004045583756801]
[61910,9362,1.0,0.42016731972990395]
[9362,8961,1.0,0.4032675736661376]
[9362,7699,1.0,0.5025906913642123]
[9362,9359,1.0,0.9914756223331858]
[9371,9368,1.0,0.9922323843947127]
[9371,9359,1.0,0.9922323843947127]
[9371,9362,1.0,0.9914756223331858]
[76852,76849,1.0,0.9952227536000962]
[109029,109023,1.0,0.9770652797499539]
[109029,109026,1.0,0.9298302085015236]
[100803,21537,1.0,0.42908420732755326]
[109026,109023,1.0,0.9866797771580346]
[51505,12845,1.0,0.44079406933949017]
[51505,21537,1.0,0.5554059871387379]
[12845,3646,1.0,0.5448175277770294]
[12845,8439,1.0,0.6070942616267315]
[12845,8445,1.0,0.6167033491445955]
[76855,76852,1.0,0.9945768019820581]
[76855,76849,1.0,0.9945768019820581]
[21537,3646,1.0,0.43874200841128674]
[21537,8439,1.0,0.7313801736895108]
[21537,12845,1.0,0.4912467465211918]
[21537,8445,1.0,0.741709973639528]
[16061,16058,1.0,0.9838970069346898]
[8445,8439,1.0,0.966931481752003]
[77746,77743,1.0,0.9916975038550923]
[23633,23630,1.0,0.9861464120448776]
[119184,104182,1.0,0.4540334325644801]
[119184,104185,1.0,0.4540334325644801]
[119184,73931,1.0,0.44218752837770936]
[104185,104182,1.0,0.9952227536000962]
[104188,104182,1.0,0.9861978773073414]
[104188,104185,1.0,0.9861978773073414]
[5302,5299,1.0,0.9952227536000962]
[5305,5302,1.0,0.5375094687411008]
[5305,5299,1.0,0.5375094687411008]
[77315,30170,1.0,0.42152648764677536]
[30808,30805,1.0,0.9804699095666336]
[64634,64628,1.0,0.9890214360290981]
[64634,64631,1.0,0.9892544289887014]
[64634,64625,1.0,0.9892544289887014]
[64628,64625,1.0,0.9940863297029798]
[64631,64628,1.0,0.9940863297029798]
[64631,64625,1.0,0.9952227536000962]
[21221,21218,1.0,0.823511551096094]
[21221,21215,1.0,0.9862929354328317]
[21218,21215,1.0,0.8901585443867145]
[78545,78539,1.0,0.9945658731879131]
[57304,57298,1.0,0.993958142263311]
