[107086,107080,1.0,0.9952227536000962]
[107086,107083,1.0,0.9927646963979291]
[43928,43925,1.0,0.9952227536000962]
[89133,38110,1.0,0.5143483289449648]
[55176,34934,1.0,0.4151440369162923]
[102334,102328,1.0,0.9769594159971385]
[102334,102331,1.0,0.9720179946152822]
[38001,6708,1.0,0.41968452758232455]
[38001,34934,1.0,0.40236434757045647]
[102331,102328,1.0,0.993833290446873]
[94489,38110,1.0,0.4499337386456888]
[29815,6708,1.0,0.4196326205791492]
[59602,59593,1.0,0.9952227536000962]
[59602,38110,1.0,0.5514769567448581]
[59602,5895,1.0,0.40321491487552896]
[59602,59599,1.0,0.9544527704594135]
[59602,59596,1.0,0.9946149626479851]
[112540,6708,1.0,0.40927277378053567]
[83491,6708,1.0,0.6007362535840725]
[83491,34934,1.0,0.484155107533859]
[83491,29815,1.0,0.40322132317494996]
[83491,40378,1.0,0.5956687461627691]
[83491,78084,1.0,0.61402855242682]
[96778,83491,1.0,0.4332785538328428]
[40672,40669,1.0,0.9863601043469905]
[47393,47387,1.0,0.986561341032257]
[47393,47390,1.0,0.9836023482922865]
[84765,84762,1.0,0.8903628537635432]
[84765,84759,1.0,0.9833526339666554]
[107083,34934,1.0,0.5710071774796733]
[107083,107080,1.0,0.9759073347017847]
[106090,106087,1.0,0.9946572280446236]
[88846,88843,1.0,0.89315846359606]
[107089,107086,1.0,0.9908397224750475]
[107089,107080,1.0,0.9908397224750475]
[107089,107083,1.0,0.9927646963979291]
[59605,59593,1.0,0.9774732231295429]
[59605,59602,1.0,0.9774732231295429]
[59605,59599,1.0,0.8883726222220142]
[59605,59596,1.0,0.9782867994899249]
[64118,38110,1.0,0.5433447013029232]
[40378,38001,1.0,0.4924274818007737]
[40378,29815,1.0,0.4320249244998045]
[40378,37080,1.0,0.5134041366002811]
[84762,84759,1.0,0.9451633375976415]
[87445,42418,1.0,0.4496433533357591]
[87445,8318,1.0,0.4599793667869536]
[87445,38110,1.0,0.6200371125460117]
[37080,34934,1.0,0.6343589632418205]
[37080,37074,1.0,0.9952227536000962]
[32821,32818,1.0,0.7242961870194267]
[78084,55176,1.0,0.44457246896506836]
[78084,38001,1.0,0.4270654827670246]
[78084,29815,1.0,0.5162436599032423]
[78084,33045,1.0,0.4158184939582949]
[78084,55649,1.0,0.43279152947753435]
[107092,107083,1.0,0.8382142614380547]
[63921,63918,1.0,0.9937647390127093]
[55649,34934,1.0,0.5261911704693917]
[59608,59593,1.0,0.9946572280446236]
[59608,59602,1.0,0.9946572280446236]
[59608,59605,1.0,0.9816780350963652]
[59608,59599,1.0,0.9507163026223364]
[59608,59596,1.0,0.9939489093235349]
[47390,47387,1.0,0.9623777336215261]
[59599,59593,1.0,0.9206263592740873]
[59599,59596,1.0,0.914375479985007]
[112546,6708,1.0,0.48497970900390847]
[112546,112540,1.0,0.9952227536000962]
[59596,59593,1.0,0.9913719155278211]
[105948,87445,1.0,0.4184415701154386]
[78456,78453,1.0,0.9712554876184042]
[40675,40672,1.0,0.9782475187030258]
[40675,40669,1.0,0.9919031889112758]
[93308,92840,1.0,0.47669054583578147]
[14105,14096,1.0,0.9912934473358537]
[14105,14102,1.0,0.9687733194980718]
[14105,14099,1.0,0.9912934473358537]
[72770,72767,1.0,0.9638488178207999]
[14102,14096,1.0,0.9859459991684053]
[14102,14099,1.0,0.9859459991684053]
[37345,37342,1.0,0.8386692588948126]
[72773,72770,1.0,0.9450894020500538]
[72773,72767,1.0,0.9914729588753374]
[106857,106854,1.0,0.9931164783355245]
[14099,14096,1.0,0.9952227536000962]
[27259,6604,1.0,0.4565006166081314]
[93150,6604,1.0,0.5481482692677062]
[72650,6604,1.0,0.432017779529703]
[92575,6604,1.0,0.602066208371639]
[11825,11822,1.0,0.6668353828641005]
[27049,27043,1.0,0.9668405257519648]
[27049,27046,1.0,0.7960242726019849]
[27049,11606,1.0,0.510925472032938]
[72656,72650,1.0,0.9701572632145836]
[72656,6604,1.0,0.5074104802130388]
[72656,72653,1.0,0.9341343289664066]
[50974,14990,1.0,0.47328150832260224]
[27043,11606,1.0,0.4451619453116745]
[6604,3485,1.0,0.50997553898439]
[72690,72687,1.0,0.9689237620893785]
[72690,72681,1.0,0.9817964589006648]
[72690,72684,1.0,0.773464951999844]
[27052,27049,1.0,0.9605795452214502]
[27052,27043,1.0,0.9936650057467088]
[27052,27046,1.0,0.9058937782369647]
[27052,11606,1.0,0.4451619453116745]
[132498,92575,1.0,0.5102968956120416]
[72687,72681,1.0,0.9839203319295544]
[64788,64785,1.0,0.9874882310208049]
[72659,72650,1.0,0.9863444106692562]
[72659,72656,1.0,0.9293496467689795]
[72659,6604,1.0,0.432017779529703]
[72659,72653,1.0,0.8476658456530267]
[72693,72690,1.0,0.9454741505282096]
[72693,72687,1.0,0.959877370814359]
[72693,72681,1.0,0.9813588712061795]
[64785,6604,1.0,0.4872529597827069]
[27046,27043,1.0,0.9384218310696808]
[27046,11606,1.0,0.4764645427887815]
[44162,44159,1.0,0.9797467611936018]
[22508,6604,1.0,0.49662813852480153]
[26522,6604,1.0,0.41586647580522823]
[72653,72650,1.0,0.9115968853009836]
[72653,6604,1.0,0.40964286605334843]
[37221,6604,1.0,0.41186543142942733]
[75760,75757,1.0,0.9941373313217248]
[92485,86992,1.0,0.4378485922915853]
[37198,37192,1.0,0.9647989762530081]
[68489,68483,1.0,0.9877812743869288]
[68489,68486,1.0,0.8810733899496198]
[68486,68483,1.0,0.9423865845261749]
[111456,111453,1.0,0.9512407283980115]
[70080,29835,1.0,0.4542425766150449]
[70083,70080,1.0,0.9813052323649366]
[70083,29835,1.0,0.44976354871447594]
[14973,14970,1.0,0.994342093446844]
[14976,14970,1.0,0.9595061154125178]
[14976,14973,1.0,0.9595061154125178]
[87290,29835,1.0,0.4079873982958123]
[111462,111456,1.0,0.9282858410317807]
[111462,111453,1.0,0.9920352835649638]
[70086,70080,1.0,0.9841943950183857]
[70086,70083,1.0,0.9330785340258996]
[70086,29835,1.0,0.4128567752880751]
[14979,14970,1.0,0.9760870835963594]
[14979,14973,1.0,0.9756373737589772]
[14979,14976,1.0,0.884366729345951]
[36008,36002,1.0,0.9923857743946327]
[121752,36008,1.0,0.48456049195352646]
[121752,36002,1.0,0.48456049195352646]
[121752,36011,1.0,0.48456049195352646]
[79089,79086,1.0,0.9952227536000962]
[79089,36008,1.0,0.5809154810430545]
[79089,36002,1.0,0.5809154810430545]
[79089,36011,1.0,0.5809154810430545]
[36011,36008,1.0,0.9923857743946327]
[36011,36002,1.0,0.9952227536000962]
[51617,36008,1.0,0.6053005054227446]
[51617,36002,1.0,0.6053005054227446]
[51617,36011,1.0,0.6053005054227446]
[1854,1851,1.0,0.9868475304107239]
[48153,48150,1.0,0.970284772522323]
[59931,59928,1.0,0.9895707056247579]
[82912,82906,1.0,0.9902316149140523]
[82912,82909,1.0,0.890390772604801]
[82909,82906,1.0,0.9544856566462219]
[59934,59931,1.0,0.9782707272871269]
[59934,59928,1.0,0.9844271296197225]
[32294,32291,1.0,0.9753528854688512]
[32294,32288,1.0,0.9851845787016671]
[32291,32288,1.0,0.946056238058602]
[6718,6712,1.0,0.9939842938157684]
[104686,46848,1.0,0.4065756966609835]
[116577,104686,1.0,0.4006604765845324]
[14887,14884,1.0,0.8770632074956666]
[128349,90668,1.0,0.5483196113150863]
[117787,73377,1.0,0.6885441060614874]
[117787,78826,1.0,0.48595599369054915]
[110938,110929,1.0,0.9727914612620072]
[110938,110935,1.0,0.8143564773521845]
[110935,110929,1.0,0.9496997534395203]
[126376,126373,1.0,0.991295858210494]
[63604,63601,1.0,0.9788542256093642]
[1711,1708,1.0,0.7021613056558665]
[73377,56321,1.0,0.518956815223154]
[73377,67322,1.0,0.5251917776271648]
[73377,56324,1.0,0.518956815223154]
[73377,19050,1.0,0.529711597435628]
[110941,110929,1.0,0.6997607261503536]
[110941,110938,1.0,0.4806756416036603]
[56324,56321,1.0,0.992741519159376]
[17755,17749,1.0,0.9947803113316972]
[63607,63604,1.0,0.9934197647450789]
[63607,63601,1.0,0.9952227536000962]
[126379,126376,1.0,0.992338746777067]
[126379,126373,1.0,0.9930676807585843]
[41268,41265,1.0,0.9934289110292495]
[119119,73377,1.0,0.41152597667738394]
[53611,53608,1.0,0.9513548698485509]
[19050,19047,1.0,0.9952227536000962]
[20733,20730,1.0,0.98683142837657]
[20733,20724,1.0,0.9683573925366467]
[20733,20721,1.0,0.989432370745036]
[131233,22438,1.0,0.6097318214610867]
[131233,52939,1.0,0.5524110362473744]
[131233,29085,1.0,0.6178780249695636]
[131233,131230,1.0,0.9925270434784077]
[131233,89289,1.0,0.5109158560373523]
[131233,78273,1.0,0.48094476427723604]
[131233,131227,1.0,0.9952227536000962]
[131233,22432,1.0,0.6097318214610867]
[131233,22435,1.0,0.6119297844403941]
[131233,22441,1.0,0.6097318214610867]
[131233,54024,1.0,0.5112333131768366]
[131236,131233,1.0,0.9952227536000962]
[131236,131230,1.0,0.9925270434784077]
[131236,131227,1.0,0.9952227536000962]
[131236,54024,1.0,0.5112333131768366]
[113788,113782,1.0,0.8528874851767755]
[113788,113785,1.0,0.8361853851635541]
[55214,55211,1.0,0.9905496488699075]
[55214,55208,1.0,0.9905496488699075]
[20730,20724,1.0,0.9800272437555668]
[20730,20721,1.0,0.993833290446873]
[55217,55214,1.0,0.9900850340350941]
[55217,55211,1.0,0.9812049507516954]
[55217,55208,1.0,0.9812049507516954]
[64793,64790,1.0,0.76335971097838]
[15412,15409,1.0,0.9341843461972059]
[55211,55208,1.0,0.9952227536000962]
[131239,131233,1.0,0.9904277818523912]
[131239,131236,1.0,0.9904277818523912]
[131239,131230,1.0,0.9902548312638412]
[131239,131227,1.0,0.9904277818523912]
[22438,22432,1.0,0.9952227536000962]
[22438,22435,1.0,0.9946939993737459]
[20724,20721,1.0,0.9844602954995139]
[69715,69712,1.0,0.9258416618049173]
[69715,69706,1.0,0.973056245964424]
[69715,69709,1.0,0.758683726453585]
[129273,53876,1.0,0.4183732397612474]
[69712,69706,1.0,0.9847310656410647]
[69712,69709,1.0,0.7429760544040083]
[131230,131227,1.0,0.9861978773073414]
[69709,69706,1.0,0.8417988402583392]
[62738,62735,1.0,0.978415283840799]
[118126,118123,1.0,0.9905564682541387]
[131227,54024,1.0,0.5112333131768366]
[118132,118126,1.0,0.9905564682541387]
[118132,118123,1.0,0.9952227536000962]
[113785,113782,1.0,0.9946572280446236]
[29842,29839,1.0,0.9949181171750051]
[7303,7297,1.0,0.9925500138987969]
[22435,22432,1.0,0.990855388209931]
[21621,21618,1.0,0.5895165339077879]
[22441,22438,1.0,0.9952227536000962]
[22441,22432,1.0,0.9952227536000962]
[22441,22435,1.0,0.9946939993737459]
[7795,7789,1.0,0.977654719923328]
[96012,59812,1.0,0.4768429167249315]
[59812,34604,1.0,0.44445513597654196]
[131512,81613,1.0,0.5682259152785897]
[104245,41432,1.0,0.523658686764949]
[53382,53376,1.0,0.9758814105661802]
[53382,53379,1.0,0.818372567863089]
[53379,53376,1.0,0.9848280379573445]
[110692,14345,1.0,0.5385178279502821]
[62301,24254,1.0,0.44580004645433463]
[49529,49520,1.0,0.9735262401643401]
[49529,49523,1.0,0.9505118017126893]
[68705,68702,1.0,0.9946150562738262]
[49523,49520,1.0,0.9895707056247579]
[55786,55774,1.0,0.9921044828807049]
[55786,55780,1.0,0.9575615546154785]
[55786,55777,1.0,0.9699149538337315]
[55786,55783,1.0,0.9907460044953149]
[114489,1627,1.0,0.46338423749401103]
[55780,55774,1.0,0.991926545928425]
[55780,55777,1.0,0.9538669703994955]
[69186,1627,1.0,0.4398918816962335]
[55777,55774,1.0,0.9703756569451089]
[1627,1624,1.0,0.9952227536000962]
[55783,55774,1.0,0.9901432804868449]
[55783,55780,1.0,0.9492657872724997]
[55783,55777,1.0,0.9488374424870669]
[69527,1627,1.0,0.7499338258424338]
[101385,81958,1.0,0.481291522897132]
[101385,55282,1.0,0.4094233106286816]
[107203,107200,1.0,0.921320751486497]
[126033,81958,1.0,0.4123533596726033]
[16327,15067,1.0,0.45095229921797486]
[36122,36119,1.0,0.9847537878295398]
[25497,25494,1.0,0.9751650839831225]
[126775,81958,1.0,0.492314725047124]
[43096,43093,1.0,0.9913677390077222]
[115825,25071,1.0,0.511904244022197]
[109935,81958,1.0,0.6053051592192996]
[109935,109932,1.0,0.9905564682541387]
[81958,81610,1.0,0.4131437432135476]
[121521,121518,1.0,0.9926833917401131]
[65011,65008,1.0,0.9849191821611597]
[109932,81958,1.0,0.5904888497014732]
[25500,25494,1.0,0.9176269667523885]
[25500,25497,1.0,0.8056570201685275]
[123457,25071,1.0,0.5996196818690948]
[123457,43093,1.0,0.4455676236503151]
[81486,81474,1.0,0.9952227536000962]
[81486,81480,1.0,0.9952227536000962]
[81486,81477,1.0,0.9950198389614197]
[81486,81483,1.0,0.9927904021198166]
[22543,22540,1.0,0.8301787792616754]
[22543,22537,1.0,0.9517121347299264]
[22540,22537,1.0,0.9663437832798993]
[81480,81474,1.0,0.9891356835907431]
[81480,81477,1.0,0.9795246794486312]
[81477,81474,1.0,0.9812175457135526]
[111723,111717,1.0,0.9952227536000962]
[81483,81474,1.0,0.9927904021198166]
[81483,81480,1.0,0.9844101181098982]
[81483,81477,1.0,0.9738110929399595]
[55750,7714,1.0,0.4188731114350478]
[53052,46342,1.0,0.4246762483485561]
[53052,16676,1.0,0.4322982183712605]
[38617,26471,1.0,0.40835725450154736]
[100849,49857,1.0,0.48526121217710966]
[61837,33647,1.0,0.40890498608977016]
[75421,49857,1.0,0.4553887446303734]
[49857,37891,1.0,0.4739097540110029]
[49857,44050,1.0,0.8691836641074402]
[49857,22291,1.0,0.5252306076713584]
[49857,45833,1.0,0.4226409655390879]
[49857,49339,1.0,0.42469998427104283]
[49857,26471,1.0,0.4950770651669222]
[49857,49851,1.0,0.9223823753095267]
[49857,38125,1.0,0.43349480054476625]
[49857,8316,1.0,0.5357034644116587]
[49857,46342,1.0,0.6452572365748439]
[49857,49848,1.0,0.9106468947473046]
[49857,5350,1.0,0.5246279995621295]
[49857,24582,1.0,0.7249196154984193]
[49857,49854,1.0,0.9413580857866857]
[49857,16676,1.0,0.6556650766456988]
[49857,41746,1.0,0.474057301306259]
[49857,20272,1.0,0.4337542971005688]
[119095,49857,1.0,0.5876101086076765]
[119098,49857,1.0,0.5199176052836483]
[119098,119095,1.0,0.9647767605529962]
[109972,49857,1.0,0.5450684237440127]
[23000,22997,1.0,0.9759477202514985]
[99742,49857,1.0,0.5174300282268933]
[31939,31936,1.0,0.9432676997908784]
[31939,31933,1.0,0.9922728384210173]
[23003,22997,1.0,0.9913781641875743]
[23003,23000,1.0,0.9614556621323488]
[105316,49857,1.0,0.4259350411030426]
[109435,49857,1.0,0.5479785852497829]
[109435,101670,1.0,0.41087078926454607]
[101670,22879,1.0,0.5007168938009211]
[101670,22885,1.0,0.5007168938009211]
[101670,26471,1.0,0.439957275227875]
[101670,46342,1.0,0.5160795510905906]
[94047,49857,1.0,0.47339115352472766]
[22885,22879,1.0,0.9925500138987969]
[99745,49857,1.0,0.5891518033079787]
[99745,99742,1.0,0.9720224833280223]
[93245,49857,1.0,0.5189021023139218]
[106363,49857,1.0,0.48679767124749806]
[20275,20272,1.0,0.9907453314477414]
[49851,26471,1.0,0.4123170697992441]
[49851,46342,1.0,0.48864802096039606]
[49851,49848,1.0,0.9864226061850219]
[49851,24582,1.0,0.4496844426194782]
[99748,49857,1.0,0.5693392606113512]
[99748,99742,1.0,0.9635045710972793]
[99748,99745,1.0,0.9567092547207734]
[31936,31933,1.0,0.9611038897081189]
[50241,49857,1.0,0.4265210048929607]
[114639,20557,1.0,0.4774576249078892]
[50742,49857,1.0,0.48457430472735635]
[76735,22879,1.0,0.5478914882158719]
[76735,22885,1.0,0.5478914882158719]
[76735,49339,1.0,0.4781470770480548]
[107130,49857,1.0,0.43127275431179835]
[104848,104842,1.0,0.9895707056247579]
[128026,49857,1.0,0.45326073875458095]
[128026,101670,1.0,0.43482403052065993]
[128026,76735,1.0,0.4335715236031356]
[128026,76738,1.0,0.4335715236031356]
[117633,49857,1.0,0.5035578048660297]
[62391,49857,1.0,0.4897299250715818]
[49848,26471,1.0,0.41797937270064806]
[49848,46342,1.0,0.5178646866296702]
[49848,24582,1.0,0.4460720370713623]
[71032,49857,1.0,0.4036429048825113]
[87443,49857,1.0,0.4212572533041025]
[33647,20557,1.0,0.4403856255035542]
[33647,33560,1.0,0.4003378921201502]
[33647,23009,1.0,0.7239354521441117]
[76738,22879,1.0,0.5478914882158719]
[76738,22885,1.0,0.5478914882158719]
[76738,49339,1.0,0.4781470770480548]
[76738,76735,1.0,0.9952227536000962]
[33560,5885,1.0,0.41903897162074744]
[61688,49857,1.0,0.6320905418417793]
[87854,87845,1.0,0.9919753999016002]
[87854,87851,1.0,0.9704352052582023]
[97767,49857,1.0,0.6780829762907242]
[23009,22997,1.0,0.9952227536000962]
[23009,23000,1.0,0.9921471266607758]
[23009,23003,1.0,0.9921471266607758]
[23009,23006,1.0,0.9933607062578763]
[47782,47776,1.0,0.9759420560593248]
[47782,47779,1.0,0.9494758382815583]
[107796,22879,1.0,0.5708434599569862]
[107796,22885,1.0,0.5097021942850286]
[49854,26471,1.0,0.4123170697992441]
[49854,49851,1.0,0.9892585030366451]
[49854,46342,1.0,0.48864802096039606]
[49854,49848,1.0,0.9910149508065733]
[49854,24582,1.0,0.4412246695937523]
[81593,49857,1.0,0.6742443326574812]
[81593,49851,1.0,0.46586784222625416]
[81593,49848,1.0,0.471472385354024]
[81593,49854,1.0,0.4659111692268324]
[47779,47776,1.0,0.9822886919462311]
[84655,49857,1.0,0.4033719908989577]
[117021,49857,1.0,0.5094389573509304]
[23006,22997,1.0,0.9933607062578763]
[23006,23000,1.0,0.963046696715839]
[23006,23003,1.0,0.9865805650454477]
[115627,22879,1.0,0.40790180570167717]
[115627,49857,1.0,0.4980004386262903]
[115627,22885,1.0,0.40790180570167717]
[115627,26471,1.0,0.4906688673660288]
[115627,46342,1.0,0.6752322707275048]
[67360,20557,1.0,0.5796183675655223]
[47089,47086,1.0,0.9938647243311929]
[87851,87845,1.0,0.9794241298793246]
[99751,49857,1.0,0.8414153026907618]
[99751,99742,1.0,0.9749775710781794]
[99751,99745,1.0,0.9749775710781794]
[99751,49851,1.0,0.4060513140597043]
[99751,99748,1.0,0.9475473472825969]
[99751,49848,1.0,0.48355954518543853]
[99751,49854,1.0,0.45897538693432954]
[31609,31606,1.0,0.9916975038550923]
[129136,129133,1.0,0.9789553005192452]
[2616,2613,1.0,0.9723243102132216]
[129145,129136,1.0,0.9768384240828786]
[129145,129142,1.0,0.9523532744576185]
[129145,129139,1.0,0.8985178759589022]
[129145,129133,1.0,0.9523532744576185]
[22200,22194,1.0,0.9046328194958853]
[22200,22197,1.0,0.9610559233160794]
[22200,22191,1.0,0.9046328194958853]
[22194,22191,1.0,0.9952227536000962]
[22197,22194,1.0,0.9841672886579516]
[22197,22191,1.0,0.9841672886579516]
[22157,22154,1.0,0.5450535813201621]
[129142,129136,1.0,0.9768384240828786]
[129142,64237,1.0,0.4362285867821323]
[129142,11045,1.0,0.4111685581506727]
[129142,129139,1.0,0.977566733233941]
[129142,129133,1.0,0.9952227536000962]
[81714,45509,1.0,0.434186207458494]
[81714,62124,1.0,0.44052511940386935]
[81714,55166,1.0,0.44886061685586265]
[81714,19691,1.0,0.5025391809127364]
[129139,129136,1.0,0.962584269792264]
[129139,129133,1.0,0.9580884906044107]
[22160,22154,1.0,0.9715228123866527]
[38154,38151,1.0,0.958047326079553]
[22786,22777,1.0,0.9952227536000962]
[22786,22780,1.0,0.9918484705620987]
[22786,22783,1.0,0.9905564682541387]
[104553,104544,1.0,0.9775323131973251]
[104553,104550,1.0,0.9870908638023206]
[104553,104547,1.0,0.9775323131973251]
[12310,12304,1.0,0.9906716061010056]
[59760,22786,1.0,0.4172481275981415]
[91649,9312,1.0,0.4156657885638035]
[91649,40323,1.0,0.5374168596782313]
[104518,40323,1.0,0.5279975801965296]
[40323,22786,1.0,0.6006705055417068]
[40323,22777,1.0,0.45612520114063937]
[40323,22780,1.0,0.5431597497630105]
[40323,22783,1.0,0.45612520114063937]
[85591,40323,1.0,0.5080438703213009]
[22780,22777,1.0,0.9918484705620987]
[104550,104544,1.0,0.9879921469481711]
[104550,104547,1.0,0.9879921469481711]
[51525,51519,1.0,0.6479125654186064]
[51525,51522,1.0,0.6059251165195326]
[22783,22777,1.0,0.9905564682541387]
[22783,22780,1.0,0.9839979542258006]
[104547,104544,1.0,0.9952227536000962]
[51522,51519,1.0,0.9934197647450789]
[106098,45520,1.0,0.53516085486853]
[16824,16818,1.0,0.9921687767707799]
[84644,84641,1.0,0.9909251903137]
[84650,84644,1.0,0.9827936504283985]
[84650,84641,1.0,0.9905564682541387]
[80679,66006,1.0,0.4485480538666989]
[16827,16824,1.0,0.9462588599878344]
[16827,16818,1.0,0.9844211734379036]
[85076,85073,1.0,0.9737565743950127]
[16493,16487,1.0,0.9927904021198166]
[16493,16490,1.0,0.9927904021198166]
[16490,16487,1.0,0.9952227536000962]
[113685,70334,1.0,0.4812352822557784]
[113685,74087,1.0,0.5061760888872542]
[113685,74093,1.0,0.4418956921278094]
[74093,74087,1.0,0.9890424628076515]
[19869,19866,1.0,0.9933677579237732]
[19872,19869,1.0,0.9630906339039481]
[19872,19866,1.0,0.9812278286378433]
[42150,42147,1.0,0.9902913432757028]
[42150,42144,1.0,0.9952227536000962]
[42150,20287,1.0,0.4678128619187015]
[42147,6214,1.0,0.41033644866321367]
[42147,42144,1.0,0.9902913432757028]
[79203,6214,1.0,0.5391694062548148]
[79203,42150,1.0,0.5272238722006073]
[79203,4919,1.0,0.412584163781233]
[79203,10848,1.0,0.555341962052757]
[104353,13569,1.0,0.607538434229002]
[26176,26170,1.0,0.9830901122368397]
[14677,14674,1.0,0.9899044822325797]
[26182,26176,1.0,0.9663291062738154]
[26182,26170,1.0,0.9899899668414485]
[84211,84205,1.0,0.9867582484200343]
[14680,14674,1.0,0.9337085375366346]
[14680,14677,1.0,0.8988465629450588]
[41501,41495,1.0,0.978670230321203]
[41501,41498,1.0,0.9231131939771438]
[41498,41495,1.0,0.9757958192984313]
[44859,13569,1.0,0.5539352770602919]
[27229,27226,1.0,0.98710390705501]
[27232,27226,1.0,0.8544262441096995]
[27232,27229,1.0,0.8138708392256403]
[85588,13569,1.0,0.5007399980719254]
[33952,10848,1.0,0.41407157093210323]
[99229,42410,1.0,0.5243358777470819]
[99229,61694,1.0,0.436997632159737]
[11931,11928,1.0,0.970065613294779]
[97194,97191,1.0,0.9824174162733978]
[97197,97191,1.0,0.9952227536000962]
[97197,97194,1.0,0.9824174162733978]
[83649,83643,1.0,0.9952227536000962]
[83649,83646,1.0,0.9940238256386854]
[82180,82177,1.0,0.9910555780036622]
[50439,50433,1.0,0.9917038292066669]
[50439,50436,1.0,0.9917038292066669]
[83658,83649,1.0,0.9654827350652849]
[83658,83655,1.0,0.9539656504335465]
[83658,83643,1.0,0.9654827350652849]
[83658,83652,1.0,0.969097676050879]
[83658,83646,1.0,0.9585777514311948]
[83655,83649,1.0,0.9944393446098015]
[83655,83643,1.0,0.9944393446098015]
[83655,83652,1.0,0.9944393446098015]
[83655,83646,1.0,0.9930637826497783]
[98845,19528,1.0,0.451926709516496]
[98845,98842,1.0,0.988934812387235]
[83652,83649,1.0,0.9952227536000962]
[83652,83643,1.0,0.9952227536000962]
[83652,83646,1.0,0.9952227536000962]
[83646,83643,1.0,0.9940238256386854]
[50436,50433,1.0,0.9952227536000962]
[113233,113230,1.0,0.9877726362494229]
[82183,82180,1.0,0.9439713357445918]
[82183,82177,1.0,0.9721599819387186]
[76581,76575,1.0,0.9938691109628636]
[90986,19528,1.0,0.6240072725373437]
[59694,59691,1.0,0.9484056627788695]
[59694,59688,1.0,0.9947803113316972]
[59691,59688,1.0,0.9520320950592376]
[10358,10352,1.0,0.9909728179801929]
[126660,75944,1.0,0.4205066564338358]
[127695,127692,1.0,0.6599914860258881]
[16921,16918,1.0,0.9768239463494146]
[97204,74865,1.0,0.40683061970472184]
[97204,97198,1.0,0.9638134091560496]
[97204,97201,1.0,0.9062369777496323]
[74865,44733,1.0,0.4403443306603025]
[97198,74865,1.0,0.4153581353961293]
[97198,22078,1.0,0.42462184628425964]
[97198,57357,1.0,0.41855706884039084]
[18645,18636,1.0,0.9946939993737459]
[18645,18639,1.0,0.9789180382401673]
[27686,27683,1.0,0.9695352584445783]
[18639,18636,1.0,0.9717835469489056]
[126663,126660,1.0,0.9877726362494229]
[126663,75944,1.0,0.4205066564338358]
[97201,74865,1.0,0.4153581353961293]
[97201,97198,1.0,0.9842365892721153]
[97201,22078,1.0,0.44238045319976926]
[97201,57357,1.0,0.47334625828390325]
[52256,52247,1.0,0.9952227536000962]
[52256,52253,1.0,0.975374110835545]
[52256,52250,1.0,0.981131712564556]
[6598,6592,1.0,0.9835072250537171]
[6598,6595,1.0,0.9483978452142049]
[52253,52247,1.0,0.7997475284972838]
[52253,52250,1.0,0.6622982004323217]
[6595,6592,1.0,0.9831374193776826]
[28037,28034,1.0,0.8032548540165223]
[52259,52247,1.0,0.442048916757063]
[52259,52256,1.0,0.9068656882550615]
[52250,52247,1.0,0.985663026118084]
[117178,77527,1.0,0.44421180774932395]
[86792,7474,1.0,0.5544255747530722]
[71522,71519,1.0,0.9865355980960755]
[97419,97416,1.0,0.9292945078219531]
[82810,78719,1.0,0.4963259516372447]
[73536,59569,1.0,0.5740977789478112]
[104688,7474,1.0,0.44520894754207513]
[92869,59569,1.0,0.45557438947742696]
[92869,89420,1.0,0.42332051272153615]
[92869,78295,1.0,0.5165223388474198]
[89420,87754,1.0,0.5406081143815452]
[89420,78295,1.0,0.4786186414492799]
[78295,59569,1.0,0.4152452923255765]
[97422,97419,1.0,0.7983209426196762]
[97422,97416,1.0,0.9918571439823413]
[97425,97419,1.0,0.694830814683512]
[97425,97416,1.0,0.9804351577703702]
[97425,97422,1.0,0.896986519608751]
[95304,59569,1.0,0.46791613993836034]
[89344,89338,1.0,0.9162340877342604]
[89344,64915,1.0,0.45193352716839924]
[77417,40712,1.0,0.5019928824889642]
[96337,40712,1.0,0.4905067996026047]
[64912,64906,1.0,0.9952227536000962]
[64912,64909,1.0,0.904671366179794]
[50961,37524,1.0,0.46207534472637785]
[40712,16795,1.0,0.6639063771662315]
[94747,50961,1.0,0.5828387137663366]
[94747,94738,1.0,0.9675936573404353]
[94747,94741,1.0,0.9082329430181121]
[94747,94744,1.0,0.9366993638650015]
[92004,92001,1.0,0.7445603275452659]
[89338,64915,1.0,0.4630312130788394]
[94738,50961,1.0,0.5650196512937041]
[94741,94738,1.0,0.9830958187769848]
[64915,64912,1.0,0.9505785961440207]
[64915,64906,1.0,0.9505785961440207]
[64915,64909,1.0,0.8340469302723265]
[92001,50961,1.0,0.4963920692184393]
[92007,50961,1.0,0.4963920692184393]
[92007,92004,1.0,0.8761144926745922]
[92007,92001,1.0,0.9952227536000962]
[64909,64906,1.0,0.904671366179794]
[94744,50961,1.0,0.4411434809423196]
[94744,94738,1.0,0.9893244967337156]
[94744,94741,1.0,0.9717996165769686]
[67382,67370,1.0,0.9878322765641779]
[67382,67376,1.0,0.9716620909224797]
[67385,67370,1.0,0.9426555091752958]
[67385,67382,1.0,0.8880261783207177]
[67385,67376,1.0,0.8649862565964619]
[67376,67370,1.0,0.9845322141841173]
[87104,19088,1.0,0.4075142623155319]
[102502,49822,1.0,0.4170050233095111]
[102502,2012,1.0,0.42982305093375694]
[102502,19088,1.0,0.5731479521095272]
[102502,6869,1.0,0.5755353586824888]
[101209,87273,1.0,0.48107501059246216]
[59907,59901,1.0,0.9931558375613116]
[59907,59904,1.0,0.8364449303652265]
[83494,49822,1.0,0.5796249622321024]
[59904,59901,1.0,0.8785958809596138]
[59910,59901,1.0,0.746261703652017]
[59910,59907,1.0,0.9132672144751744]
[59910,59904,1.0,0.5285112316215449]
[183,177,1.0,0.9727603981632277]
[183,180,1.0,0.9703061622227347]
[35215,35212,1.0,0.945588659818777]
[78005,49822,1.0,0.4180328813960127]
[180,177,1.0,0.9917038292066669]
[87273,44980,1.0,0.45293629131927743]
[87273,30755,1.0,0.4403346401943684]
[87273,42339,1.0,0.45272726959440684]
[91556,87273,1.0,0.4243528250121182]
[19987,3333,1.0,0.5525996094774257]
[19987,5548,1.0,0.5654593128444091]
[18022,18016,1.0,0.993386613593774]
[112525,9892,1.0,0.531932070982307]
[112525,49678,1.0,0.4451739534666399]
[112525,112522,1.0,0.9952227536000962]
[112525,29916,1.0,0.7716322102424366]
[112525,18749,1.0,0.6955608936519916]
[112525,13055,1.0,0.4968899709025786]
[18746,18740,1.0,0.9914756223331858]
[18746,18743,1.0,0.9786331829255187]
[25440,18749,1.0,0.6439934119353122]
[123423,112525,1.0,0.6953035393394753]
[123423,29916,1.0,0.44499946130420753]
[123423,18749,1.0,0.6382689619511628]
[123423,13055,1.0,0.4147165557480489]
[51024,51018,1.0,0.9905726759751462]
[51024,51021,1.0,0.9863102475444457]
[18752,18746,1.0,0.9850505785865765]
[18752,18740,1.0,0.99133259848331]
[18752,18749,1.0,0.9819383540948426]
[18752,18743,1.0,0.9775627672370097]
[51021,51018,1.0,0.9927904021198166]
[112522,29916,1.0,0.6105129545396205]
[112522,18749,1.0,0.4547938440620902]
[61975,25440,1.0,0.522305093880399]
[61975,29916,1.0,0.45913199101723595]
[61975,18749,1.0,0.5694960205359524]
[29916,25440,1.0,0.5751834224477135]
[29916,13055,1.0,0.5843253205751839]
[111685,25440,1.0,0.4151437766141548]
[112528,112525,1.0,0.9921319581968403]
[112528,112522,1.0,0.9921319581968403]
[112528,29916,1.0,0.6105129545396205]
[112528,18749,1.0,0.4485146291255984]
[47729,25440,1.0,0.43280560376607385]
[51030,51018,1.0,0.9918929277770574]
[51030,51024,1.0,0.9181417333773343]
[51030,51021,1.0,0.9879251696533794]
[51030,51027,1.0,0.9722676528034292]
[18749,18746,1.0,0.9617236562858165]
[18749,18740,1.0,0.9772464806617466]
[18749,18743,1.0,0.9481205152727228]
[51027,51018,1.0,0.9827936504283985]
[51027,51024,1.0,0.9049021993962322]
[51027,51021,1.0,0.9823097986384226]
[58381,25440,1.0,0.46768802356647027]
[18743,18740,1.0,0.9915526106882773]
[13055,9892,1.0,0.4928527465615858]
[26004,25995,1.0,0.4735988844515706]
[26004,25998,1.0,0.5077456983789241]
[26004,25992,1.0,0.5077456983789241]
[25995,25992,1.0,0.9852676830712798]
[72955,72946,1.0,0.9952227536000962]
[72955,72952,1.0,0.9918550823344474]
[72955,72949,1.0,0.9877812743869288]
[70808,70802,1.0,0.9926680456172919]
[70808,70805,1.0,0.9719437976627985]
[26393,26390,1.0,0.9935814219499451]
[72952,72946,1.0,0.994754850866769]
[72952,72949,1.0,0.9866797771580346]
[70805,70802,1.0,0.992331883307939]
[25998,25995,1.0,0.9902974601753344]
[25998,25992,1.0,0.9952227536000962]
[72949,72946,1.0,0.9877812743869288]
[70814,70802,1.0,0.9670925823693359]
[70814,70808,1.0,0.9528534015123257]
[70814,70805,1.0,0.9017843650362312]
[70814,70811,1.0,0.93128451288571]
[70811,70802,1.0,0.9883916278349839]
[70811,70808,1.0,0.9848567987656117]
[70811,70805,1.0,0.9619547214826503]
[64497,63742,1.0,0.5802826534339464]
[69688,6609,1.0,0.5261183145754793]
[69688,62561,1.0,0.41370004696342233]
[69688,17636,1.0,0.46330335562822655]
[66539,50090,1.0,0.4617936281849539]
[66539,14797,1.0,0.4064034728245922]
[66539,45331,1.0,0.49110816540129604]
[114853,6609,1.0,0.5115791522350923]
[114853,62239,1.0,0.603532978738684]
[114853,2584,1.0,0.44367877585066196]
[114853,11679,1.0,0.5565892974422172]
[114853,85239,1.0,0.49147415923793797]
[114853,645,1.0,0.8109205818893922]
[114853,648,1.0,0.5801214493768023]
[114853,52845,1.0,0.5052523524701485]
[114853,114847,1.0,0.9952227536000962]
[114853,72381,1.0,0.8506169705361925]
[114853,87618,1.0,0.6374556440488147]
[114853,114850,1.0,0.9952227536000962]
[114853,18808,1.0,0.8246107413839773]
[114853,62561,1.0,0.4904931802675346]
[114853,651,1.0,0.7706103083328806]
[114853,112983,1.0,0.6148229484902596]
[114853,639,1.0,0.7706103083328806]
[114853,6808,1.0,0.46260691517219876]
[114853,114498,1.0,0.5305824699743695]
[114853,114043,1.0,0.6063878193833789]
[114853,27613,1.0,0.42618333635348876]
[114853,17636,1.0,0.5333358780804403]
[645,639,1.0,0.9826864734357842]
[648,645,1.0,0.9147097410202493]
[648,639,1.0,0.9682078949021564]
[114847,6609,1.0,0.5115791522350923]
[114847,62239,1.0,0.603532978738684]
[114847,2584,1.0,0.44367877585066196]
[114847,11679,1.0,0.5565892974422172]
[114847,85239,1.0,0.49147415923793797]
[114847,645,1.0,0.8109205818893922]
[114847,648,1.0,0.5801214493768023]
[114847,52845,1.0,0.5052523524701485]
[114847,72381,1.0,0.8506169705361925]
[114847,87618,1.0,0.6374556440488147]
[114847,18808,1.0,0.8246107413839773]
[114847,62561,1.0,0.4904931802675346]
[114847,651,1.0,0.7706103083328806]
[114847,112983,1.0,0.6148229484902596]
[114847,639,1.0,0.7706103083328806]
[114847,6808,1.0,0.46260691517219876]
[114847,114498,1.0,0.5305824699743695]
[114847,114043,1.0,0.6063878193833789]
[114847,27613,1.0,0.42618333635348876]
[114847,17636,1.0,0.5333358780804403]
[122676,122673,1.0,0.9842365892721153]
[128790,69688,1.0,0.702989745474302]
[128790,114853,1.0,0.42940888932317006]
[128790,114847,1.0,0.42940888932317006]
[128790,114850,1.0,0.5264462296940554]
[114850,6609,1.0,0.6068856666848456]
[114850,114847,1.0,0.9952227536000962]
[114850,72381,1.0,0.4426858525618614]
[114850,18808,1.0,0.473698938553225]
[114850,62561,1.0,0.5912266238232453]
[114850,114498,1.0,0.5591815568083859]
[114850,17636,1.0,0.6210831864482509]
[651,645,1.0,0.9767643836035674]
[651,648,1.0,0.9157654648658551]
[651,639,1.0,0.9927904021198166]
[112983,17636,1.0,0.5522809898686766]
[14803,14797,1.0,0.9076293096549134]
[130560,114853,1.0,0.5166114061189646]
[130560,114847,1.0,0.5166114061189646]
[130560,114498,1.0,0.47067837538772656]
[130560,114043,1.0,0.41196683234318965]
[90597,3209,1.0,0.5059364321822125]
[82547,82544,1.0,0.993172515220938]
[114498,2584,1.0,0.43738396361335063]
[114498,11679,1.0,0.4590627114507191]
[114498,87618,1.0,0.43255529965161027]
[114498,114043,1.0,0.8562359264692491]
[114043,62561,1.0,0.40510425536444444]
[114043,17636,1.0,0.7550211481057035]
[122679,122676,1.0,0.9128302935075283]
[122679,122673,1.0,0.9565240742492942]
[17636,2584,1.0,0.44403753456642187]
[17636,11679,1.0,0.5032452230125629]
[94219,94216,1.0,0.9905939497348172]
[49673,49670,1.0,0.9797706749225786]
[94222,94219,1.0,0.9578004445871349]
[94222,94216,1.0,0.9914866355274466]
[94225,94219,1.0,0.9443021355224868]
[94225,94222,1.0,0.9673461405484002]
[94225,94216,1.0,0.9881920994588484]
[49676,49670,1.0,0.5593717739324746]
[118776,5481,1.0,0.46573736331440607]
[75880,29185,1.0,0.45546945512713155]
[75880,75865,1.0,0.9939287085123063]
[75880,75871,1.0,0.9845579024703008]
[75880,75877,1.0,0.9939287085123063]
[85923,85920,1.0,0.9865527507705708]
[85923,85917,1.0,0.9909251903137]
[29185,1310,1.0,0.4067291892919604]
[29185,1307,1.0,0.4067291892919604]
[66238,5481,1.0,0.504962406778425]
[118036,45312,1.0,0.5433701333990723]
[118036,90580,1.0,0.4009149123868215]
[32943,5481,1.0,0.4246282078129413]
[58950,29185,1.0,0.4118021728027705]
[75865,29185,1.0,0.45546945512713155]
[50074,26180,1.0,0.6270816074405134]
[45312,29185,1.0,0.6280732456007492]
[45312,32640,1.0,0.4366471266842035]
[45312,5481,1.0,0.4821100405795222]
[45312,4342,1.0,0.5087508729036931]
[45312,26180,1.0,0.4212124539894771]
[110599,54600,1.0,0.6085828888900466]
[110599,45312,1.0,0.5827136386670623]
[110599,23415,1.0,0.48433777787825344]
[84580,32640,1.0,0.413573225640864]
[75871,29185,1.0,0.45546945512713155]
[75871,75865,1.0,0.9877726362494229]
[1310,1307,1.0,0.9899140851916809]
[62263,29185,1.0,0.4088761779858266]
[73391,26180,1.0,0.42847696161037097]
[108433,75877,1.0,0.502640997093409]
[130318,45312,1.0,0.48477583476142433]
[76168,75877,1.0,0.6181905490442623]
[121288,121285,1.0,0.9877812743869288]
[23155,23152,1.0,0.9952227536000962]
[75877,23647,1.0,0.4097307909380318]
[75877,29185,1.0,0.45546945512713155]
[75877,49104,1.0,0.5504064975329699]
[75877,58950,1.0,0.45829743409468426]
[75877,75865,1.0,0.9952227536000962]
[75877,45312,1.0,0.8196741533731915]
[75877,73129,1.0,0.4215901587628234]
[75877,75871,1.0,0.9877726362494229]
[75877,1310,1.0,0.43927331873348985]
[75877,16752,1.0,0.42189434431347933]
[75877,9396,1.0,0.6499811262684124]
[75877,1307,1.0,0.42851654610831746]
[75877,62263,1.0,0.4654452024714694]
[75877,8116,1.0,0.402889087282038]
[75877,33895,1.0,0.47454710631187763]
[75877,44712,1.0,0.45816417504020907]
[75877,23415,1.0,0.45963761473089926]
[85920,85917,1.0,0.9927742648919292]
[90580,29185,1.0,0.4179795660514316]
[73580,17045,1.0,0.4248238589029518]
[93639,30011,1.0,0.5110271368402356]
[84213,30011,1.0,0.4392911475242523]
[84213,49585,1.0,0.4144987321810213]
[17045,14800,1.0,0.42440701680645765]
[49248,30011,1.0,0.5056546875629836]
[30011,8859,1.0,0.4659214602123304]
[30011,27943,1.0,0.43896824987583083]
[49585,49248,1.0,0.4472632217873506]
[49585,30011,1.0,0.4265550327062819]
[77780,77774,1.0,0.9835886848370584]
[65873,65870,1.0,0.9891700284774299]
[66353,66350,1.0,0.931477708494829]
[66353,66347,1.0,0.9571860774550609]
[77153,77150,1.0,0.962406664392229]
[113802,86984,1.0,0.49515014378186134]
[66350,66347,1.0,0.9549104384759173]
[65876,65873,1.0,0.945716652114876]
[65876,65870,1.0,0.9689937513371233]
[86984,66353,1.0,0.5161667083947176]
[86984,66347,1.0,0.46967647217073716]
[75715,75709,1.0,0.9795891731198366]
[36223,36217,1.0,0.9905564682541387]
[36223,36220,1.0,0.9792501154308771]
[75718,75709,1.0,0.9952227536000962]
[75718,75715,1.0,0.9802917541382687]
[36220,36217,1.0,0.9841343215339956]
[11698,1455,1.0,0.4614588560331564]
[80274,80271,1.0,0.6472551012917912]
[27837,27831,1.0,0.5971422847919591]
[27837,27825,1.0,0.5895973996107612]
[27837,27834,1.0,0.5895973996107612]
[80280,80274,1.0,0.586437112961307]
[80280,80271,1.0,0.9877726362494229]
[27831,27828,1.0,0.946732373879017]
[27831,27825,1.0,0.9944159498740557]
[36614,36611,1.0,0.9915167622412878]
[36614,36608,1.0,0.992312808442868]
[58014,58008,1.0,0.9676943428806629]
[58014,58011,1.0,0.913212529117024]
[27828,27825,1.0,0.9523290421023202]
[114052,93788,1.0,0.4063362948750462]
[114052,114049,1.0,0.9952227536000962]
[36611,36608,1.0,0.991295858210494]
[67931,18286,1.0,0.6475218905034789]
[79925,79922,1.0,0.9882612249414093]
[27834,27831,1.0,0.9944159498740557]
[27834,27828,1.0,0.9523290421023202]
[27834,27825,1.0,0.9952227536000962]
[58011,58008,1.0,0.9906486878159225]
[93826,67931,1.0,0.4003742776853292]
[61218,61215,1.0,0.9445055131222408]
[46260,36614,1.0,0.4427383999122111]
[80374,58008,1.0,0.440002706930672]
[80374,58014,1.0,0.5167878010651288]
[70429,39657,1.0,0.565323371225935]
[114055,114052,1.0,0.9936734116065394]
[114055,114049,1.0,0.9936734116065394]
[38340,38337,1.0,0.9952227536000962]
[38346,38340,1.0,0.9934197647450789]
[38346,38337,1.0,0.9934197647450789]
[77624,77621,1.0,0.9927510998302113]
[41855,41849,1.0,0.9823684264880336]
[93454,3602,1.0,0.5219504187557299]
[77627,77624,1.0,0.9900741440345397]
[77627,77621,1.0,0.990515878461667]
[108400,108397,1.0,0.9882793937320149]
[87855,87852,1.0,0.9451587694878333]
[87855,87849,1.0,0.9793336946622435]
[588,585,1.0,0.9829467891764929]
[588,582,1.0,0.9906652439071119]
[108910,100626,1.0,0.6248456207790141]
[108910,93189,1.0,0.48468291543130937]
[87852,87849,1.0,0.9898316414098796]
[585,582,1.0,0.9829467891764929]
[111696,108910,1.0,0.4073391184072093]
[111696,585,1.0,0.4423071551586358]
[73778,73775,1.0,0.8807738025101717]
[58048,57688,1.0,0.496911673114572]
[116901,116898,1.0,0.9576395511590267]
[34582,34579,1.0,0.6079996027973834]
[34582,34573,1.0,0.991468626206008]
[34582,34576,1.0,0.9211093225476744]
[34579,34573,1.0,0.7037054618796201]
[34576,34573,1.0,0.9801861118080251]
[1302,1299,1.0,0.9707822862434791]
[1302,1296,1.0,0.9938289672647332]
[1299,1296,1.0,0.9851281100581999]
[113029,113026,1.0,0.9931558375613116]
[14376,14373,1.0,0.9914729588753374]
[14382,14376,1.0,0.9945081630075626]
[14382,14373,1.0,0.9917114046783264]
[14385,14376,1.0,0.9945081630075626]
[14385,14382,1.0,0.965768235219158]
[14385,14373,1.0,0.965768235219158]
[28090,28087,1.0,0.9896517636263094]
[128848,128842,1.0,0.7647631074461182]
[128848,128845,1.0,0.7647631074461182]
[85322,2195,1.0,0.6834663279402435]
[47001,2195,1.0,0.4810733967225184]
[45269,45266,1.0,0.8169630749398044]
[45272,45269,1.0,0.7334353577415923]
[45272,45266,1.0,0.9778588162234736]
[68618,25793,1.0,0.46064703135419766]
[68618,2195,1.0,0.4017748210341012]
[73803,73794,1.0,0.9931908804038752]
[73803,73800,1.0,0.9688187972373042]
[73803,73797,1.0,0.9931908804038752]
[94677,13269,1.0,0.4457476295787566]
[98296,98290,1.0,0.9750453118143174]
[98296,98293,1.0,0.97691235915555]
[116239,2195,1.0,0.5963890944650041]
[116239,47001,1.0,0.4250374125758946]
[116239,94677,1.0,0.43753995452961053]
[37838,37835,1.0,0.9910576686236625]
[81131,81122,1.0,0.9905564682541387]
[81131,81125,1.0,0.973031790638513]
[81131,81128,1.0,0.9800883045581703]
[45497,2195,1.0,0.44148603757944527]
[81125,25793,1.0,0.4148463238192477]
[81125,2195,1.0,0.41044636584552624]
[81125,81122,1.0,0.9902466857356452]
[73806,73803,1.0,0.9946065170958023]
[73806,73794,1.0,0.9952227536000962]
[73806,73800,1.0,0.9769736859956193]
[73806,73797,1.0,0.9952227536000962]
[98299,98296,1.0,0.9443914087418847]
[98299,98290,1.0,0.9701072772586533]
[98299,98293,1.0,0.9587882752279105]
[98290,85322,1.0,0.41905597940689654]
[128851,128848,1.0,0.7668495798912631]
[128851,128842,1.0,0.9836706966997675]
[128851,128845,1.0,0.9836706966997675]
[81128,81122,1.0,0.9891356835907431]
[81128,81125,1.0,0.9857497729989186]
[73800,73794,1.0,0.9934144577469323]
[73800,73797,1.0,0.9934144577469323]
[98293,85322,1.0,0.4184930040808238]
[98293,98290,1.0,0.9927904021198166]
[128845,128842,1.0,0.9952227536000962]
[81134,81122,1.0,0.959052726149738]
[81134,81131,1.0,0.9242285339081081]
[81134,81125,1.0,0.9595511636503341]
[81134,81128,1.0,0.9222681517518678]
[73797,73794,1.0,0.9952227536000962]
[40774,40771,1.0,0.6992063352716533]
[54970,54955,1.0,0.9952227536000962]
[54970,54964,1.0,0.9867219049592438]
[54970,54958,1.0,0.9236879642735656]
[54970,54961,1.0,0.9889469435919268]
[110994,62058,1.0,0.4585849120275115]
[110994,87706,1.0,0.49344983850364144]
[110994,87703,1.0,0.45903143801565094]
[110994,51517,1.0,0.5124879920588086]
[112564,112561,1.0,0.9940528687790091]
[93972,8442,1.0,0.45106409065907355]
[101020,101017,1.0,0.9875265554811331]
[31500,31497,1.0,0.9891164748499857]
[72370,72367,1.0,0.9921136341340895]
[53654,53648,1.0,0.993172515220938]
[53654,53651,1.0,0.9923902445778636]
[109063,62058,1.0,0.4927476636270596]
[109063,26748,1.0,0.5429922560156308]
[109063,8442,1.0,0.4755744833627857]
[109063,109060,1.0,0.8581159896351788]
[109063,109057,1.0,0.8581159896351788]
[109063,87706,1.0,0.45260854210504825]
[109063,87703,1.0,0.47563867181374503]
[54964,54955,1.0,0.9867219049592438]
[54964,54958,1.0,0.8456739311228729]
[54964,54961,1.0,0.9715880022136211]
[32108,8442,1.0,0.6561459358303455]
[71859,62058,1.0,0.5079483039157465]
[71859,25904,1.0,0.4184038363184961]
[62058,8442,1.0,0.5221006530592304]
[62058,32423,1.0,0.40250900664701283]
[62058,32420,1.0,0.40250900664701283]
[112567,112564,1.0,0.9940528687790091]
[112567,112561,1.0,0.9952227536000962]
[112567,51517,1.0,0.4504886770304884]
[124117,8442,1.0,0.4514245222376231]
[107,101,1.0,0.9733201342502384]
[107,104,1.0,0.9177430807052835]
[60351,8442,1.0,0.5530063627092872]
[53657,53654,1.0,0.45945386767502344]
[53657,53648,1.0,0.6156852728128077]
[53657,53651,1.0,0.5305024715059333]
[53657,8442,1.0,0.6107899702707991]
[53657,48169,1.0,0.4784205065585565]
[60357,60351,1.0,0.9718531292187151]
[60357,8442,1.0,0.5530063627092872]
[60357,60354,1.0,0.9760168280322226]
[101023,101020,1.0,0.9661381238993457]
[101023,63278,1.0,0.48434011679441474]
[101023,101017,1.0,0.9952227536000962]
[26748,8442,1.0,0.6861043418501642]
[117396,63278,1.0,0.43202886386553113]
[54958,54955,1.0,0.9735258754439342]
[30449,8442,1.0,0.40804824877582146]
[53651,53648,1.0,0.992401980840966]
[80483,80477,1.0,0.994342093446844]
[40437,8442,1.0,0.6282542138296888]
[45972,8442,1.0,0.7206440548025494]
[51514,51511,1.0,0.872409268563264]
[109060,8442,1.0,0.5384588129641881]
[109060,109057,1.0,0.9900850340350941]
[54961,54955,1.0,0.9889469435919268]
[54961,54958,1.0,0.9032673234006812]
[94250,94247,1.0,0.9952227536000962]
[25901,25898,1.0,0.9916928888813668]
[109057,8442,1.0,0.5384588129641881]
[32423,32420,1.0,0.9873648998213097]
[104,101,1.0,0.9797608061294161]
[63278,53657,1.0,0.4424921301223292]
[63278,39627,1.0,0.41537239122917585]
[87706,8442,1.0,0.655935034927177]
[87706,32423,1.0,0.5037449433723394]
[87706,87703,1.0,0.9931800025570192]
[87706,32420,1.0,0.5037449433723394]
[60354,60351,1.0,0.9909196098134082]
[60354,8442,1.0,0.5530063627092872]
[80486,80483,1.0,0.9937616480304277]
[80486,80477,1.0,0.9947262821994]
[45981,8442,1.0,0.5882250788973632]
[45981,45972,1.0,0.9843761190763122]
[45981,45978,1.0,0.9843761190763122]
[45981,45975,1.0,0.9855011044013166]
[45978,8442,1.0,0.7206440548025494]
[45978,45972,1.0,0.9952227536000962]
[45978,45975,1.0,0.9945081630075626]
[87703,8442,1.0,0.6008735129920956]
[87703,32423,1.0,0.4569067197100272]
[87703,32420,1.0,0.4569067197100272]
[25904,25898,1.0,0.9877726362494229]
[25904,8442,1.0,0.5213168917332359]
[25904,25901,1.0,0.9803865462284124]
[45975,8442,1.0,0.7692586837192268]
[45975,45972,1.0,0.9931558375613116]
[20460,8442,1.0,0.6407605159201752]
[47271,8442,1.0,0.41909753778029246]
[51517,51511,1.0,0.9952227536000962]
[51517,8442,1.0,0.4802787486475388]
[51517,51514,1.0,0.9222753507031844]
[94253,94247,1.0,0.9811091937029458]
[94253,94250,1.0,0.9811091937029458]
[33690,33687,1.0,0.9889469435919268]
[82948,14529,1.0,0.5592731418047424]
[82948,16382,1.0,0.5185569966566393]
[3533,3530,1.0,0.968080824717938]
[14529,10202,1.0,0.5422111505701012]
[90193,90187,1.0,0.9935232542398809]
[90193,90190,1.0,0.9901623854781223]
[39912,39909,1.0,0.9877867605400884]
[10202,10199,1.0,0.9885383704106755]
[131736,90166,1.0,0.7515026092774629]
[131736,123855,1.0,0.4365675277840275]
[90166,90157,1.0,0.9952227536000962]
[90166,39664,1.0,0.41188373181651594]
[90166,90160,1.0,0.99320289711102]
[39915,39912,1.0,0.94606851994338]
[39915,39909,1.0,0.9757511232726572]
[3536,3533,1.0,0.9667629466578268]
[3536,3530,1.0,0.9938647243311929]
[86989,15747,1.0,0.7512956608305325]
[58262,33696,1.0,0.5075417988401911]
[58262,33699,1.0,0.5077188824772058]
[33696,33690,1.0,0.9829657237509579]
[33696,33693,1.0,0.9923958418221456]
[33696,33687,1.0,0.9923958418221456]
[121374,3533,1.0,0.4411624947594418]
[121374,86989,1.0,0.41518364288121723]
[90160,90157,1.0,0.9926016782709564]
[33693,33690,1.0,0.9889469435919268]
[33693,33687,1.0,0.9952227536000962]
[123855,121374,1.0,0.418811397854578]
[90190,90187,1.0,0.9895977645477224]
[33699,33690,1.0,0.9899044822325797]
[33699,33696,1.0,0.9935292479653834]
[33699,33693,1.0,0.9935292479653834]
[33699,33687,1.0,0.9935292479653834]
[20493,10202,1.0,0.44015065271045256]
[129414,14529,1.0,0.5731365328687034]
[129414,33696,1.0,0.42213928730391237]
[129295,129292,1.0,0.9798159852564696]
[106671,57990,1.0,0.6232380720834033]
[70056,70050,1.0,0.9739155994497749]
[70056,70053,1.0,0.9490953301897076]
[33741,7183,1.0,0.4836800548865411]
[15627,15624,1.0,0.8486358986993027]
[8092,8083,1.0,0.9899149084765397]
[8092,8089,1.0,0.9818360680083242]
[106519,45067,1.0,0.5325218723921177]
[110833,57990,1.0,0.452426837047523]
[102717,69429,1.0,0.46097298324439906]
[102717,9877,1.0,0.457844656889921]
[70053,70050,1.0,0.9919862890921488]
[67048,9877,1.0,0.4980511698505704]
[64190,57993,1.0,0.49079642315088257]
[64190,9877,1.0,0.42737949709163925]
[15630,15627,1.0,0.7064841151712754]
[15630,15624,1.0,0.9887769431140525]
[57993,38644,1.0,0.5075005753151969]
[57993,57990,1.0,0.727838293328286]
[57990,17430,1.0,0.5024940170256441]
[57990,29256,1.0,0.5944600420132741]
[8089,8083,1.0,0.9754727371961704]
[77234,77231,1.0,0.9825420607226506]
[77234,77228,1.0,0.9952227536000962]
[21916,21913,1.0,0.8652090034030813]
[128935,89730,1.0,0.5547629472213911]
[128935,51937,1.0,0.41678077577568884]
[21919,21916,1.0,0.8652090034030813]
[21919,21913,1.0,0.9952227536000962]
[108987,108984,1.0,0.9952227536000962]
[88220,88217,1.0,0.9830400796019292]
[108990,108984,1.0,0.9952227536000962]
[108990,108987,1.0,0.9952227536000962]
[77231,77228,1.0,0.9726015315516504]
[88223,88220,1.0,0.9851416936914847]
[88223,88217,1.0,0.9784863155672441]
[88226,88220,1.0,0.9873421244270917]
[88226,88217,1.0,0.9946572280446236]
[88226,88223,1.0,0.9901457747111068]
[100473,100470,1.0,0.9942417618294649]
[54592,54589,1.0,0.9946572280446236]
[55322,55313,1.0,0.9895050876632139]
[55322,55319,1.0,0.9178818453579277]
[55322,55316,1.0,0.9745849620983251]
[55319,55313,1.0,0.9258826332143453]
[55319,55316,1.0,0.8573364747546754]
[55316,55313,1.0,0.9877812743869288]
[109087,109084,1.0,0.9902913432757028]
[81623,54592,1.0,0.42115697956376785]
[81623,54589,1.0,0.4494273048611148]
[100470,42120,1.0,0.40240773328909873]
[100476,100473,1.0,0.9909090507141561]
[100476,100470,1.0,0.9822137368078706]
[132238,16711,1.0,0.4730687263249806]
[60101,60098,1.0,0.9660247109661907]
[93833,27543,1.0,0.476761468048735]
[112653,21250,1.0,0.4222873464963242]
[112653,59477,1.0,0.4012803542840712]
[112653,53385,1.0,0.5344694545508443]
[112653,21344,1.0,0.5333999877641383]
[112653,78351,1.0,0.4076913649331553]
[112653,15013,1.0,0.6650631024905396]
[112653,107016,1.0,0.43152816260364113]
[112653,21292,1.0,0.5669706491810705]
[112653,62988,1.0,0.5085909917159238]
[73009,49809,1.0,0.635008948344468]
[73009,27543,1.0,0.42397494343814646]
[52297,31951,1.0,0.40145485486507393]
[52297,21344,1.0,0.4302558626544678]
[72060,72057,1.0,0.9895147614263562]
[72060,72054,1.0,0.9952227536000962]
[72060,28452,1.0,0.46902464464792243]
[72057,72054,1.0,0.9895147614263562]
[72054,28452,1.0,0.43452638160896917]
[75014,52297,1.0,0.41899432977468054]
[75014,21344,1.0,0.4384356612258102]
[75014,27543,1.0,0.5232715941643551]
[78351,62988,1.0,0.4665057804669048]
[81963,81960,1.0,0.9918426894149314]
[69045,69042,1.0,0.9799263818444995]
[81969,81963,1.0,0.9126912421803041]
[81969,81966,1.0,0.8054114932565701]
[81969,81960,1.0,0.9001190847269113]
[81966,81963,1.0,0.9856052356404688]
[81966,81960,1.0,0.9872021338195044]
[72063,72060,1.0,0.9952227536000962]
[72063,72057,1.0,0.9895147614263562]
[72063,72054,1.0,0.9952227536000962]
[72063,28452,1.0,0.43452638160896917]
[62988,59477,1.0,0.5202552345044544]
[49202,49199,1.0,0.993172515220938]
[90341,3675,1.0,0.5351467188440967]
[75055,75052,1.0,0.9763521353178353]
[1200,1197,1.0,0.982474874366527]
[49205,49202,1.0,0.9793597332815782]
[49205,49199,1.0,0.9911228248782473]
[130698,90341,1.0,0.7241114755352588]
[130698,130695,1.0,0.963281561141821]
[68768,68765,1.0,0.8287105383517672]
[53542,53539,1.0,0.8883542717646244]
[85402,85399,1.0,0.9949181171750051]
[85405,85402,1.0,0.8645666338798431]
[85405,85399,1.0,0.8663939493843729]
[121780,56769,1.0,0.6571212758857046]
[113760,1504,1.0,0.6459257087443516]
[32569,32566,1.0,0.99133259848331]
[32569,32563,1.0,0.99133259848331]
[32566,1504,1.0,0.47433217231212194]
[32566,32563,1.0,0.9952227536000962]
[109218,32566,1.0,0.4056828788662117]
[8897,8894,1.0,0.9918426894149314]
[98965,98959,1.0,0.620583712788202]
[98965,98962,1.0,0.957109702721935]
[98968,98965,1.0,0.9585892887006373]
[98968,98959,1.0,0.4326667817370462]
[98968,98962,1.0,0.9317812105155863]
[18481,18478,1.0,0.9078591530487943]
[98962,98959,1.0,0.9952227536000962]
[131961,62630,1.0,0.40843283945755976]
[131961,131952,1.0,0.994754850866769]
[131961,131958,1.0,0.994754850866769]
[131961,131955,1.0,0.9896976780959446]
[131958,131952,1.0,0.9891381319389254]
[131958,131955,1.0,0.9801341697172176]
[106617,106611,1.0,0.939503494377654]
[106617,106614,1.0,0.8907030072859253]
[67830,67827,1.0,0.9929318100825512]
[112900,81999,1.0,0.4637172978870646]
[18490,18478,1.0,0.9944393446098015]
[18490,18481,1.0,0.8977097120311799]
[106614,106611,1.0,0.9845303044678939]
[24344,24341,1.0,0.9861464120448776]
[131955,131952,1.0,0.9905564682541387]
[65721,65718,1.0,0.9940614722313001]
[124683,124677,1.0,0.9898624221200137]
[124683,124680,1.0,0.9743143254881597]
[10794,10788,1.0,0.988848897645472]
[10794,10791,1.0,0.9764434510317435]
[41600,41594,1.0,0.9807545628295469]
[45081,10794,1.0,0.5023602534890655]
[45081,10791,1.0,0.534043933293979]
[45081,45078,1.0,0.9872021338195044]
[124680,124677,1.0,0.9778565224255544]
[114751,14000,1.0,0.4028641361555838]
[41603,41600,1.0,0.988119411407836]
[41603,41594,1.0,0.9952227536000962]
[68740,10794,1.0,0.535453190272781]
[68740,10791,1.0,0.5522693388795546]
[72614,68740,1.0,0.4528291053224903]
[66019,36888,1.0,0.41338975739063266]
[10791,10788,1.0,0.9891164748499857]
[65727,65721,1.0,0.9940614722313001]
[65727,65718,1.0,0.9952227536000962]
[97105,36888,1.0,0.624079888936018]
[13636,13633,1.0,0.46592205343549986]
[47800,24922,1.0,0.5024190939985371]
[32582,32579,1.0,0.941810335043302]
[47968,24922,1.0,0.44033122660917917]
[130999,30589,1.0,0.4067171737477079]
[130999,47800,1.0,0.7049466016876837]
[130999,17797,1.0,0.5202489974682218]
[130999,47968,1.0,0.4155657348399485]
[130999,24922,1.0,0.6850076132470558]
[130999,40620,1.0,0.6245913873020285]
[130999,55462,1.0,0.43660431645328535]
[130999,125149,1.0,0.43198487474206837]
[130999,74974,1.0,0.4724826649791922]
[40620,24922,1.0,0.44035222172739913]
[102190,33828,1.0,0.7307007414342459]
[51646,33828,1.0,0.6329249045381087]
[33828,12798,1.0,0.473571412115924]
[33828,16510,1.0,0.5298968352786602]
[122200,33828,1.0,0.41042021411127266]
[65484,51646,1.0,0.40059557512058486]
[65484,33828,1.0,0.5491081581592423]
[65484,45463,1.0,0.49141952142671674]
[98446,33828,1.0,0.4341849060771859]
[45463,33828,1.0,0.9146242398197939]
[45463,45403,1.0,0.7319028788106484]
[93931,93928,1.0,0.9905564682541387]
[27944,27938,1.0,0.945953406773421]
[27944,27941,1.0,0.945953406773421]
[74101,74089,1.0,0.9952227536000962]
[74101,74098,1.0,0.9901918127542898]
[74101,74095,1.0,0.979503437986557]
[74101,74092,1.0,0.9952227536000962]
[74098,74089,1.0,0.9901918127542898]
[74098,74095,1.0,0.961471184018102]
[74098,74092,1.0,0.9901918127542898]
[74095,74089,1.0,0.979503437986557]
[74095,74092,1.0,0.9595656569091517]
[27947,27944,1.0,0.9302539193449848]
[27947,27938,1.0,0.9950198389614197]
[27947,27941,1.0,0.9918663215635671]
[65802,46949,1.0,0.49357194250044734]
[74092,74089,1.0,0.9926278674655746]
[81336,56546,1.0,0.5126757025909364]
[97284,56546,1.0,0.5383971187636689]
[35763,35757,1.0,0.9945194946989725]
[35763,35760,1.0,0.9601085284714973]
[35760,35757,1.0,0.9144389199579225]
[27941,27938,1.0,0.992118598480181]
[36878,36875,1.0,0.993833290446873]
[97819,97816,1.0,0.9412846836964354]
[74840,74837,1.0,0.9903708178891621]
[77871,77865,1.0,0.9950198389614197]
[77871,77868,1.0,0.7862840968531923]
[78176,78173,1.0,0.9952227536000962]
[78176,29867,1.0,0.5377658861017719]
[78179,78176,1.0,0.5954454812974639]
[78179,78173,1.0,0.5954454812974639]
[77868,77865,1.0,0.7893966545301669]
[17647,17644,1.0,0.9935292479653834]
[86884,34334,1.0,0.401289632566367]
[18176,18170,1.0,0.9794028209043179]
[18176,18167,1.0,0.9884375416376]
[18170,18167,1.0,0.9808642806185759]
[84434,18176,1.0,0.5380034039582424]
[84434,18170,1.0,0.5270310311512484]
[84434,18167,1.0,0.5270310311512484]
[46292,46286,1.0,0.9918426894149314]
[46295,46292,1.0,0.9945658731879131]
[46295,46286,1.0,0.9952227536000962]
[46298,46292,1.0,0.9803144259308942]
[46298,46295,1.0,0.9801560840821602]
[46298,46286,1.0,0.9801560840821602]
[16823,16820,1.0,0.9946572280446236]
[16826,16820,1.0,0.9341370812736365]
[16826,16823,1.0,0.904030989648495]
[55194,55191,1.0,0.964778586573767]
[55194,55188,1.0,0.9919031889112758]
[55197,55194,1.0,0.9919031889112758]
[55197,55191,1.0,0.9906346661370171]
[55197,55188,1.0,0.9952227536000962]
[55191,55188,1.0,0.9825954260327752]
[122554,65248,1.0,0.5193507642315646]
[65962,65248,1.0,0.9269009982414891]
[33375,33372,1.0,0.9952227536000962]
[33378,33372,1.0,0.9862896724692194]
[33378,33375,1.0,0.9862896724692194]
[87768,87762,1.0,0.9575322097356108]
[87768,87765,1.0,0.8950792585494325]
[21571,12775,1.0,0.40836895072525004]
[89375,21571,1.0,0.43661685239687775]
[89375,89372,1.0,0.9867138121596928]
[87774,87768,1.0,0.916880365764329]
[87774,87762,1.0,0.916880365764329]
[87774,87771,1.0,0.916880365764329]
[87774,87765,1.0,0.8189614085249562]
[102925,69915,1.0,0.44853858255501916]
[69915,1692,1.0,0.6158474923938062]
[69915,1695,1.0,0.7323408576684887]
[1695,1692,1.0,0.9927742648919292]
[87777,87768,1.0,0.9148562728829605]
[87777,87774,1.0,0.9186928857144312]
[87777,87762,1.0,0.9881761805738833]
[87777,87771,1.0,0.9881761805738833]
[87777,87765,1.0,0.9758891530351933]
[87771,87768,1.0,0.9575322097356108]
[87771,87762,1.0,0.9952227536000962]
[87771,87765,1.0,0.9845973597794087]
[1239,1233,1.0,0.8522670509715659]
[1239,1236,1.0,0.979152792613606]
[1242,1239,1.0,0.8522670509715659]
[1242,1233,1.0,0.9952227536000962]
[1242,1236,1.0,0.967192187789375]
[1236,1233,1.0,0.967192187789375]
[87765,87762,1.0,0.9916716071081353]
[1245,1239,1.0,0.6581199758282705]
[1245,1233,1.0,0.9820028929972576]
[1245,1242,1.0,0.9820028929972576]
[1245,1236,1.0,0.9349914006937428]
[77549,77543,1.0,0.6420747319085868]
[77549,77546,1.0,0.9711612011408242]
[77549,77540,1.0,0.993984955328199]
[118057,118045,1.0,0.9946424279692275]
[118057,118048,1.0,0.992908698828297]
[118057,118054,1.0,0.9839880854429499]
[118057,118051,1.0,0.9946424279692275]
[22530,22527,1.0,0.9672082480059644]
[118048,7725,1.0,0.6811514595297136]
[118048,118045,1.0,0.994754850866769]
[78670,78667,1.0,0.9902570385699506]
[77543,77540,1.0,0.6420747319085868]
[77546,77543,1.0,0.5688826333980004]
[77546,77540,1.0,0.9767703952496025]
[118054,118045,1.0,0.9855703982211015]
[118054,118048,1.0,0.9823293934920126]
[118054,118051,1.0,0.9855703982211015]
[118051,118045,1.0,0.9952227536000962]
[118051,118048,1.0,0.9924304814665007]
[130900,7725,1.0,0.5891225624403884]
[124162,124156,1.0,0.9839840831540048]
[124162,124159,1.0,0.9634414102313107]
[124159,124156,1.0,0.9908724035422168]
[102210,58932,1.0,0.6090168727135887]
[71905,58932,1.0,0.5289093675280855]
[58932,58929,1.0,0.9754058175926124]
[58932,23443,1.0,0.659195027001346]
[119595,119589,1.0,0.9895147614263562]
[119595,119592,1.0,0.9089111844922158]
[38203,38200,1.0,0.6241422466740089]
[38206,38203,1.0,0.5821311139510063]
[38206,38200,1.0,0.9898093261063441]
[89816,89813,1.0,0.9935047841791984]
[127926,26804,1.0,0.4594345167101535]
[127926,127923,1.0,0.87242813041916]
[127926,127920,1.0,0.9608106543460972]
[89819,89816,1.0,0.9935047841791984]
[89819,89813,1.0,0.9952227536000962]
[127923,40173,1.0,0.5828003746888736]
[127923,13906,1.0,0.5501935097506416]
[127923,14276,1.0,0.4143775809199153]
[127923,39773,1.0,0.44365950329383674]
[127923,26804,1.0,0.48238653998339615]
[127923,114484,1.0,0.42287953725464594]
[127923,64677,1.0,0.42718144225283083]
[127923,45525,1.0,0.48422249089336356]
[127923,20618,1.0,0.4438401893412865]
[127923,114481,1.0,0.40281569303892856]
[127923,127920,1.0,0.9846124233178344]
[119598,119595,1.0,0.9895147614263562]
[119598,119589,1.0,0.9952227536000962]
[119598,119592,1.0,0.949316702340109]
[114484,114481,1.0,0.9830615457577477]
[114487,114484,1.0,0.9917669820706776]
[114487,114481,1.0,0.9949181171750051]
[64677,38203,1.0,0.44453907777130675]
[119592,119589,1.0,0.949316702340109]
[127920,40173,1.0,0.6517622913122414]
[127920,13906,1.0,0.5807279893088227]
[127920,39773,1.0,0.4712843112609819]
[127920,26804,1.0,0.5154721211956983]
[127920,114484,1.0,0.45656852608892023]
[127920,114487,1.0,0.4246424142165093]
[127920,64677,1.0,0.42981510180473204]
[127920,45525,1.0,0.48780069452383756]
[127920,47969,1.0,0.43708959368276223]
[127920,20618,1.0,0.461190046404047]
[127920,114481,1.0,0.4318065926419045]
[24266,24260,1.0,0.9937368886190622]
[24266,24263,1.0,0.9596161679896325]
[24263,24260,1.0,0.9676088499716309]
[65654,65645,1.0,0.9146472080091813]
[41650,23180,1.0,0.7269636873600501]
[110551,65082,1.0,0.5516323567514845]
[20715,20709,1.0,0.9627463547244807]
[20715,20712,1.0,0.9669176778043485]
[23180,19048,1.0,0.49072680890838893]
[23180,3561,1.0,0.4286132660083576]
[82640,82634,1.0,0.992711754540346]
[82640,82637,1.0,0.9575110773309754]
[54194,27355,1.0,0.5197253299864119]
[54194,14688,1.0,0.45096870078154155]
[65079,23180,1.0,0.42565979073661253]
[108394,54194,1.0,0.4460669171504098]
[82646,82640,1.0,0.9765431128820031]
[82646,82634,1.0,0.9946572280446236]
[82646,82637,1.0,0.9703746522200769]
[82646,82643,1.0,0.9753863799846062]
[53614,23180,1.0,0.4054279228434137]
[79177,23180,1.0,0.41049623936814617]
[72498,23180,1.0,0.6995687807126394]
[72498,53614,1.0,0.4573569794474414]
[72498,65082,1.0,0.5698750977506267]
[27355,14318,1.0,0.4409879236559924]
[64133,64127,1.0,0.9858742885718097]
[64133,64130,1.0,0.9874353363001832]
[121099,64100,1.0,0.42590152874115095]
[20712,20709,1.0,0.9850598788430402]
[82637,82634,1.0,0.9749155186410885]
[82643,82640,1.0,0.910343570304986]
[82643,82634,1.0,0.9774902676267908]
[82643,82637,1.0,0.869723834055393]
[65082,41650,1.0,0.5966116415776457]
[65082,19048,1.0,0.4523525634968912]
[65082,23180,1.0,0.42565979073661253]
[65082,65079,1.0,0.9790396849565433]
[62621,23180,1.0,0.4051390932041888]
[65085,23180,1.0,0.43263341138952094]
[65085,65079,1.0,0.9948899708847472]
[65085,65082,1.0,0.9777246658549029]
[125751,125748,1.0,0.9690859177404263]
[64130,64127,1.0,0.991273886931284]
[83751,44973,1.0,0.6090511171862459]
[38654,10811,1.0,0.40291062472819006]
[28810,28807,1.0,0.9799362073667021]
[44973,44970,1.0,0.6643542392659167]
[114094,114091,1.0,0.9804403297975982]
[114094,114085,1.0,0.9905564682541387]
[114094,114088,1.0,0.9905564682541387]
[117952,114097,1.0,0.5809810413590225]
[73503,73500,1.0,0.9944839100296186]
[114091,114085,1.0,0.9899899668414485]
[114091,114088,1.0,0.9899899668414485]
[96724,52583,1.0,0.42191958755752645]
[28234,10811,1.0,0.43836815266204876]
[63315,63309,1.0,0.9822886919462311]
[63315,63312,1.0,0.9820320120316298]
[63312,63309,1.0,0.9879563463247596]
[114088,114085,1.0,0.9952227536000962]
[114097,16450,1.0,0.5550056960535013]
[114097,114094,1.0,0.9905564682541387]
[114097,114091,1.0,0.9899899668414485]
[114097,114085,1.0,0.9952227536000962]
[114097,96724,1.0,0.5144832853336262]
[114097,114088,1.0,0.9952227536000962]
[114097,65761,1.0,0.6895219759301559]
[114097,41584,1.0,0.53187905587455]
[114097,26737,1.0,0.48997770889746883]
[114097,10811,1.0,0.7598340767220964]
[44976,44973,1.0,0.6081757953420883]
[44976,44970,1.0,0.99133259848331]
[65761,11120,1.0,0.49282524459451427]
[129565,129562,1.0,0.9661857209673015]
[48719,48716,1.0,0.9952227536000962]
[48719,44973,1.0,0.5104367483943665]
[71026,71023,1.0,0.9866235115001721]
[101116,6387,1.0,0.5349207557491552]
[101116,101113,1.0,0.9952227536000962]
[38607,38604,1.0,0.573621367057408]
[40665,40659,1.0,0.8624368626594539]
[40665,40662,1.0,0.8128682887487575]
[38613,38604,1.0,0.9290395457176137]
[101119,6387,1.0,0.5349207557491552]
[101119,101116,1.0,0.9070211231685509]
[101119,101113,1.0,0.9070211231685509]
[55552,55549,1.0,0.8099040668271175]
[40662,40659,1.0,0.9780859136545779]
[101113,6387,1.0,0.5349207557491552]
[115216,6387,1.0,0.46074877761849753]
[115216,89897,1.0,0.4383633659419726]
[115216,90519,1.0,0.6826884851228574]
[71029,71026,1.0,0.8932492086182945]
[71029,71023,1.0,0.9925282939886803]
[24034,121,1.0,0.682667214395903]
[103861,103855,1.0,0.9939115630013113]
[24037,24034,1.0,0.9159453947227791]
[24037,121,1.0,0.6866584132819701]
[58317,121,1.0,0.40507901651118455]
[130389,130386,1.0,0.981659156018156]
[50442,22404,1.0,0.5350145229953617]
[69926,69923,1.0,0.559943954481087]
[69926,69920,1.0,0.9681864433293123]
[49558,49552,1.0,0.9299091995804266]
[49558,49549,1.0,0.9585607370392283]
[49558,49546,1.0,0.9940396568789889]
[49558,49555,1.0,0.9923672802333737]
[117087,50442,1.0,0.6533092505131357]
[78130,78127,1.0,0.9369172734144056]
[72604,72601,1.0,0.9512544030659538]
[69923,69920,1.0,0.47551202144826904]
[59917,50442,1.0,0.5396361723182795]
[78136,78130,1.0,0.9509262303281921]
[78136,78133,1.0,0.7607310057057844]
[78136,78127,1.0,0.9952227536000962]
[49552,49549,1.0,0.9543266576066579]
[49552,49546,1.0,0.940922662811228]
[49549,49546,1.0,0.9650551594339999]
[49549,35891,1.0,0.4947947476670531]
[49549,16878,1.0,0.43349809727907174]
[4292,4289,1.0,0.9899137687927617]
[113734,49549,1.0,0.5501826516575236]
[113734,59221,1.0,0.4302089433489416]
[78133,78130,1.0,0.422950501216771]
[78133,78127,1.0,0.7607310057057844]
[100443,81645,1.0,0.49962924778671836]
[100443,59221,1.0,0.4341724234287581]
[117093,50442,1.0,0.5325111569098528]
[117093,117087,1.0,0.9891700284774299]
[117093,117090,1.0,0.9716699110891048]
[68900,64201,1.0,0.5211444271754095]
[118843,118840,1.0,0.9428680529186588]
[118843,113734,1.0,0.4421485571343009]
[118843,100443,1.0,0.40128945726676085]
[117090,50442,1.0,0.5922793888762702]
[117090,117087,1.0,0.9930676807585843]
[90264,90261,1.0,0.9906987952587589]
[90764,90761,1.0,0.9945194946989725]
[90764,90758,1.0,0.9945194946989725]
[88911,50442,1.0,0.5071438548942045]
[118846,118840,1.0,0.9952227536000962]
[118846,118843,1.0,0.9428680529186588]
[90761,90758,1.0,0.9952227536000962]
[49555,49552,1.0,0.9075583780086679]
[49555,49549,1.0,0.9414230472926576]
[49555,49546,1.0,0.9869031911789692]
[61155,61146,1.0,0.9935918569075104]
[61155,61152,1.0,0.9904492964306763]
[61155,61149,1.0,0.9313879456612241]
[34912,34909,1.0,0.9952227536000962]
[68321,68312,1.0,0.9680448936866214]
[68321,68318,1.0,0.9930676807585843]
[34915,34912,1.0,0.9925468645354409]
[34915,34909,1.0,0.9925468645354409]
[99150,94533,1.0,0.4522252437284835]
[99150,4563,1.0,0.4347321237815939]
[99150,15766,1.0,0.5089181308484659]
[99150,94527,1.0,0.4522252437284835]
[99150,46366,1.0,0.420339767537509]
[61152,61146,1.0,0.9758188842141734]
[61152,61149,1.0,0.7980904206516128]
[94536,94533,1.0,0.9517598820883694]
[94536,94527,1.0,0.9517598820883694]
[61149,61146,1.0,0.9367089032999752]
[94533,94527,1.0,0.9952227536000962]
[104347,104344,1.0,0.9850664189207757]
[4780,4777,1.0,0.9647821556016851]
[68318,68312,1.0,0.9952227536000962]
[108940,99150,1.0,0.4610869449349433]
[100234,29068,1.0,0.6454882193683555]
[28363,28360,1.0,0.980202448118756]
[98836,98824,1.0,0.9952227536000962]
[98836,98827,1.0,0.9927904021198166]
[98836,98833,1.0,0.9944393446098015]
[98836,98830,1.0,0.9952227536000962]
[91549,29068,1.0,0.6382180529116237]
[38017,29068,1.0,0.5558645276609379]
[39519,39513,1.0,0.983769206664096]
[39519,39516,1.0,0.9340552885233286]
[28366,28363,1.0,0.754277283813458]
[28366,28360,1.0,0.9044117060618605]
[98827,98824,1.0,0.9927904021198166]
[98833,98824,1.0,0.9910149508065733]
[98833,98827,1.0,0.9868199343827028]
[98833,98830,1.0,0.9670597192972445]
[83396,29068,1.0,0.612673974750751]
[60315,29068,1.0,0.49068317664877453]
[88235,15864,1.0,0.44722040869461344]
[39522,39513,1.0,0.9478454277938235]
[39522,39519,1.0,0.8764592103908664]
[39522,39516,1.0,0.8447241212852646]
[12144,12141,1.0,0.7566435641577535]
[42666,29068,1.0,0.5042142609812252]
[98830,98824,1.0,0.9936650057467088]
[98830,98827,1.0,0.9905992926112426]
[64234,29068,1.0,0.8071713374562852]
[110608,29068,1.0,0.5434444932618241]
[7505,7502,1.0,0.9820712619233469]
[63004,29068,1.0,0.6438442665141323]
[85330,29068,1.0,0.6625352209410195]
[39516,39513,1.0,0.9922323843947127]
[50820,50817,1.0,0.4697981611974688]
[50820,50814,1.0,0.9793606266275604]
[106869,81235,1.0,0.552679977063121]
[64583,64580,1.0,0.48698424443379784]
[50823,50820,1.0,0.9759915287607286]
[50823,50817,1.0,0.5153010998336365]
[50823,50814,1.0,0.9909251903137]
[64586,64580,1.0,0.9843294810965072]
[64586,64583,1.0,0.5413585759798988]
[111372,111366,1.0,0.9737013123362656]
[111372,111369,1.0,0.9703710604738018]
[50817,50814,1.0,0.6296416193996203]
[111369,111366,1.0,0.9876217069335742]
[60136,18843,1.0,0.40047849959764625]
[60136,60133,1.0,0.9877812743869288]
[60142,60136,1.0,0.9877812743869288]
[60142,60139,1.0,0.9734755597989879]
[60142,47402,1.0,0.5959291242306386]
[60142,60133,1.0,0.9952227536000962]
[60139,60136,1.0,0.9813128040934614]
[60139,60133,1.0,0.9895733869674641]
[17035,5277,1.0,0.4452708249570461]
[127753,9127,1.0,0.4733458594231071]
[127753,127750,1.0,0.9877726362494229]
[127753,5277,1.0,0.4979012408933119]
[9127,5277,1.0,0.560394671878463]
[127750,9127,1.0,0.4197116455689855]
[127750,5277,1.0,0.4979012408933119]
[50307,5277,1.0,0.4300977176783631]
[113491,17035,1.0,0.48840623072734796]
[105766,105763,1.0,0.9926680456172919]
[36044,36041,1.0,0.9699398729182622]
[36044,36038,1.0,0.9952227536000962]
[36041,36038,1.0,0.9699398729182622]
[25382,25376,1.0,0.9719891946129124]
[25382,25379,1.0,0.9188054185226261]
[54575,8349,1.0,0.4255162963600296]
[54575,8352,1.0,0.4161890695049816]
[8352,8349,1.0,0.9792496797013559]
[93874,93868,1.0,0.9885217737572487]
[93874,93871,1.0,0.9858476042083028]
[93871,93868,1.0,0.9927962471656973]
[53599,53596,1.0,0.9753086807364154]
[25379,25376,1.0,0.989242973665221]
[37207,37201,1.0,0.9952227536000962]
[16341,16332,1.0,0.9909196098134082]
[49522,49516,1.0,0.9861464120448776]
[49522,49519,1.0,0.9830682079723939]
[49519,49516,1.0,0.9940396568789889]
[47950,47947,1.0,0.9877726362494229]
[84897,84894,1.0,0.9936282955531263]
[109659,109656,1.0,0.9952227536000962]
[120033,120030,1.0,0.9675354677918705]
[73449,73446,1.0,0.9903852743795148]
[73452,73446,1.0,0.9891164748499857]
[73452,73449,1.0,0.9787562704775776]
[125170,125167,1.0,0.5790788681761234]
[125170,125161,1.0,0.8254601570622612]
[125170,125164,1.0,0.7836324823682858]
[125167,125161,1.0,0.9655456030037319]
[125167,125164,1.0,0.9877726362494229]
[125164,69635,1.0,0.4848455328481536]
[125164,25694,1.0,0.4206236096067094]
[125164,125161,1.0,0.9877726362494229]
[22397,22394,1.0,0.9852473946591458]
[31600,31597,1.0,0.9877070140089743]
[31600,31594,1.0,0.9938804711395797]
[17231,17225,1.0,0.9952227536000962]
[17231,17228,1.0,0.9675300905980481]
[124534,124531,1.0,0.9952227536000962]
[31597,31594,1.0,0.9944660782509854]
[17234,17231,1.0,0.9839393467470889]
[17234,17225,1.0,0.9839393467470889]
[17234,17228,1.0,0.9218077776058503]
[17228,17225,1.0,0.9675300905980481]
[17240,17231,1.0,0.9935758493441158]
[17240,17225,1.0,0.9935758493441158]
[17240,17234,1.0,0.9793569408239902]
[17240,17228,1.0,0.958610427259617]
[17240,17237,1.0,0.9435757433873435]
[40683,40680,1.0,0.9732948345564979]
[49170,49167,1.0,0.9149900629910732]
[73186,29176,1.0,0.5245363411232666]
[124540,124531,1.0,0.9952227536000962]
[124540,124534,1.0,0.9952227536000962]
[22403,22394,1.0,0.9947262821994]
[22403,22397,1.0,0.9867911303982251]
[40686,40683,1.0,0.9784905356095852]
[40686,40680,1.0,0.9898229635144897]
[17237,17231,1.0,0.9435757433873435]
[17237,17225,1.0,0.9435757433873435]
[17237,17234,1.0,0.881423176700018]
[17237,17228,1.0,0.7891799320027035]
[129798,129795,1.0,0.9952227536000962]
[129798,129792,1.0,0.7315064463321191]
[19769,19760,1.0,0.9927904021198166]
[19769,19766,1.0,0.9380981339155946]
[19769,19763,1.0,0.9750644239645974]
[36682,10636,1.0,0.43463950569507415]
[129795,129792,1.0,0.7315064463321191]
[19766,19760,1.0,0.9401557759138842]
[19766,19763,1.0,0.9278134448189319]
[19763,19760,1.0,0.975672783724717]
[91950,91947,1.0,0.9817324062821018]
[41488,29260,1.0,0.46698754106035845]
[117100,29260,1.0,0.5303524324853462]
[78470,29260,1.0,0.5893703283278472]
[92815,27300,1.0,0.45354730928490367]
[45400,29260,1.0,0.48022039488225393]
[71174,11000,1.0,0.4361303658799323]
[71174,29260,1.0,0.47968349290906326]
[86567,29260,1.0,0.43940589460434964]
[89161,29260,1.0,0.4208985407752251]
[41618,41612,1.0,0.9939734548566995]
[60836,29260,1.0,0.5289304168649824]
[99873,29260,1.0,0.43599147359180845]
[99738,10672,1.0,0.4109695025650323]
[99738,29260,1.0,0.40364885386010896]
[99738,16471,1.0,0.5728528866721171]
[95692,29260,1.0,0.5063273605641615]
[103030,29260,1.0,0.6437949686766973]
[86326,29260,1.0,0.7241303600819976]
[14927,14924,1.0,0.9933607062578763]
[48851,29260,1.0,0.4820589157067758]
[29260,4238,1.0,0.4276476584122485]
[29260,1524,1.0,0.5902894704020796]
[29260,10672,1.0,0.4845727808094669]
[29260,12950,1.0,0.42772552917618906]
[29260,1734,1.0,0.46939792976407196]
[29260,992,1.0,0.41429392030307416]
[29260,29235,1.0,0.42601035467762016]
[29260,11000,1.0,0.6404800773709283]
[29260,11962,1.0,0.4823950959075465]
[17792,3010,1.0,0.5742892370488056]
[50119,29260,1.0,0.4542325345124579]
[80154,80151,1.0,0.9822452422853544]
[47162,47159,1.0,0.9412959737882975]
[47162,47156,1.0,0.9687229047984929]
[47159,47156,1.0,0.9920695747282371]
[122832,122826,1.0,0.9699803810501308]
[40564,40561,1.0,0.9936734116065394]
[86644,31888,1.0,0.4288468359150607]
[86644,64665,1.0,0.4741088584093359]
[64665,16613,1.0,0.4324756450554493]
[4679,4676,1.0,0.590649545986684]
[109002,85604,1.0,0.4922923216639328]
[80473,80470,1.0,0.9942819304487751]
[32161,31888,1.0,0.46030398025202157]
[79842,79836,1.0,0.9885760590566527]
[79842,79839,1.0,0.9073285885742552]
[112971,31888,1.0,0.4963366820408992]
[85604,4679,1.0,0.4012257766534462]
[79839,79836,1.0,0.9447283521029899]
[102414,89413,1.0,0.40004124330685537]
[58365,56313,1.0,0.4185048669266315]
[118143,118137,1.0,0.9952227536000962]
[118143,118140,1.0,0.9542924542489226]
[103494,79030,1.0,0.4293591799068917]
[103494,56313,1.0,0.7833010479966052]
[79030,58365,1.0,0.5701828106495195]
[79030,39379,1.0,0.558059523642401]
[79030,45732,1.0,0.4240837351127858]
[79030,56313,1.0,0.8236463281722405]
[93371,87351,1.0,0.4650488387296636]
[78683,74546,1.0,0.41138468077653356]
[78683,56313,1.0,0.46974575678962793]
[118137,103494,1.0,0.6152315887347591]
[118137,4633,1.0,0.4988157540386057]
[118137,89413,1.0,0.4410091314498999]
[87351,40984,1.0,0.4262305239178121]
[87351,54531,1.0,0.4688682078406154]
[87351,56313,1.0,0.44305150468010657]
[113538,56313,1.0,0.5096417301133744]
[118140,103494,1.0,0.5561076927799937]
[118140,4633,1.0,0.4533220966867278]
[118140,89413,1.0,0.4964712894348461]
[118140,118137,1.0,0.9542924542489226]
[130765,87351,1.0,0.4103775799375429]
[65523,65520,1.0,0.9775314338252544]
[65529,65523,1.0,0.9637650426581975]
[65529,65520,1.0,0.9913390224778221]
[65529,65526,1.0,0.9624947160620201]
[65526,65523,1.0,0.9179488708799469]
[65526,65520,1.0,0.9611038897081189]
[56313,44923,1.0,0.41812261954735763]
[56313,4633,1.0,0.42118445770369156]
[56313,39379,1.0,0.4591047882277173]
[106656,79030,1.0,0.5135684205596465]
[106656,56313,1.0,0.470800538765913]
[110593,87351,1.0,0.46829025755408604]
[86373,70501,1.0,0.646239479751073]
[86373,3609,1.0,0.5510009228249224]
[76742,76739,1.0,0.9911528110511098]
[86379,70501,1.0,0.646239479751073]
[86379,86373,1.0,0.9933550320030448]
[86379,3609,1.0,0.5510009228249224]
[86379,86376,1.0,0.9931051726153033]
[86376,70501,1.0,0.646239479751073]
[86376,86373,1.0,0.9885533974006622]
[86376,3609,1.0,0.5088362912197113]
[33026,25664,1.0,0.5161469723858401]
[84988,20657,1.0,0.441865401114453]
[25664,20253,1.0,0.41293663561452937]
[6856,6853,1.0,0.9877726362494229]
[91409,91403,1.0,0.9894023705984241]
[91409,91406,1.0,0.9894023705984241]
[91409,91400,1.0,0.9894023705984241]
[108094,108091,1.0,0.9944038921919651]
[46665,46662,1.0,0.9803194608820764]
[122122,108091,1.0,0.48654748498916217]
[122122,108094,1.0,0.4841719921781638]
[91403,91400,1.0,0.9952227536000962]
[91406,91403,1.0,0.9952227536000962]
[91406,91400,1.0,0.9952227536000962]
[87502,87499,1.0,0.9905564682541387]
[87502,87496,1.0,0.9905564682541387]
[122919,122913,1.0,0.9823774715070857]
[122919,122916,1.0,0.9417895801459196]
[6859,6856,1.0,0.9661324748088922]
[6859,6853,1.0,0.9851588234441485]
[87499,87496,1.0,0.9952227536000962]
[122916,122913,1.0,0.9814778242936026]
[91904,91901,1.0,0.9563981400250138]
[1822,1819,1.0,0.9528590660688346]
[66594,66591,1.0,0.8127985705448884]
[116418,94078,1.0,0.43881195497905673]
[119548,119545,1.0,0.9918781347604505]
[63220,42228,1.0,0.6404897117169129]
[63220,52174,1.0,0.4116291035505356]
[63220,44877,1.0,0.41228942810252617]
[71535,42228,1.0,0.6624554228004818]
[71535,52174,1.0,0.5219448464922428]
[1825,1822,1.0,0.9630863828977548]
[1825,1819,1.0,0.9917174942898525]
[66597,66591,1.0,0.6468023289322067]
[125938,116418,1.0,0.6320189583167177]
[125938,71535,1.0,0.5296832386763881]
